outdir <- "/data/sserbin/Modeling/FATES/output/"
start_date <- '2004-01-01 00:00:00'
end_date <- '2005-12-31 00:00:00'
sitelat <- 42.56341
sitelon <- 289.1853
year <- "2004"