"year","cohort_index","mineral","fast","slow","root","vol","nonRootVol","cumVol","inputYrs","omPackingDensity","mineralPackingDensity"
1928,53,0.0115438072833821,0.0451447964102653,0.0451447964102653,0,0.910591799727561,0,0,1,0.1,1.5
1928,52,0.230876145667642,0.000456008044548135,0.901948487636384,0.0440251968676074,9.80689377107737,9.17796238725441,9.80689377107737,20,0.1,1.5
1928,51,0.230876145667642,0.0109841342069853,0.911130437542438,0.0317812301219988,9.82908072111074,18.5530255351937,19.6359744921881,20,0.1,1.5
1928,50,0.230876145667642,0.0093883100383671,1.12707724251344,0.0218649670680044,11.8309296283633,30.071598491157,31.4669041205514,20,0.1,1.5
1928,49,0.230876145667642,0.00506108139234845,1.30588625934477,0.00465681113899087,13.3299167112304,43.3349893289732,44.7968208317818,20,0.1,1.5
1928,48,0.230876145667642,0.00040336267244206,1.39791587346973,0,14.1371097918668,57.47209912084,58.9339306236486,20,0.1,1.5
1928,47,0.230876145667642,3.56754758476503e-06,1.40182654664456,0,14.1722185723666,71.6443176932066,73.1061491960152,20,0.1,1.5
1928,46,0.230876145667642,3.56754758476507e-46,1.39902555542431,0,14.1441729846882,85.7884906778949,87.2503221807034,20,0.1,1.5
1928,45,0.230876145667642,3.56754758476512e-86,1.39623016086781,0,14.1162190391232,99.904709717018,101.366541219827,20,0.1,1.5
1928,44,0.230876145667642,3.56754758476516e-126,1.39344035179235,0,14.0883209483686,113.993030665387,115.454862168195,20,0.1,1.5
1928,43,0.230876145667642,3.56754758476521e-166,1.39065611703759,0,14.060478600821,128.053509266208,129.515340769016,20,0.1,1.5
1928,42,0.230876145667642,3.56754758476525e-206,1.38787744546546,0,14.0326918850997,142.086201151307,143.548032654116,20,0.1,1.5
1928,41,0.230876145667642,3.5675475847653e-246,1.38510432596017,0,14.0049606900468,156.091161841354,157.552993344163,20,0.1,1.5
1928,40,0.230876145667642,3.56754758476534e-286,1.38233674742812,0,13.9772849047263,170.06844674608,171.530278248889,20,0.1,1.5
1928,39,0.230876145667642,0,1.37957469879789,0,13.949664418424,184.018111164504,185.479942667313,20,0.1,1.5
1928,38,0.230876145667642,0,1.37681816902017,0,13.9220991206468,197.940210285151,199.40204178796,20,0.1,1.5
1928,37,0.230876145667642,0,1.37406714706775,0,13.8945889011226,211.834799186274,213.296630689082,20,0.1,1.5
1928,36,0.230876145667642,0,1.37132162193542,0,13.8671336497993,225.701932836073,227.163764338882,20,0.1,1.5
1928,35,0.230876145667642,0,1.36858158263999,0,13.839733256845,239.541666092918,241.003497595727,20,0.1,1.5
1928,34,0.230876145667642,0,1.3658470182202,0,13.8123876126471,253.354053705565,254.815885208374,20,0.1,1.5
1928,33,0.230876145667642,0,1.36311791773669,0,13.785096607812,267.139150313377,268.600981816186,20,0.1,1.5
1928,32,0.230876145667642,0,1.36039427027197,0,13.7578601331647,280.897010446542,282.358841949351,20,0.1,1.5
1928,31,0.230876145667642,0,1.35767606493034,0,13.7306780797485,294.62768852629,296.089520029099,20,0.1,1.5
1928,30,0.230876145667642,0,1.35496329083791,0,13.7035503388242,308.331238865115,309.793070367923,20,0.1,1.5
1928,29,0.230876145667642,0,1.35225593714249,0,13.67647680187,322.007715666985,323.469547169793,20,0.1,1.5
1928,28,0.230876145667642,0,1.34955399301357,0,13.6494573605808,335.657173027566,337.119004530374,20,0.1,1.5
1928,27,0.230876145667642,0,1.34685744764229,0,13.622491906868,349.279664934434,350.741496437242,20,0.1,1.5
1928,26,0.230876145667642,0,1.34416629024139,0,13.595580332859,362.875245267293,364.337076770101,20,0.1,1.5
1928,25,0.230876145667642,0,1.34148051004516,0,13.5687225308967,376.443967798189,377.905799300998,20,0.1,1.5
1928,24,0.230876145667642,0,1.3388000963094,0,13.5419183935391,389.985886191729,391.447717694537,20,0.1,1.5
1928,23,0.230876145667642,0,1.33612503831138,0,13.5151678135589,403.501054005288,404.962885508096,20,0.1,1.5
1928,22,0.230876145667642,0,1.3334553253498,0,13.4884706839431,416.989524689231,418.451356192039,20,0.1,1.5
1928,21,0.230876145667642,0,1.33079094674472,0,13.4618268978923,430.451351587123,431.913183089931,20,0.1,1.5
1928,20,0.230876145667642,0,1.32813189183758,0,13.4352363488209,443.886587935944,445.348419438752,20,0.1,1.5
1928,19,0.230876145667642,0,1.32547814999107,0,13.4086989303558,457.2952868663,458.757118369108,20,0.1,1.5
1928,18,0.230876145667642,0,1.32282971058917,0,13.3822145363368,470.677501402636,472.139332905445,20,0.1,1.5
1928,17,0.230876145667642,0,1.32018656303706,0,13.3557830608157,484.033284463452,485.49511596626,20,0.1,1.5
1928,16,0.230876145667642,0,1.31754869676108,0,13.3294043980559,497.362688861508,498.824520364316,20,0.1,1.5
1928,15,0.230876145667642,0,1.31491610120871,0,13.3030784425322,510.66576730404,512.127598806848,20,0.1,1.5
1928,14,0.230876145667642,0,1.31228876584852,0,13.2768050889303,523.942572392971,525.404403895779,20,0.1,1.5
1928,13,0.230876145667642,0,1.30966668017011,0,13.2505842321461,537.193156625117,538.654988127925,20,0.1,1.5
1928,12,0.230876145667642,0,1.30704983368407,0,13.2244157672858,550.417572392402,551.879403895211,20,0.1,1.5
1928,11,0.230876145667642,0,1.30443821592198,0,13.1982995896649,563.615871982067,565.077703484876,20,0.1,1.5
1928,10,0.230876145667642,0,1.30183181643632,0,13.1722355948083,576.788107576876,578.249939079684,20,0.1,1.5
1928,9,0.230876145667642,0,1.29923062480044,0,13.1462236784495,589.934331255325,591.396162758133,20,0.1,1.5
1928,8,0.230876145667642,0,1.29663463060854,0,13.1202637365305,603.054594991856,604.516426494664,20,0.1,1.5
1928,7,0.230876145667642,0,1.29404382347558,0,13.0943556652009,616.148950657056,617.610782159865,20,0.1,1.5
1928,6,0.230876145667642,0,1.29145819303731,0,13.0684993608182,629.217450017875,630.679281520683,20,0.1,1.5
1928,5,0.230876145667642,0,1.28887772895017,0,13.0426947199468,642.260144737821,643.72197624063,20,0.1,1.5
1928,4,0.230876145667642,0,1.28630242089126,0,13.0169416393577,655.277086377179,656.738917879988,20,0.1,1.5
1928,3,0.230876145667642,0,1.28373225855831,0,12.9912400160282,668.268326393207,669.730157896016,20,0.1,1.5
1928,2,0.0115438072833821,0,0.000545475552488329,0,0.013150627047138,668.281477020254,669.743308523063,1,0.1,1.5
1928,1,150,0,1.29605112541422,0,112.960511254142,781.241988274396,782.703819777205,99999,0.1,1.5
1929,54,0.0137134382863921,0.0451447964102653,0.0451447964102653,0,0.912038220396235,0,0,1,0.1,1.5
1929,53,0.0115438072833821,0.000451447964102653,0.0451402819306243,0.00252388289103682,0.499668640341479,0.463613170469524,0.499668640341479,1,0.1,1.5
1929,52,0.230876145667642,0.0110108592973473,0.912864592004522,0.0439151540250226,10.0200312866784,9.85628511393331,10.5196999270199,20,0.1,1.5
1929,51,0.230876145667642,0.00805514887256955,0.918984632029184,0.0307693510225065,9.863877396927,19.2806003533959,20.3835773239469,20,0.1,1.5
1929,50,0.230876145667642,0.00556012486738476,1.13243077655619,0.0205948024230396,11.8280379078672,30.8144267980768,32.211615231814,20,0.1,1.5
1929,49,0.230876145667642,0.0012148135986712,1.30691987350358,0.00385401113201347,13.2903216033535,44.0496910995444,45.5019368351676,20,0.1,1.5
1929,48,0.230876145667642,4.0336267244206e-06,1.39777608188239,0,14.1317185855362,58.1814096850806,59.6336554207038,20,0.1,1.5
1929,47,0.230876145667642,3.56754758476503e-08,1.4016863639899,0,14.1707814270989,72.3521911121795,73.8044368478026,20,0.1,1.5
1929,46,0.230876145667642,3.56754758476508e-48,1.39888565286877,0,14.1427739591328,86.4949650713123,87.9472108069354,20,0.1,1.5
1929,45,0.230876145667642,3.56754758476512e-88,1.39609053785172,0,14.1148228089623,100.609787880275,102.062033615898,20,0.1,1.5
1929,44,0.230876145667642,3.56754758476517e-128,1.39330100775717,0,14.0869275080168,114.696715388291,116.148961123915,20,0.1,1.5
1929,43,0.230876145667642,3.56754758476521e-168,1.39051705142588,0,14.0590879447039,128.755803332995,130.208049068618,20,0.1,1.5
1929,42,0.230876145667642,3.56754758476526e-208,1.38773865772091,0,14.0313040076542,142.78710734065,144.239353076273,20,0.1,1.5
1929,41,0.230876145667642,3.5675475847653e-248,1.38496581552757,0,14.0035755857208,156.79068292637,158.242928661994,20,0.1,1.5
1929,40,0.230876145667642,3.56754758476535e-288,1.38219851375338,0,13.9759025679789,170.766585494349,172.218831229972,20,0.1,1.5
1929,39,0.230876145667642,0,1.37943674132801,0,13.9482848437252,184.714870338074,186.167116073698,20,0.1,1.5
1929,38,0.230876145667642,0,1.37668048720327,0,13.9207223024778,198.635592640552,200.087838376175,20,0.1,1.5
1929,37,0.230876145667642,0,1.37392974035304,0,13.8932148339755,212.528807474528,213.981053210151,20,0.1,1.5
1929,36,0.230876145667642,0,1.37118448977323,0,13.8657623281774,226.394569802705,227.846815538328,20,0.1,1.5
1929,35,0.230876145667642,0,1.36844472448173,0,13.8383646752624,240.232934477968,241.685180213591,20,0.1,1.5
1929,34,0.230876145667642,0,1.36571043351838,0,13.8110217656289,254.043956243596,255.49620197922,20,0.1,1.5
1929,33,0.230876145667642,0,1.36298160594492,0,13.7837334898942,267.827689733491,269.279935469114,20,0.1,1.5
1929,32,0.230876145667642,0,1.36025823084494,0,13.7564997388945,281.584189472385,283.036435208008,20,0.1,1.5
1929,31,0.230876145667642,0,1.35754029732385,0,13.7293204036836,295.313509876069,296.765755611692,20,0.1,1.5
1929,30,0.230876145667642,0,1.35482779450883,0,13.7021953755334,309.015705251602,310.467950987225,20,0.1,1.5
1929,29,0.230876145667642,0,1.35212071154878,0,13.6751245459329,322.690829797535,324.143075533158,20,0.1,1.5
1929,28,0.230876145667642,0,1.34941903761427,0,13.6481078065878,336.338937604123,337.791183339746,20,0.1,1.5
1929,27,0.230876145667642,0,1.34672276189753,0,13.6211450494204,349.960082653543,351.412328389166,20,0.1,1.5
1929,26,0.230876145667642,0,1.34403187361237,0,13.5942361665688,363.554318820112,365.006564555735,20,0.1,1.5
1929,25,0.230876145667642,0,1.34134636199416,0,13.5673810503867,377.121699870499,378.573945606122,20,0.1,1.5
1929,24,0.230876145667642,0,1.33866621629977,0,13.5405795934428,390.662279463942,392.114525199565,20,0.1,1.5
1929,23,0.230876145667642,0,1.33599142580755,0,13.5138316885206,404.176111152462,405.628356888085,20,0.1,1.5
1929,22,0.230876145667642,0,1.33332197981726,0,13.4871372286177,417.66324838108,419.115494116703,20,0.1,1.5
1929,21,0.230876145667642,0,1.33065786765005,0,13.4604961069456,431.123744488026,432.575990223648,20,0.1,1.5
1929,20,0.230876145667642,0,1.32799907864839,0,13.433908216929,444.557652704955,446.009898440577,20,0.1,1.5
1929,19,0.230876145667642,0,1.32534560217607,0,13.4073734522058,457.965026157161,459.417271892783,20,0.1,1.5
1929,18,0.230876145667642,0,1.32269742761811,0,13.3808917066262,471.345917863787,472.798163599409,20,0.1,1.5
1929,17,0.230876145667642,0,1.32005454438075,0,13.3544628742526,484.70038073804,486.152626473662,20,0.1,1.5
1929,16,0.230876145667642,0,1.3174169418914,0,13.3280868493591,498.028467587399,499.480713323021,20,0.1,1.5
1929,15,0.230876145667642,0,1.31478460959859,0,13.301763526431,511.33023111383,512.782476849452,20,0.1,1.5
1929,14,0.230876145667642,0,1.31215753697194,0,13.2754928001645,524.605723913994,526.057969649617,20,0.1,1.5
1929,13,0.230876145667642,0,1.30953571350209,0,13.249274565466,537.85499847946,539.307244215083,20,0.1,1.5
1929,12,0.230876145667642,0,1.3069191287007,0,13.2231087174521,551.078107196912,552.530352932535,20,0.1,1.5
1929,11,0.230876145667642,0,1.30430777210039,0,13.196995151449,564.275102348361,565.727348083984,20,0.1,1.5
1929,10,0.230876145667642,0,1.30170163325468,0,13.1709337629919,577.446036111353,578.898281846975,20,0.1,1.5
1929,9,0.230876145667642,0,1.29910070173796,0,13.1449244478247,590.590960559178,592.0432062948,20,0.1,1.5
1929,8,0.230876145667642,0,1.29650496714548,0,13.1189671018999,603.709927661077,605.1621733967,20,0.1,1.5
1929,7,0.230876145667642,0,1.29391441909324,0,13.0930616213774,616.802989282455,618.255235018078,20,0.1,1.5
1929,6,0.230876145667642,0,1.29132904721801,0,13.0672079026252,629.87019718508,631.322442920703,20,0.1,1.5
1929,5,0.230876145667642,0,1.28874884117727,0,13.0414058422178,642.911603027298,644.363848762921,20,0.1,1.5
1929,4,0.230876145667642,0,1.28617379064917,0,13.0156553369368,655.927258364234,657.379504099858,20,0.1,1.5
1929,3,0.230876145667642,0,1.28360388533246,0,12.9899562837697,668.917214648004,670.369460383627,20,0.1,1.5
1929,2,0.0115438072833821,0,0.00054542100493308,0,0.0131500815715855,668.930364729576,670.382610465199,1,0.1,1.5
1929,1,150,0,1.29592152030168,0,112.959215203017,781.889579932593,783.341825668216,99999,0.1,1.5
1930,55,0.0139511180168428,0.0448487653648319,0.0448487653648319,0,0.9062760526412,0,0,1,0.1,1.5
1930,54,0.0137134382863921,0.000451447964102653,0.0451402819306243,0.00252973377206949,0.501198645024905,0.465059591138198,0.501198645024905,1,0.1,1.5
1930,53,0.0115438072833821,0.000635485202400232,0.0457667386251904,0.00253088760034081,0.507873646945887,0.936777700936359,1.00907229197079,1,0.1,1.5
1930,52,0.230876145667642,0.0110888970992291,0.923752094051577,0.0436226083396549,10.1255074610911,10.4391050428895,11.1345797530619,20,0.1,1.5
1930,51,0.230876145667642,0.00777288924435233,0.926585071321608,0.0301313012697644,9.92794419710133,19.9366020789942,21.0625239501632,20,0.1,1.5
1930,50,0.230876145667642,0.00520430185443374,1.1374662340843,0.0195894149099455,11.8604715742602,31.5172248688266,32.9229955244234,20,0.1,1.5
1930,49,0.230876145667642,0.00097565091899008,1.30775268429924,0.00317982551870987,13.2866268614661,44.758425651454,46.2096223858895,20,0.1,1.5
1930,48,0.230876145667642,4.0336267244206e-08,1.3976363042742,0,14.1302808765497,58.8887065280037,60.3399032624392,20,0.1,1.5
1930,47,0.230876145667642,3.56754758476503e-10,1.4015461953535,0,14.1693793875477,73.0580859155514,74.5092826499869,20,0.1,1.5
1930,46,0.230876145667642,3.56754758476508e-50,1.39874576430348,0,14.1413750734799,87.1994609890313,88.6506577234668,20,0.1,1.5
1930,45,0.230876145667642,3.56754758476512e-90,1.39595092879793,0,14.1134267184244,101.312887707456,102.764084441891,20,0.1,1.5
1930,44,0.230876145667642,3.56754758476517e-130,1.3931616776564,0,14.0855342070091,115.398421914465,116.8496186489,20,0.1,1.5
1930,43,0.230876145667642,3.56754758476521e-170,1.39037799972074,0,14.0576974276525,129.456119342117,130.907316076553,20,0.1,1.5
1930,42,0.230876145667642,3.56754758476526e-210,1.38759988385514,0,14.0299162689965,143.486035611114,144.937232345549,20,0.1,1.5
1930,41,0.230876145667642,3.5675475847653e-250,1.38482731894602,0,14.0021906199053,157.488226231019,158.939422965455,20,0.1,1.5
1930,40,0.230876145667642,3.56754758476535e-290,1.382060293902,0,13.9745203694651,171.462746600484,172.91394333492,20,0.1,1.5
1930,39,0.230876145667642,0,1.37929879765388,0,13.9469054069839,185.409652007468,186.860848741904,20,0.1,1.5
1930,38,0.230876145667642,0,1.37654281915455,0,13.9193456219906,199.328997629459,200.780194363894,20,0.1,1.5
1930,37,0.230876145667642,0,1.37379234737901,0,13.8918409042352,213.220838533694,214.672035268129,20,0.1,1.5
1930,36,0.230876145667642,0,1.37104737132425,0,13.8643911436876,227.085229677381,228.536426411817,20,0.1,1.5
1930,35,0.230876145667642,0,1.36830788000928,0,13.8369962305379,240.922225907919,242.373422642355,20,0.1,1.5
1930,34,0.230876145667642,0,1.36557386247503,0,13.8096560551953,254.731881963115,256.18307869755,20,0.1,1.5
1930,33,0.230876145667642,0,1.36284530778432,0,13.7823705082883,268.514252471403,269.965449205839,20,0.1,1.5
1930,32,0.230876145667642,0,1.36012220502185,0,13.7551394806636,282.269391952067,283.720588686502,20,0.1,1.5
1930,31,0.230876145667642,0,1.35740454329412,0,13.7279628633863,295.997354815453,297.448551549888,20,0.1,1.5
1930,30,0.230876145667642,0,1.35469231172938,0,13.7008405477389,309.698195363192,311.149392097627,20,0.1,1.5
1930,29,0.230876145667642,0,1.35198549947762,0,13.6737724252213,323.371967788413,324.823164522849,20,0.1,1.5
1930,28,0.230876145667642,0,1.34928409571051,0,13.6467583875502,337.018726175963,338.469922910399,20,0.1,1.5
1930,27,0.230876145667642,0,1.34658808962134,0,13.6197983266585,350.638524502622,352.089721237057,20,0.1,1.5
1930,26,0.230876145667642,0,1.34389747042501,0,13.5928921346952,364.231416637317,365.682613371752,20,0.1,1.5
1930,25,0.230876145667642,0,1.34121222735796,0,13.5660397040247,377.797456341342,379.248653075777,20,0.1,1.5
1930,24,0.230876145667642,0,1.33853234967814,0,13.5392409272265,391.336697268568,392.787894003004,20,0.1,1.5
1930,23,0.230876145667642,0,1.33585782666497,0,13.5124956970948,404.849192965663,406.300389700098,20,0.1,1.5
1930,22,0.230876145667642,0,1.33318864761928,0,13.4858039066379,418.334996872301,419.786193606736,20,0.1,1.5
1930,21,0.230876145667642,0,1.33052480186328,0,13.4591654490779,431.794162321379,433.245359055814,20,0.1,1.5
1930,20,0.230876145667642,0,1.32786627874053,0,13.4325802178504,445.22674253923,446.677939273665,20,0.1,1.5
1930,19,0.230876145667642,0,1.32521306761585,0,13.4060481066036,458.632790645833,460.083987380268,20,0.1,1.5
1930,18,0.230876145667642,0,1.32256515787535,0,13.3795690091986,472.012359655032,473.463556389467,20,0.1,1.5
1930,17,0.230876145667642,0,1.31992253892631,0,13.3531428197082,485.36550247474,486.816699209175,20,0.1,1.5
1930,16,0.230876145667642,0,1.31728520019721,0,13.3267694324172,498.692271907157,500.143468641592,20,0.1,1.5
1930,15,0.230876145667642,0,1.31465313113763,0,13.3004487418214,511.992720648979,513.443917383414,20,0.1,1.5
1930,14,0.230876145667642,0,1.31202632121824,0,13.2741806426275,525.266901291606,526.718098026041,20,0.1,1.5
1930,13,0.230876145667642,0,1.30940475993074,0,13.2479650297525,538.514866321359,539.966063055794,20,0.1,1.5
1930,12,0.230876145667642,0,1.30678843678783,0,13.2218017983234,551.736668119682,553.187864854117,20,0.1,1.5
1930,11,0.230876145667642,0,1.30417734132318,0,13.1956908436769,564.932358963359,566.383555697794,20,0.1,1.5
1930,10,0.230876145667642,0,1.30157146309135,0,13.1696320613586,578.101991024717,579.553187759153,20,0.1,1.5
1930,9,0.230876145667642,0,1.29897079166779,0,13.143625347123,591.24561637184,592.696813106276,20,0.1,1.5
1930,8,0.230876145667642,0,1.29637531664876,0,13.1176705969327,604.363286968773,605.814483703208,20,0.1,1.5
1930,7,0.230876145667642,0,1.29378502765133,0,13.0917677069584,617.455054675732,618.906251410167,20,0.1,1.5
1930,6,0.230876145667642,0,1.29119991431329,0,13.065916573578,630.52097124931,631.972167983745,20,0.1,1.5
1930,5,0.230876145667642,0,1.28861996629316,0,13.0401170933767,643.561088342686,645.012285077121,20,0.1,1.5
1930,4,0.230876145667642,0,1.2860451732701,0,13.0143691631461,656.575457505832,658.026654240267,20,0.1,1.5
1930,3,0.230876145667642,0,1.28347552494392,0,12.9886726798843,669.564130185716,671.015326920152,20,0.1,1.5
1930,2,0.0115438072833821,0,0.000545366462832587,0,0.0131495361505806,669.577279721867,671.028476456302,1,0.1,1.5
1930,1,150,0,1.29579192814965,0,112.957919281496,782.535199003364,783.986395737799,99999,0.1,1.5
1931,56,0.0141281581999049,0.0448163697399199,0.0448163697399199,0,0.905746166931667,0,0,1,0.1,1.5
1931,55,0.0139511180168428,0.000448487653648319,0.0448442804882954,0.00251297929594815,0.49812813099183,0.462228426763999,0.49812813099183,1,0.1,1.5
1931,54,0.0137134382863921,0.0006369479226584,0.0457682013454486,0.00253749261706034,0.509443679401432,0.935422211635998,1.00757181039326,1,0.1,1.5
1931,53,0.0115438072833821,0.000639076752109204,0.0463948838514131,0.00252750304961741,0.514142663980584,1.41345768919348,1.52171447437385,1,0.1,1.5
1931,52,0.230876145667642,0.011016541055906,0.934565370927086,0.0433101110659036,10.2284524226451,11.0231942394685,11.7501668970189,20,0.1,1.5
1931,51,0.230876145667642,0.00761055420988463,0.934025238131917,0.0294870300580521,9.99151864040671,20.5934695933316,21.7416855374256,20,0.1,1.5
1931,50,0.230876145667642,0.00494939674603072,1.14224984118838,0.0185815962521233,11.8913611848195,32.2193794031208,33.6330467222451,20,0.1,1.5
1931,49,0.230876145667642,0.000804712888867369,1.30841686541048,0.00257237223651143,13.2828813882459,45.4655126165594,46.915928110491,20,0.1,1.5
1931,48,0.230876145667642,4.0336267244206e-10,1.39749654064377,0,14.1288828409164,59.5943954574758,61.0448109514074,20,0.1,1.5
1931,47,0.230876145667642,3.56754758476503e-12,1.40140604073397,0,14.1679778378204,73.7623732952962,75.2127887892279,20,0.1,1.5
1931,46,0.230876145667642,3.56754758476508e-52,1.39860588972705,0,14.1399763277156,87.9023496230118,89.3527651169435,20,0.1,1.5
1931,45,0.230876145667642,3.56754758476512e-92,1.39581133370506,0,14.1120307674956,102.014380390507,103.464795884439,20,0.1,1.5
1931,44,0.230876145667642,3.56754758476517e-132,1.39302236148863,0,14.0841410453314,116.098521435839,117.548936929771,20,0.1,1.5
1931,43,0.230876145667642,3.56754758476521e-172,1.39023896192077,0,14.0563070496528,130.154828485492,131.605243979423,20,0.1,1.5
1931,42,0.230876145667642,3.56754758476526e-212,1.38746112386676,0,14.0285286691127,144.183357154604,145.633772648536,20,0.1,1.5
1931,41,0.230876145667642,3.5675475847653e-252,1.38468883621413,0,14.0008057925863,158.184162947191,159.634578441122,20,0.1,1.5
1931,40,0.230876145667642,3.56754758476535e-292,1.38192208787261,0,13.9731383091712,172.157301256362,173.607716750294,20,0.1,1.5
1931,39,0.230876145667642,0,1.37916086777411,0,13.9455261081862,186.102827364548,187.55324285848,20,0.1,1.5
1931,38,0.230876145667642,0,1.37640516487264,0,13.9179690791715,200.02079644372,201.471211937651,20,0.1,1.5
1931,37,0.230876145667642,0,1.37365496814427,0,13.8904671118878,213.911263555607,215.361679049539,20,0.1,1.5
1931,36,0.230876145667642,0,1.37091026658712,0,13.8630200963163,227.774283651924,229.224699145855,20,0.1,1.5
1931,35,0.230876145667642,0,1.36817104922128,0,13.8356279226579,241.609911574581,243.060327068513,20,0.1,1.5
1931,34,0.230876145667642,0,1.36543730508878,0,13.8082904813329,255.418202055914,256.868617549846,20,0.1,1.5
1931,33,0.230876145667642,0,1.36270902325354,0,13.7810076629805,269.199209718895,270.649625212827,20,0.1,1.5
1931,32,0.230876145667642,0,1.35998619280135,0,13.7537793584586,282.952989077353,284.403404571285,20,0.1,1.5
1931,31,0.230876145667642,0,1.35726880283979,0,13.726605458843,296.679594536197,298.130010030128,20,0.1,1.5
1931,30,0.230876145667642,0,1.35455684249821,0,13.6994858554272,310.379080391624,311.829495885555,20,0.1,1.5
1931,29,0.230876145667642,0,1.35185030092767,0,13.6724204397218,324.051500831346,325.501916325277,20,0.1,1.5
1931,28,0.230876145667642,0,1.34914916730093,0,13.6454091034544,337.6969099348,339.147325428732,20,0.1,1.5
1931,27,0.230876145667642,0,1.34645343081237,0,13.6184517385688,351.315361673369,352.7657771673,20,0.1,1.5
1931,26,0.230876145667642,0,1.34376308067796,0,13.5915482372247,364.906909910594,366.357325404525,20,0.1,1.5
1931,25,0.230876145667642,0,1.34107810613522,0,13.5646984917973,378.471608402391,379.922023896322,20,0.1,1.5
1931,24,0.230876145667642,0,1.33839849644317,0,13.5379023948768,392.009510797268,393.459926291199,20,0.1,1.5
1931,23,0.230876145667642,0,1.33572424088231,0,13.5111598392681,405.520670636536,406.971086130467,20,0.1,1.5
1931,22,0.230876145667642,0,1.33305532875452,0,13.4844707179903,419.005141354526,420.455556848458,20,0.1,1.5
1931,21,0.230876145667642,0,1.3303917493831,0,13.4578349242761,432.462976278802,433.913391772734,20,0.1,1.5
1931,20,0.230876145667642,0,1.32773349211265,0,13.4312523515716,445.894228630374,447.344644124305,20,0.1,1.5
1931,19,0.230876145667642,0,1.32508054630909,0,13.404722893536,459.29895152391,460.749367017841,20,0.1,1.5
1931,18,0.230876145667642,0,1.32243290135956,0,13.3782464440407,472.677197967951,474.127613461882,20,0.1,1.5
1931,17,0.230876145667642,0,1.31979054667242,0,13.3518228971693,486.02902086512,487.479436359051,20,0.1,1.5
1931,16,0.230876145667642,0,1.31715347167719,0,13.325452147217,499.354473012337,500.804888506269,20,0.1,1.5
1931,15,0.230876145667642,0,1.31452166582452,0,13.2991340886903,512.653607101027,514.104022594959,20,0.1,1.5
1931,14,0.230876145667642,0,1.31189511858612,0,13.2728686163063,525.926475717334,527.376891211265,20,0.1,1.5
1931,13,0.230876145667642,0,1.30927381945475,0,13.2466556249925,539.173131342326,540.623546836258,20,0.1,1.5
1931,12,0.230876145667642,0,1.30665775794415,0,13.2204950098866,552.393626352213,553.844041846144,20,0.1,1.5
1931,11,0.230876145667642,0,1.30404692358905,0,13.1943866663356,565.588013018548,567.03842851248,20,0.1,1.5
1931,10,0.230876145667642,0,1.30144130594505,0,13.1683304898955,578.756343508444,580.206759002375,20,0.1,1.5
1931,9,0.230876145667642,0,1.29884089458862,0,13.1423263763313,591.898669884775,593.349085378707,20,0.1,1.5
1931,8,0.230876145667642,0,1.2962456791171,0,13.1163742216161,605.015044106391,606.465459600323,20,0.1,1.5
1931,7,0.230876145667642,0,1.29365564914856,0,13.0904739219307,618.105518028322,619.555933522253,20,0.1,1.5
1931,6,0.230876145667642,0,1.29107079432186,0,13.0646253736637,631.170143401985,632.620558895917,20,0.1,1.5
1931,5,0.230876145667642,0,1.28849110429653,0,13.0388284734104,644.208971875396,645.659387369327,20,0.1,1.5
1931,4,0.230876145667642,0,1.28591656875278,0,13.0130831179729,657.222054993369,658.6724704873,20,0.1,1.5
1931,3,0.230876145667642,0,1.28334717739143,0,12.9873892043594,670.209444197728,671.65985969166,20,0.1,1.5
1931,2,0.0115438072833821,0,0.000545311926186304,0,0.0131489907841178,670.222593188512,671.673008682444,1,0.1,1.5
1931,1,150,0,1.29566234895683,0,112.956623489568,783.17921667808,784.629632172012,99999,0.1,1.5
1932,57,0.0142675880575216,0.0447922431949484,0.0447922431949484,0,0.905356589270649,0,0,1,0.1,1.5
1932,56,0.0141281581999049,0.000448163697399199,0.0448118881029459,0.0025107023993994,0.497886467270998,0.462019290136721,0.497886467270998,1,0.1,1.5
1932,55,0.0139511180168428,0.000632729700523521,0.0454680408842336,0.00252099305498357,0.506322637691899,0.932327741328854,1.0042091049629,1,0.1,1.5
1932,54,0.0137134382863921,0.000640742633491669,0.0463979976795792,0.00253442735715058,0.515735800423787,1.41185743665049,1.51994490538668,1,0.1,1.5
1932,53,0.0115438072833821,0.000638266529925446,0.0470221201254323,0.00252286105283245,0.520340610259153,1.89615717472632,2.04028551564584,1,0.1,1.5
1932,52,0.230876145667642,0.010937693177035,0.945299442156469,0.0429762735853843,10.3302355492856,11.6124459585065,12.3705210649315,20,0.1,1.5
1932,51,0.230876145667642,0.00744786305661188,0.941303593122616,0.0288260692858973,10.0532329820359,21.2538779507438,22.4237540469674,20,0.1,1.5
1932,50,0.230876145667642,0.00469489303049113,1.14678101526729,0.0175651279257318,11.9196069123619,32.9225544641667,34.3433609593293,20,0.1,1.5
1932,49,0.230876145667642,0.000651140188016532,1.30892911678307,0.00202956597876229,13.2787137998526,46.1722744643227,47.6220747591818,20,0.1,1.5
1932,48,0.230876145667642,4.0336267244206e-12,1.39735679098971,0,14.1274853403825,60.2997598047052,61.7495600995643,20,0.1,1.5
1932,47,0.230876145667642,3.56754758476504e-14,1.40126590012989,0,14.1665764317444,74.4663362364495,75.9161365313087,20,0.1,1.5
1932,46,0.230876145667642,3.56754758476508e-54,1.39846602913808,0,14.1385777218259,88.6049139582754,90.0547142531346,20,0.1,1.5
1932,45,0.230876145667642,3.56754758476513e-94,1.39567175257168,0,14.1106349561619,102.715548914437,104.165349209297,20,0.1,1.5
1932,44,0.230876145667642,3.56754758476517e-134,1.39288305925248,0,14.0827480229699,116.798296937407,118.248097232266,20,0.1,1.5
1932,43,0.230876145667642,3.56754758476522e-174,1.39009993802458,0,14.0549168106909,130.853213748098,132.303014042957,20,0.1,1.5
1932,42,0.230876145667642,3.56754758476526e-214,1.38732237775437,0,14.0271412079888,144.880354956087,146.330155250946,20,0.1,1.5
1932,41,0.230876145667642,3.56754758476531e-254,1.3845503673305,0,13.9994211037501,158.879776059837,160.329576354696,20,0.1,1.5
1932,40,0.230876145667642,3.56754758476535e-294,1.38178389566382,0,13.9717563870833,172.85153244692,174.30133274178,20,0.1,1.5
1932,39,0.230876145667642,0,1.37902295168733,0,13.9441469473184,186.795679394239,188.245479689098,20,0.1,1.5
1932,38,0.230876145667642,0,1.37626752435615,0,13.9165926740066,200.712272068245,202.162072363105,20,0.1,1.5
1932,37,0.230876145667642,0,1.37351760264746,0,13.8890934569196,214.601365525165,216.051165820024,20,0.1,1.5
1932,36,0.230876145667642,0,1.37077317556046,0,13.8616491860497,228.463014711215,229.912815006074,20,0.1,1.5
1932,35,0.230876145667642,0,1.36803423211636,0,13.8342597516087,242.297274462823,243.747074757683,20,0.1,1.5
1932,34,0.230876145667642,0,1.36530076135827,0,13.8069250440278,256.104199506851,257.55399980171,20,0.1,1.5
1932,33,0.230876145667642,0,1.36257275235122,0,13.7796449539573,269.883844460809,271.333644755668,20,0.1,1.5
1932,32,0.230876145667642,0,1.35985019418207,0,13.7524193722658,283.636263833074,285.086064127933,20,0.1,1.5
1932,31,0.230876145667642,0,1.35713307595951,0,13.7252481900402,297.361512023115,298.811312317974,20,0.1,1.5
1932,30,0.230876145667642,0,1.35442138681396,0,13.6981312985847,311.059643321699,312.509443616558,20,0.1,1.5
1932,29,0.230876145667642,0,1.35171511589758,0,13.6710685894209,324.73071191112,326.180512205979,20,0.1,1.5
1932,28,0.230876145667642,0,1.3490142523842,0,13.6440599542871,338.374771865407,339.824572160266,20,0.1,1.5
1932,27,0.230876145667642,0,1.34631878546929,0,13.617105285138,351.991877150545,353.441677445404,20,0.1,1.5
1932,26,0.230876145667642,0,1.3436287043699,0,13.5902044741441,365.582081624689,367.031881919548,20,0.1,1.5
1932,25,0.230876145667642,0,1.34094399832461,0,13.5633574136912,379.145439038381,380.59523933324,20,0.1,1.5
1932,24,0.230876145667642,0,1.33826465659353,0,13.5365639963804,392.682003034761,394.13180332962,20,0.1,1.5
1932,23,0.230876145667642,0,1.33559066845822,0,13.5098241150273,406.191827149788,407.641627444647,20,0.1,1.5
1932,22,0.230876145667642,0,1.33292202322164,0,13.4831376626615,419.67496481245,421.124765107309,20,0.1,1.5
1932,21,0.230876145667642,0,1.33025871020816,0,13.4565045325267,433.131469344977,434.581269639835,20,0.1,1.5
1932,20,0.230876145667642,0,1.32760071876344,0,13.4299246180795,446.561393963056,448.011194257915,20,0.1,1.5
1932,19,0.230876145667642,0,1.32494803825446,0,13.4033978129897,459.964791776046,461.414592070905,20,0.1,1.5
1932,18,0.230876145667642,0,1.32230065806943,0,13.3769240111393,473.341715787185,474.791516082044,20,0.1,1.5
1932,17,0.230876145667642,0,1.31965856761775,0,13.3505031066226,486.692218893808,488.142019188667,20,0.1,1.5
1932,16,0.230876145667642,0,1.31702175633003,0,13.3241349937454,500.016353887553,501.466154182412,20,0.1,1.5
1932,15,0.230876145667642,0,1.31439021365794,0,13.2978195670245,513.314173454578,514.763973749436,20,0.1,1.5
1932,14,0.230876145667642,0,1.31176392907426,0,13.2715567211877,526.585730175765,528.035530470624,20,0.1,1.5
1932,13,0.230876145667642,0,1.3091428920728,0,13.2453463511731,539.831076526939,541.280876821797,20,0.1,1.5
1932,12,0.230876145667642,0,1.30652709216836,0,13.2191883521287,553.050264879067,554.500065173926,20,0.1,1.5
1932,11,0.230876145667642,0,1.30391651889669,0,13.193082619412,566.243347498479,567.693147793338,20,0.1,1.5
1932,10,0.230876145667642,0,1.30131116181445,0,13.1670290485896,579.410376547069,580.860176841927,20,0.1,1.5
1932,9,0.230876145667642,0,1.29871101049916,0,13.1410275354367,592.551404082505,594.001204377364,20,0.1,1.5
1932,8,0.230876145667642,0,1.29611605454918,0,13.1150779759369,605.666482058442,607.116282353301,20,0.1,1.5
1932,7,0.230876145667642,0,1.29352628358365,0,13.0891802662816,618.755662324724,620.205462619583,20,0.1,1.5
1932,6,0.230876145667642,0,1.29094168724242,0,13.0633343028693,631.818996627593,633.268796922452,20,0.1,1.5
1932,5,0.230876145667642,0,1.2883622551861,0,13.0375399823061,644.856536609899,646.306336904758,20,0.1,1.5
1932,4,0.230876145667642,0,1.2857879770959,0,13.0117972014041,657.868333811303,659.318134106162,20,0.1,1.5
1932,3,0.230876145667642,0,1.28321884267369,0,12.986105857182,670.854439668485,672.304239963344,20,0.1,1.5
1932,2,0.0115438072833821,0,0.000545257394993685,0,0.0131484454721916,670.867588113957,672.317388408816,1,0.1,1.5
1932,1,150,0,1.29553278272194,0,112.955327827219,783.822915941177,785.272716236036,99999,0.1,1.5
1933,58,0.014364130186679,0.0447732444000625,0.0447732444000625,0,0.905040974792369,0,0,1,0.1,1.5
1933,57,0.0142675880575216,0.000447922431949484,0.0447877639706289,0.00250909477788199,0.497712800510065,0.461868589397465,0.497712800510065,1,0.1,1.5
1933,56,0.0141281581999049,0.000632157236823842,0.0454350825139854,0.00251905186716464,0.506077624886572,0.931959759038827,1.00379042539664,1,0.1,1.5
1933,55,0.0139511180168428,0.000636575560751129,0.0460937423438911,0.00251830767140064,0.512579748268136,1.40856368342981,1.51637017366477,1,0.1,1.5
1933,54,0.0137134382863921,0.000640014265622561,0.0470269647190988,0.00253013725344252,0.521956899944464,1.89437576546795,2.03832707360924,1,0.1,1.5
1933,53,0.0115438072833821,0.000637097928507367,0.0476481331766279,0.0025171948141937,0.52650810849066,2.38492394804156,2.5648351820999,1,0.1,1.5
1933,52,0.230876145667642,0.0108534453281164,0.955948980608599,0.0426215609041163,10.4308211312996,12.2068656378538,12.9956563133995,20,0.1,1.5
1933,51,0.230876145667642,0.00728099595204044,0.948415980084779,0.0281488692472225,10.113013894345,21.9177528286671,23.1086702077446,20,0.1,1.5
1933,50,0.230876145667642,0.00443823091173785,1.1510576191472,0.0165406931241217,11.9451715470933,33.6266287597015,35.0538417548379,20,0.1,1.5
1933,49,0.230876145667642,0.000513902896570738,1.30930561536608,0.00155129590788585,13.2742739831843,46.8787413727731,48.3281157380221,20,0.1,1.5
1933,48,0.230876145667642,4.03362672442061e-14,1.39721705531061,0,14.1260879835516,61.0048293563247,62.4542037215737,20,0.1,1.5
1933,47,0.230876145667642,3.56754758476504e-16,1.40112577353988,0,14.1651751658439,75.1700045221686,76.6193788874176,20,0.1,1.5
1933,46,0.230876145667642,3.56754758476508e-56,1.39832618253517,0,14.1371792557967,89.3071837779653,90.7565581432144,20,0.1,1.5
1933,45,0.230876145667642,3.56754758476513e-96,1.39553218539643,0,14.1092392844094,103.416423062375,104.865797427624,20,0.1,1.5
1933,44,0.230876145667642,3.56754758476517e-136,1.39274377094656,0,14.0813551399107,117.497778202285,118.947152567534,20,0.1,1.5
1933,43,0.230876145667642,3.56754758476522e-176,1.38996092803078,0,14.0535267107528,131.551304913038,133.000679278287,20,0.1,1.5
1933,42,0.230876145667642,3.56754758476526e-216,1.38718364551659,0,14.025753885611,145.577058798649,147.026433163898,20,0.1,1.5
1933,41,0.230876145667642,3.56754758476531e-256,1.38441191229377,0,13.9980365533828,159.575095352032,161.024469717281,20,0.1,1.5
1933,40,0.230876145667642,3.56754758476535e-296,1.38164571727426,0,13.9703746031877,173.54546995522,174.994844320469,20,0.1,1.5
1933,39,0.230876145667642,0,1.37888504939217,0,13.9427679243667,187.488237879586,188.937612244836,20,0.1,1.5
1933,38,0.230876145667642,0,1.37612989760371,0,13.9152164064822,201.403454286069,202.852828651318,20,0.1,1.5
1933,37,0.230876145667642,0,1.37338025088719,0,13.887719939317,215.291174225386,216.740548590635,20,0.1,1.5
1933,36,0.230876145667642,0,1.37063609824291,0,13.8602784128741,229.15145263826,230.600827003509,20,0.1,1.5
1933,35,0.230876145667642,0,1.36789742869314,0,13.8328917173765,242.984344355636,244.433718720885,20,0.1,1.5
1933,34,0.230876145667642,0,1.36516423128213,0,13.8055597432664,256.789904098903,258.239278464152,20,0.1,1.5
1933,33,0.230876145667642,0,1.36243649507598,0,13.7782823812049,270.568186480108,272.017560845357,20,0.1,1.5
1933,32,0.230876145667642,0,1.35971420916265,0,13.7510595220716,284.319246002179,285.768620367428,20,0.1,1.5
1933,31,0.230876145667642,0,1.35699736265191,0,13.7238910569642,298.043137059144,299.492511424393,20,0.1,1.5
1933,30,0.230876145667642,0,1.35428594467528,0,13.6967768771979,311.739913936342,313.18928830159,20,0.1,1.5
1933,29,0.230876145667642,0,1.35157994438599,0,13.669716874305,325.409630810647,326.859005175895,20,0.1,1.5
1933,28,0.230876145667642,0,1.34887935095897,0,13.6427109400348,339.052341750681,340.50171611593,20,0.1,1.5
1933,27,0.230876145667642,0,1.34618415359075,0,13.6157589663526,352.668100717034,354.117475082283,20,0.1,1.5
1933,26,0.230876145667642,0,1.34349434149946,0,13.5888608454397,366.256961562474,367.706335927722,20,0.1,1.5
1933,25,0.230876145667642,0,1.34080990392478,0,13.5620164696929,379.818978032166,381.268352397415,20,0.1,1.5
1933,24,0.230876145667642,0,1.33813083012787,0,13.5352257317238,393.35420376389,394.803578129139,20,0.1,1.5
1933,23,0.230876145667642,0,1.33545710939137,0,13.5084885243588,406.862692288249,408.312066653498,20,0.1,1.5
1933,22,0.230876145667642,0,1.33278873101932,0,13.4818047406383,420.344497028887,421.793871394136,20,0.1,1.5
1933,21,0.230876145667642,0,1.33012568433714,0,13.4551742738165,433.799671302704,435.249045667953,20,0.1,1.5
1933,20,0.230876145667642,0,1.32746795869157,0,13.4285970173608,447.228268320065,448.677642685314,20,0.1,1.5
1933,19,0.230876145667642,0,1.32481554345063,0,13.4020728649514,460.630341185016,462.079715550265,20,0.1,1.5
1933,18,0.230876145667642,0,1.32216842800362,0,13.3756017104813,474.005942895497,475.455317260746,20,0.1,1.5
1933,17,0.230876145667642,0,1.31952660176099,0,13.349183448055,487.355126343553,488.804500708801,20,0.1,1.5
1933,16,0.230876145667642,0,1.31689005415439,0,13.322817971989,500.677944315542,502.12731868079,20,0.1,1.5
1933,15,0.230876145667642,0,1.31425877463657,0,13.2965051768108,513.974449492352,515.423823857601,20,0.1,1.5
1933,14,0.230876145667642,0,1.31163275268135,0,13.2702449572586,527.244694449611,528.69406881486,20,0.1,1.5
1933,13,0.230876145667642,0,1.30901197778359,0,13.244037208281,540.488731657892,541.938106023141,20,0.1,1.5
1933,12,0.230876145667642,0,1.30639643945914,0,13.2178818250365,553.706613482928,555.155987848177,20,0.1,1.5
1933,11,0.230876145667642,0,1.3037861272448,0,13.1917787028931,566.898392185821,568.34776655107,20,0.1,1.5
1933,10,0.230876145667642,0,1.30118103069827,0,13.1657277374278,580.064119923249,581.513494288498,20,0.1,1.5
1933,9,0.230876145667642,0,1.29858113939811,0,13.1397288244262,593.203848747675,594.653223112924,20,0.1,1.5
1933,8,0.230876145667642,0,1.29598644294373,0,13.1137818598824,606.317630607558,607.767004972807,20,0.1,1.5
1933,7,0.230876145667642,0,1.29339693095529,0,13.087886739998,619.405517347556,620.854891712805,20,0.1,1.5
1933,6,0.230876145667642,0,1.2908125930737,0,13.0620433611821,632.467560708738,633.916935073987,20,0.1,1.5
1933,5,0.230876145667642,0,1.28823341896058,0,13.0362516200509,645.503812328789,646.953186694038,20,0.1,1.5
1933,4,0.230876145667642,0,1.28565939829819,0,13.010511413427,658.514323742216,659.963698107465,20,0.1,1.5
1933,3,0.230876145667642,0,1.28309052078942,0,12.9848226383393,671.499146380555,672.948520745804,20,0.1,1.5
1933,2,0.0115438072833821,0,0.000545202869254186,0,0.0131479002147966,671.51229428077,672.961668646019,1,0.1,1.5
1933,1,150,0,1.29540322944367,0,112.954032294437,784.466326575206,785.915700940455,99999,0.1,1.5
1934,59,0.0144162531860736,0.0447600906915132,0.0447600906915132,0,0.904812649287646,0,0,1,0.1,1.5
1934,58,0.014364130186679,0.000447732444000625,0.0447687670756225,0.00250797812995502,0.497569340986708,0.46174108198735,0.497569340986708,1,0.1,1.5
1934,57,0.0142675880575216,0.000631752918789991,0.0454105588887023,0.00251779999444712,0.505903414795849,0.931675925433955,1.00347275578256,1,0.1,1.5
1934,56,0.0141281581999049,0.000636084539159398,0.0460603019725252,0.00251673964083091,0.512336060690557,1.40805856268407,1.51580881647311,1,0.1,1.5
1934,55,0.0139511180168428,0.000635942673457671,0.0467187098875069,0.00251442008034112,0.518767557816223,1.89090583363828,2.03457637428934,1,0.1,1.5
1934,54,0.0137134382863921,0.000638934456016856,0.0476547963359876,0.00252483378334165,0.52814865415871,2.38298543374925,2.56272502844805,1,0.1,1.5
1934,53,0.0115438072833821,0.000635669682833498,0.0482726670668587,0.00251049904562307,0.532643511099506,2.87976467276843,3.09536853954755,1,0.1,1.5
1934,52,0.230876145667642,0.0107639246793102,0.966508775936567,0.0422459357650696,10.5301578046763,12.8064091093723,13.6255263442238,20,0.1,1.5
1934,51,0.230876145667642,0.00711002727132604,0.955358355798576,0.027455694141663,10.1708254631679,22.5850103705164,23.7963518073917,20,0.1,1.5
1934,50,0.230876145667642,0.00417955559014781,1.15507768666631,0.0155087897893234,11.9680439928572,34.3315002235261,35.7643958002489,20,0.1,1.5
1934,49,0.230876145667642,0.000392963005937171,1.30956250878152,0.00113741896818712,13.2697209907223,47.5849723718457,49.0341167909712,20,0.1,1.5
1934,48,0.230876145667642,4.03362672442061e-16,1.39707733360508,0,14.1246907664959,61.7096631383416,63.158807557467,20,0.1,1.5
1934,47,0.230876145667642,3.56754758476504e-18,1.40098566096253,0,14.1637740400704,75.8734371784119,77.3225815975374,20,0.1,1.5
1934,46,0.230876145667642,3.56754758476509e-58,1.39818634991691,0,14.1357809296142,90.0092181080261,91.4583625271516,20,0.1,1.5
1934,45,0.230876145667642,3.56754758476513e-98,1.39539263217789,0,14.107843752224,104.11706186025,105.566206279376,20,0.1,1.5
1934,44,0.230876145667642,3.56754758476518e-138,1.39260449656946,0,14.0799623961397,118.19702425639,119.646168675515,20,0.1,1.5
1934,43,0.230876145667642,3.56754758476522e-178,1.38982193193797,0,14.0521367498248,132.249161006215,133.69830542534,20,0.1,1.5
1934,42,0.230876145667642,3.56754758476527e-218,1.38704492715204,0,14.0243667019655,146.27352770818,147.722672127306,20,0.1,1.5
1934,41,0.230876145667642,3.56754758476531e-258,1.38427347110254,0,13.9966521414705,160.270179849651,161.719324268776,20,0.1,1.5
1934,40,0.230876145667642,3.56754758476535e-298,1.38150755270253,0,13.9689929574704,174.239172807121,175.688317226247,20,0.1,1.5
1934,39,0.230876145667642,0,1.37874716088723,0,13.9413890393174,188.180561846438,189.629706265564,20,0.1,1.5
1934,38,0.230876145667642,0,1.37599228461395,0,13.9138402765846,202.094402123023,203.543546542149,20,0.1,1.5
1934,37,0.230876145667642,0,1.3732429128621,0,13.8863465590661,215.980748682089,217.429893101215,20,0.1,1.5
1934,36,0.230876145667642,0,1.37049903463308,0,13.8589077767759,229.839656458865,231.288800877991,20,0.1,1.5
1934,35,0.230876145667642,0,1.36776063895028,0,13.8315238199479,243.671180278813,245.120324697938,20,0.1,1.5
1934,34,0.230876145667642,0,1.365027714859,0,13.8041945790351,257.475374857848,258.924519276974,20,0.1,1.5
1934,33,0.230876145667642,0,1.36230025142647,0,13.7769199447098,271.252294802558,272.701439221683,20,0.1,1.5
1934,32,0.230876145667642,0,1.35957823774174,0,13.7496998078625,285.00199461042,286.451139029546,20,0.1,1.5
1934,31,0.230876145667642,0,1.35686166291565,0,13.7225340596015,298.724528670022,300.173673089147,20,0.1,1.5
1934,30,0.230876145667642,0,1.35415051608081,0,13.6954225912532,312.419951261275,313.869095680401,20,0.1,1.5
1934,29,0.230876145667642,0,1.35144478639155,0,13.6683652943606,326.088316555636,327.537460974761,20,0.1,1.5
1934,28,0.230876145667642,0,1.34874446302387,0,13.6413620606838,339.72967861632,341.178823035445,20,0.1,1.5
1934,27,0.230876145667642,0,1.34604953517539,0,13.614412782199,353.344091398519,354.793235817644,20,0.1,1.5
1934,26,0.230876145667642,0,1.34335999206531,0,13.5875173510982,366.931608749617,368.380753168742,20,0.1,1.5
1934,25,0.230876145667642,0,1.34067582293438,0,13.5606756597889,380.492284409406,381.941428828531,20,0.1,1.5
1934,24,0.230876145667642,0,1.33799701704486,0,13.5338876008937,394.0261720103,395.475316429425,20,0.1,1.5
1934,23,0.230876145667642,0,1.33532356368043,0,13.5071530672494,407.533325077549,408.982469496674,20,0.1,1.5
1934,22,0.230876145667642,0,1.33265545214622,0,13.4804719519073,421.013797029456,422.462941448582,20,0.1,1.5
1934,21,0.230876145667642,0,1.32999267176871,0,13.4538441481321,434.467641177588,435.916785596714,20,0.1,1.5
1934,20,0.230876145667642,0,1.3273352118957,0,13.4272695494021,447.89491072699,449.344055146116,20,0.1,1.5
1934,19,0.230876145667642,0,1.32468306189629,0,13.400748049408,461.295658776399,462.744803195524,20,0.1,1.5
1934,18,0.230876145667642,0,1.32203621116082,0,13.3742795420533,474.669938318452,476.119082737577,20,0.1,1.5
1934,17,0.230876145667642,0,1.31939464910082,0,13.3478639214533,488.017802239905,489.46694665903,20,0.1,1.5
1934,16,0.230876145667642,0,1.31675836514898,0,13.3215010819349,501.33930332184,502.788447740965,20,0.1,1.5
1934,15,0.230876145667642,0,1.31412734875911,0,13.2951909180362,514.634494239876,516.083638659001,20,0.1,1.5
1934,14,0.230876145667642,0,1.31150158940608,0,13.2689333245059,527.903427564382,529.352571983507,20,0.1,1.5
1934,13,0.230876145667642,0,1.30888107658581,0,13.2427281963032,541.146155760685,542.59530017981,20,0.1,1.5
1934,12,0.230876145667642,0,1.3062657998152,0,13.2165754285971,554.362731189282,555.811875608407,20,0.1,1.5
1934,11,0.230876145667642,0,1.30365574863208,0,13.1904749167659,567.553206106048,569.002350525173,20,0.1,1.5
1934,10,0.230876145667642,0,1.3010509125952,0,13.1644265563971,580.717632662445,582.16677708157,20,0.1,1.5
1934,9,0.230876145667642,0,1.29845128128418,0,13.1384302432868,593.856062905732,595.305207324857,20,0.1,1.5
1934,8,0.230876145667642,0,1.29585684429944,0,13.1124858734395,606.968548779171,608.417693198297,20,0.1,1.5
1934,7,0.230876145667642,0,1.29326759126219,0,13.086593343067,620.055142122238,621.504286541364,20,0.1,1.5
1934,6,0.230876145667642,0,1.29068351181439,0,13.060752548589,633.115894670827,634.565039089953,20,0.1,1.5
1934,5,0.230876145667642,0,1.28810459561868,0,13.0349633866319,646.150858057459,647.600002476585,20,0.1,1.5
1934,4,0.230876145667642,0,1.28553083235836,0,13.0092257540287,659.160083811488,660.609228230613,20,0.1,1.5
1934,3,0.230876145667642,0,1.28296221173734,0,12.9835395478185,672.143623359306,673.592767778432,20,0.1,1.5
1934,2,0.0115438072833821,0,0.00054514834896726,0,0.0131473550119273,672.156770714318,673.605915133444,1,0.1,1.5
1934,1,150,0,1.29527368912072,0,112.952736891207,785.109507605525,786.558652024651,99999,0.1,1.5
1935,60,0.014422593205688,0.0447529894141686,0.0447529894141686,0,0.904674850420496,0,0,1,0.1,1.5
1935,59,0.0144162531860736,0.000447600906915132,0.044755614682444,0.00250739681017277,0.497462945782013,0.461642991350974,0.497462945782013,1,0.1,1.5
1935,58,0.014364130186679,0.000631471856928762,0.0453912847314037,0.00251705704621039,0.505761610477449,0.931446644025418,1.00322455625946,1,0.1,1.5
1935,57,0.0142675880575216,0.00063576752779968,0.0460354678314252,0.0025158730556957,0.512165122616726,1.40767072298935,1.51538967887619,1,0.1,1.5
1935,56,0.0141281581999049,0.000635545755599322,0.0466848808525357,0.00251323839990304,0.51852644392752,1.89029376120397,2.03391612280371,1,0.1,1.5
1935,55,0.0139511180168428,0.000634964446819856,0.0473426430366034,0.0025095369285938,0.524927347730134,2.37937058138276,2.55884347053384,1,0.1,1.5
1935,54,0.0137134382863921,0.000637597790395581,0.0482812393021894,0.00251850858533718,0.534309357193023,2.87770124449954,3.09315282772687,1,0.1,1.5
1935,53,0.0115438072833821,0.000633981458234104,0.0488954645615578,0.00250276095387537,0.538744059632679,3.38069157621971,3.63189688735955,1,0.1,1.5
1935,52,0.230876145667642,0.0106691231880605,0.976973609000241,0.041849317934312,10.6281921513897,13.4110363285478,14.2600890387493,20,0.1,1.5
1935,51,0.230876145667642,0.00693502380812901,0.962126743498412,0.0267467801054032,10.2266319621591,23.2555714320583,24.4867210009084,20,0.1,1.5
1935,50,0.230876145667642,0.00391899300323234,1.15883937634498,0.0144698822415756,11.9882137273783,35.0370725559855,36.4749347282866,20,0.1,1.5
1935,49,0.230876145667642,0.000288284372106152,1.30971590727269,0.000787799443794167,13.2652136246615,48.2910319028785,49.7401483529481,20,0.1,1.5
1935,48,0.230876145667642,4.03362672442061e-18,1.39693762587172,0,14.1232936891622,62.4143255920407,63.8634420421104,20,0.1,1.5
1935,47,0.230876145667642,3.56754758476504e-20,1.40084556239643,0,14.1623730544094,76.5766986464501,78.0258150965198,20,0.1,1.5
1935,46,0.230876145667642,3.56754758476509e-60,1.39804653128192,0,14.1343827432643,90.7110813897144,92.1601978397841,20,0.1,1.5
1935,45,0.230876145667642,3.56754758476513e-100,1.39525309291467,0,14.1064483595918,104.817529749306,106.266646199376,20,0.1,1.5
1935,44,0.230876145667642,3.56754758476518e-140,1.3924652361198,0,14.0785697916431,118.896099540949,120.345215991019,20,0.1,1.5
1935,43,0.230876145667642,3.56754758476522e-180,1.38968294974478,0,14.0507469278929,132.946846468842,134.395962918912,20,0.1,1.5
1935,42,0.230876145667642,3.56754758476527e-220,1.38690622265933,0,14.0229796570384,146.969826125881,148.41894257595,20,0.1,1.5
1935,41,0.230876145667642,3.56754758476531e-260,1.38413504375543,0,13.9952678679994,160.96509399388,162.41421044395,20,0.1,1.5
1935,40,0.230876145667642,3.56754758476536e-300,1.38136940194726,0,13.9676114499177,174.932705443798,176.381821893867,20,0.1,1.5
1935,39,0.230876145667642,0,1.37860928617114,0,13.9400102921565,188.872715735954,190.321832186024,20,0.1,1.5
1935,38,0.230876145667642,0,1.37585468538549,0,13.9124642843,202.785180020254,204.234296470324,20,0.1,1.5
1935,37,0.230876145667642,0,1.37310558857082,0,13.8849733161533,216.670153336407,218.119269786477,20,0.1,1.5
1935,36,0.230876145667642,0,1.37036198472962,0,13.8575372777413,230.527690614149,231.976807064218,20,0.1,1.5
1935,35,0.230876145667642,0,1.36762386288638,0,13.8301560593089,244.357846673458,245.806963123527,20,0.1,1.5
1935,34,0.230876145667642,0,1.36489121208752,0,13.8028295513203,258.160676224778,259.609792674848,20,0.1,1.5
1935,33,0.230876145667642,0,1.36216402140133,0,13.7755576444584,271.936233869236,273.385350319306,20,0.1,1.5
1935,32,0.230876145667642,0,1.35944227991796,0,13.7483402296247,285.684574098861,287.133690548931,20,0.1,1.5
1935,31,0.230876145667642,0,1.35672597674935,0,13.7211771979386,299.4057512968,300.854867746869,20,0.1,1.5
1935,30,0.230876145667642,0,1.3540151010292,0,13.6940684407371,313.099819737537,314.548936187606,20,0.1,1.5
1935,29,0.230876145667642,0,1.35130964191291,0,13.6670138495742,326.766833587111,328.215950037181,20,0.1,1.5
1935,28,0.230876145667642,0,1.34860958857757,0,13.6400133162208,340.406846903332,341.855963353401,20,0.1,1.5
1935,27,0.230876145667642,0,1.34591493022187,0,13.6130667326638,354.019913635996,355.469030086065,20,0.1,1.5
1935,26,0.230876145667642,0,1.3432256560661,0,13.5861739911061,367.606087627102,369.055204077171,20,0.1,1.5
1935,25,0.230876145667642,0,1.34054175535209,0,13.559334983966,381.165422611068,382.614539061137,20,0.1,1.5
1935,24,0.230876145667642,0,1.33786321734315,0,13.5325496038766,394.697972214945,396.147088665014,20,0.1,1.5
1935,23,0.230876145667642,0,1.33519003132406,0,13.5058177436857,408.20378995863,409.6529064087,20,0.1,1.5
1935,22,0.230876145667642,0,1.33252218660101,0,13.4791392964552,421.682929255085,423.132045705155,20,0.1,1.5
1935,21,0.230876145667642,0,1.32985967250153,0,13.4525141554604,435.135443410546,436.584559860615,20,0.1,1.5
1935,20,0.230876145667642,0,1.32720247837451,0,13.4259422141902,448.561385624736,450.010502074806,20,0.1,1.5
1935,19,0.230876145667642,0,1.3245505935901,0,13.3994233663461,461.960808991082,463.409925441152,20,0.1,1.5
1935,18,0.230876145667642,0,1.3219040075397,0,13.3729575058421,475.333766496924,476.782882946994,20,0.1,1.5
1935,17,0.230876145667642,0,1.31926270963591,0,13.3465445268042,488.680311023728,490.129427473798,20,0.1,1.5
1935,16,0.230876145667642,0,1.31662668931246,0,13.3201843235697,502.000495347298,503.449611797368,20,0.1,1.5
1935,15,0.230876145667642,0,1.31399593602423,0,13.2938767906874,515.294372137986,516.743488588055,20,0.1,1.5
1935,14,0.230876145667642,0,1.31137043924714,0,13.2676218229165,528.561993960902,530.011110410972,20,0.1,1.5
1935,13,0.230876145667642,0,1.30875018847816,0,13.2414193152267,541.803413276129,543.252529726198,20,0.1,1.5
1935,12,0.230876145667642,0,1.30613517323522,0,13.2152691627973,555.018682438926,556.467798888995,20,0.1,1.5
1935,11,0.230876145667642,0,1.30352538305721,0,13.1891712610172,568.207853699943,569.656970150013,20,0.1,1.5
1935,10,0.230876145667642,0,1.30092080750394,0,13.1631255054845,581.370979205427,582.820095655497,20,0.1,1.5
1935,9,0.230876145667642,0,1.29832143615605,0,13.1371317920056,594.508110997433,595.957227447503,20,0.1,1.5
1935,8,0.230876145667642,0,1.29572725861501,0,13.1111900165952,607.619301014028,609.068417464098,20,0.1,1.5
1935,7,0.230876145667642,0,1.29313826450307,0,13.0853000754758,620.704601089504,622.153717539574,20,0.1,1.5
1935,6,0.230876145667642,0,1.29055444346321,0,13.0594618650772,633.764062954581,635.213179404651,20,0.1,1.5
1935,5,0.230876145667642,0,1.28797578515912,0,13.0336752820363,646.797738236617,648.246854686687,20,0.1,1.5
1935,4,0.230876145667642,0,1.28540227927513,0,13.0079402231964,659.805678459814,661.254794909883,20,0.1,1.5
1935,3,0.230876145667642,0,1.28283391551617,0,12.9822565856068,672.78793504542,674.23705149549,20,0.1,1.5
1935,2,0.0115438072833821,0,0.000545093834132364,0,0.0131468098635784,672.801081855284,674.250198305354,1,0.1,1.5
1935,1,150,0,1.29514416175181,0,112.951441617518,785.752523472802,787.201639922872,99999,0.1,1.5
1936,61,0.0143819976631218,0.0447521256639146,0.0447521256639146,0,0.904630511720374,0,0,1,0.1,1.5
1936,60,0.014422593205688,0.000447529894141686,0.0447485141152271,0.00250736643057948,0.497395022667663,0.461575502230814,0.497395022667663,1,0.1,1.5
1936,59,0.0144162531860736,0.000631325211612343,0.045377988323519,0.00251686601958644,0.50565919965993,0.931279473039509,1.00305422232759,1,0.1,1.5
1936,58,0.014364130186679,0.000635578980121884,0.0460160098644831,0.00251552613934751,0.512028062942134,1.40737144827668,1.51508228526973,1,0.1,1.5
1936,57,0.0142675880575216,0.000635325939201921,0.046659832548566,0.00251276781016825,0.518359993251764,1.88983475852604,2.03344227852149,1,0.1,1.5
1936,56,0.0141281581999049,0.000634665057531754,0.0473085219644262,0.00250875141426506,0.524689948270921,2.37868540087889,2.55813222679241,1,0.1,1.5
1936,55,0.0139511180168428,0.000633733876616649,0.0479652930044482,0.00250364698926463,0.531057399716134,2.8739764150341,3.08918962650855,1,0.1,1.5
1936,54,0.0137134382863921,0.00063600312423825,0.0489060383245934,0.00251114586756706,0.54043621907306,3.37853912171334,3.62962584558161,1,0.1,1.5
1936,53,0.0115438072833821,0.000632030053051183,0.0495162652535704,0.00249396523758498,0.544806899411113,3.88771794630181,4.17443274499272,1,0.1,1.5
1936,52,0.230876145667642,0.0105690207154586,0.987338241122919,0.0414315897895218,10.7248699029649,14.0207079951307,14.8993026479576,20,0.1,1.5
1936,51,0.230876145667642,0.00675604526443209,0.968717225850413,0.0260223378962579,10.2803978258258,23.9293581367242,25.1797004737834,20,0.1,1.5
1936,50,0.230876145667642,0.00365666049042623,1.16234096296773,0.0134244079783242,12.0056709218599,35.7432518017509,37.1853713956433,20,0.1,1.5
1936,49,0.230876145667642,0.000199832704669603,1.30978188554291,0.000502316225899309,13.2609105590051,48.9969864146718,50.4462819546485,20,0.1,1.5
1936,48,0.230876145667642,4.03362672442061e-20,1.39679793210913,0,14.1218967515364,63.1188831662081,64.5681787061848,20,0.1,1.5
1936,47,0.230876145667642,3.56754758476504e-22,1.40070547784019,0,14.160972208847,77.2798553750551,78.7291509150318,20,0.1,1.5
1936,46,0.230876145667642,3.56754758476509e-62,1.39790672662879,0,14.132984696733,91.4128400717882,92.8621356117648,20,0.1,1.5
1936,45,0.230876145667642,3.56754758476513e-102,1.39511356760538,0,14.1050531064989,105.517893178287,106.967188718264,20,0.1,1.5
1936,44,0.230876145667642,3.56754758476518e-142,1.39232598959619,0,14.077177326407,119.595070504694,121.044366044671,20,0.1,1.5
1936,43,0.230876145667642,3.56754758476522e-182,1.3895439814498,0,14.0493572449431,133.644427749637,135.093723289614,20,0.1,1.5
1936,42,0.230876145667642,3.56754758476527e-222,1.38676753203706,0,14.0215927508157,147.666020500453,149.11531604043,20,0.1,1.5
1936,41,0.230876145667642,3.56754758476531e-262,1.38399663025106,0,13.9938837329557,161.659904233409,163.109199773385,20,0.1,1.5
1936,40,0.230876145667642,3.56754758476536e-302,1.38123126500707,0,13.9662300805157,175.626134313924,177.075429853901,20,0.1,1.5
1936,39,0.230876145667642,0,1.37847142524252,0,13.9386316828703,189.564765996795,191.014061536771,20,0.1,1.5
1936,38,0.230876145667642,0,1.37571709991695,0,13.9110884296146,203.475854426409,204.925149966386,20,0.1,1.5
1936,37,0.230876145667642,0,1.37296827801196,0,13.8836002105647,217.359454636974,218.808750176951,20,0.1,1.5
1936,36,0.230876145667642,0,1.37022494853114,0,13.8561669157565,231.21562155273,232.664917092707,20,0.1,1.5
1936,35,0.230876145667642,0,1.36748710050009,0,13.828788435446,245.044409988176,246.493705528153,20,0.1,1.5
1936,34,0.230876145667642,0,1.36475472296631,0,13.8014646601082,258.845874648285,260.295170188261,20,0.1,1.5
1936,33,0.230876145667642,0,1.36202780499919,0,13.774195480437,272.620070128722,274.069365668698,20,0.1,1.5
1936,32,0.230876145667642,0,1.35930633568997,0,13.7469807873448,286.367050916066,287.816346456043,20,0.1,1.5
1936,31,0.230876145667642,0,1.35659030415168,0,13.7198204719619,300.086871388028,301.536166928005,20,0.1,1.5
1936,30,0.230876145667642,0,1.3538796995191,0,13.6927144256361,313.779585813664,315.228881353641,20,0.1,1.5
1936,29,0.230876145667642,0,1.35117451094872,0,13.6656625399323,327.445248353597,328.894543893573,20,0.1,1.5
1936,28,0.230876145667642,0,1.34847472761871,0,13.6386647066322,341.083913060229,342.533208600206,20,0.1,1.5
1936,27,0.230876145667642,0,1.34578033872885,0,13.6117208177336,354.695633877963,356.144929417939,20,0.1,1.5
1936,26,0.230876145667642,0,1.3430913335005,0,13.5848307654501,368.280464643413,369.729760183389,20,0.1,1.5
1936,25,0.230876145667642,0,1.34040770117656,0,13.5579944422106,381.838459085623,383.2877546256,20,0.1,1.5
1936,24,0.230876145667642,0,1.33772943102142,0,13.5312117406593,395.369670826283,396.818966366259,20,0.1,1.5
1936,23,0.230876145667642,0,1.33505651232093,0,13.5044825536544,408.874153379937,410.323448919914,20,0.1,1.5
1936,22,0.230876145667642,0,1.33238893438235,0,13.4778067742686,422.351960154206,423.801255694182,20,0.1,1.5
1936,21,0.230876145667642,0,1.32972668653428,0,13.4511842957879,435.803144449994,437.25243998997,20,0.1,1.5
1936,20,0.230876145667642,0,1.32706975812667,0,13.4246150117118,449.227759461705,450.677055001682,20,0.1,1.5
1936,19,0.230876145667642,0,1.32441813853074,0,13.3980988157525,462.625858277458,464.075153817434,20,0.1,1.5
1936,18,0.230876145667642,0,1.32177181713895,0,13.3716356018346,475.997493879293,477.446789419269,20,0.1,1.5
1936,17,0.230876145667642,0,1.31913078336494,0,13.3452252640945,489.342719143387,490.792014683363,20,0.1,1.5
1936,16,0.230876145667642,0,1.31649502664353,0,13.3188676968804,502.661586840268,504.110882380244,20,0.1,1.5
1936,15,0.230876145667642,0,1.31386453643063,0,13.2925627947514,515.954149635019,517.403445174995,20,0.1,1.5
1936,14,0.230876145667642,0,1.31123930220322,0,13.2663104524773,529.220460087496,530.669755627472,20,0.1,1.5
1936,13,0.230876145667642,0,1.30861931345931,0,13.2401105650382,542.460570652534,543.909866192511,20,0.1,1.5
1936,12,0.230876145667642,0,1.30600455971789,0,13.213963027624,555.674533680158,557.123829220135,20,0.1,1.5
1936,11,0.230876145667642,0,1.30339503051891,0,13.1878677356342,568.862401415792,570.311696955769,20,0.1,1.5
1936,10,0.230876145667642,0,1.30079071542319,0,13.161824584677,582.024226000469,583.473521540446,20,0.1,1.5
1936,9,0.230876145667642,0,1.29819160401243,0,13.1358334705694,595.160059471039,596.609355011015,20,0.1,1.5
1936,8,0.230876145667642,0,1.29559768588914,0,13.1098942893365,608.269953760375,609.719249300352,20,0.1,1.5
1936,7,0.230876145667642,0,1.29300895067662,0,13.0840069372112,621.353960697586,622.803256237563,20,0.1,1.5
1936,6,0.230876145667642,0,1.29042538801886,0,13.0581713106337,634.41213200822,635.861427548197,20,0.1,1.5
1936,5,0.230876145667642,0,1.2878469875806,0,13.0323873062511,647.444519314471,648.893814854448,20,0.1,1.5
1936,4,0.230876145667642,0,1.2852737390472,0,13.0066548209171,660.451174135388,661.900469675365,20,0.1,1.5
1936,3,0.230876145667642,0,1.28270563212462,0,12.9809737516913,673.43214788708,674.881443427056,20,0.1,1.5
1936,2,0.0115438072833821,0,0.00054503932474895,0,0.0131462647697442,673.44529415185,674.894589691826,1,0.1,1.5
1936,1,150,0,1.29501464733563,0,112.950146473356,786.395440625206,787.844736165182,99999,0.1,1.5
1937,62,0.0142935557971787,0.0447576563816323,0.0447576563816323,0,0.904682164830766,0,0,1,0.1,1.5
1937,61,0.0143819976631218,0.000447521256639147,0.0447476504513483,0.002507900376366,0.497366863755755,0.461539715521955,0.497366863755755,1,0.1,1.5
1937,60,0.014422593205688,0.000631316906586286,0.0453708808714605,0.00251724082935306,0.505597623194065,0.931176755439548,1.00296448694982,1,0.1,1.5
1937,59,0.0144162531860736,0.000635529757012734,0.0460026670295832,0.00251573999218654,0.511931946068864,1.40716955876289,1.51489643301868,1,0.1,1.5
1937,58,0.014364130186679,0.000635237324638097,0.0466402897983336,0.00251282498146269,0.518228857756017,1.88950091678373,2.0331252907747,1,0.1,1.5
1937,57,0.0142675880575216,0.000634545211934081,0.0472833585178532,0.00250868401429987,0.524529105730981,2.37819167945328,2.55765439650568,1,0.1,1.5
1937,56,0.0141281581999049,0.000633534504141582,0.047930978965796,0.00250326427870093,0.530824825099802,2.87325558628593,3.08847922160548,1,0.1,1.5
1937,55,0.0139511180168428,0.000632249086082324,0.0485864082224639,0.00249673135805834,0.537154909259429,3.37474290471595,3.62563413086491,1,0.1,1.5
1937,54,0.0137134382863921,0.000634146498134149,0.0495289341876528,0.00250272702232653,0.54652634222489,3.88551600376475,4.1721604730898,1,0.1,1.5
1937,53,0.0115438072833821,0.000629811609926756,0.0501348049364413,0.0024840939370319,0.550829093229248,4.40085804075068,4.72298956631905,1,0.1,1.5
1937,52,0.230876145667642,0.010463587654535,0.997597404746187,0.0409925933769414,10.8201358312658,14.635385395203,15.5431253975848,20,0.1,1.5
1937,51,0.230876145667642,0.00657314492670879,0.975125938601892,0.0252825530488455,10.3320875950003,24.6062936609341,25.8752129925851,20,0.1,1.5
1937,50,0.230876145667642,0.0033926685994853,1.16558083086602,0.0123727807503387,12.0204064358193,36.4499460860342,37.8956194284044,20,0.1,1.5
1937,49,0.230876145667642,0.000127577383521523,1.30977648641083,0.000280866852395548,13.2569704519942,49.7029041544228,51.1525898803986,20,0.1,1.5
1937,48,0.230876145667642,4.03362672442062e-22,1.39665825231592,0,14.1204999536043,63.8234041080271,65.2730898340029,20,0.1,1.5
1937,47,0.230876145667642,3.56754758476505e-24,1.40056540729241,0,14.1595715033692,77.9829756113962,79.432661337372,20,0.1,1.5
1937,46,0.230876145667642,3.56754758476509e-64,1.39776693595613,0,14.1315867900064,92.1145624014026,93.5642481273784,20,0.1,1.5
1937,45,0.230876145667642,3.56754758476514e-104,1.39497405624862,0,14.1036579929313,106.218220394334,107.66790612031,20,0.1,1.5
1937,44,0.230876145667642,3.56754758476518e-144,1.39218675699723,0,14.0757850004174,120.294005394751,121.743691120727,20,0.1,1.5
1937,43,0.230876145667642,3.56754758476523e-184,1.38940502705166,0,14.0479677009617,134.341973095713,135.791658821689,20,0.1,1.5
1937,42,0.230876145667642,3.56754758476527e-224,1.38662885528386,0,14.0202059832837,148.362179078997,149.811864804972,20,0.1,1.5
1937,41,0.230876145667642,3.56754758476532e-264,1.38385823058803,0,13.9924997363254,162.354678815322,163.804364541298,20,0.1,1.5
1937,40,0.230876145667642,3.56754758476536e-304,1.38109314188056,0,13.9648488492507,176.319527664573,177.769213390549,20,0.1,1.5
1937,39,0.230876145667642,0,1.3783335781,0,13.9372532114451,190.256780876018,191.706466601994,20,0.1,1.5
1937,38,0.230876145667642,0,1.37557952820696,0,13.9097127125147,204.166493588533,205.616179314508,20,0.1,1.5
1937,37,0.230876145667642,0,1.37283098118416,0,13.8822272422867,218.048720830819,219.498406556795,20,0.1,1.5
1937,36,0.230876145667642,0,1.37008792603629,0,13.854796690808,231.903517521627,233.353203247603,20,0.1,1.5
1937,35,0.230876145667642,0,1.36735035179004,0,13.8274209483455,245.730938469973,247.180624195949,20,0.1,1.5
1937,34,0.230876145667642,0,1.36461824749401,0,13.8000999053852,259.531038375358,260.980724101334,20,0.1,1.5
1937,33,0.230876145667642,0,1.36189160221869,0,13.772833452632,273.30387182799,274.753557553966,20,0.1,1.5
1937,32,0.230876145667642,0,1.3591704050564,0,13.7456214810091,287.049493308999,288.499179034975,20,0.1,1.5
1937,31,0.230876145667642,0,1.35645464512126,0,13.7184638816577,300.767957190657,302.217642916633,20,0.1,1.5
1937,30,0.230876145667642,0,1.35374431154915,0,13.6913605459365,314.459317736593,315.909003462569,20,0.1,1.5
1937,29,0.230876145667642,0,1.35103939349763,0,13.6643113654214,328.123629102015,329.573314827991,20,0.1,1.5
1937,28,0.230876145667642,0,1.34833988014595,0,13.6373162319046,341.760945333919,343.210631059895,20,0.1,1.5
1937,27,0.230876145667642,0,1.34564576069497,0,13.6103750373948,355.371320371314,356.82100609729,20,0.1,1.5
1937,26,0.230876145667642,0,1.34295702436715,0,13.5834876741166,368.954808045431,370.404493771407,20,0.1,1.5
1937,25,0.230876145667642,0,1.34027366040644,0,13.5566540345095,382.51146207994,383.961147805916,20,0.1,1.5
1937,24,0.230876145667642,0,1.33759565807832,0,13.5298740112283,396.041336091169,397.491021817144,20,0.1,1.5
1937,23,0.230876145667642,0,1.3349230066697,0,13.5031474971421,409.544483588311,410.994169314286,20,0.1,1.5
1937,22,0.230876145667642,0,1.33225569548891,0,13.4764743853342,423.020957973645,424.47064369962,20,0.1,1.5
1937,21,0.230876145667642,0,1.32959371386562,0,13.4498545691013,436.470812542746,437.920498268722,20,0.1,1.5
1937,20,0.230876145667642,0,1.32693705115086,0,13.4232879419537,449.8941004847,451.343786210675,20,0.1,1.5
1937,19,0.230876145667642,0,1.32428569671689,0,13.396774397614,463.290874882314,464.740560608289,20,0.1,1.5
1937,18,0.230876145667642,0,1.32163963995723,0,13.3703138300174,476.661188712331,478.110874438307,20,0.1,1.5
1937,17,0.230876145667642,0,1.31899887028661,0,13.3439061333112,490.005094845643,491.454780571618,20,0.1,1.5
1937,16,0.230876145667642,0,1.31636337714087,0,13.3175512018538,503.322646047496,504.772331773472,20,0.1,1.5
1937,15,0.230876145667642,0,1.31373314997699,0,13.2912489302149,516.613894977711,518.063580703687,20,0.1,1.5
1937,14,0.230876145667642,0,1.311108178273,0,13.2649992131751,529.878894190886,531.328579916862,20,0.1,1.5
1937,13,0.230876145667642,0,1.30848845152796,0,13.2388019457247,543.117696136611,544.567381862587,20,0.1,1.5
1937,12,0.230876145667642,0,1.30587395926192,0,13.2126570230643,556.330353159675,557.780038885651,20,0.1,1.5
1937,11,0.230876145667642,0,1.30326469101586,0,13.1865643406037,569.516917500279,570.966603226255,20,0.1,1.5
1937,10,0.230876145667642,0,1.30066063635165,0,13.1605237939616,582.67744129424,584.127127020216,20,0.1,1.5
1937,9,0.230876145667642,0,1.29806178485203,0,13.1345352789654,595.811976573206,597.261662299181,20,0.1,1.5
1937,8,0.230876145667642,0,1.29546812612056,0,13.1085986916506,608.920575264856,610.370260990832,20,0.1,1.5
1937,7,0.230876145667642,0,1.29287964978155,0,13.0827139282606,622.003289193117,623.452974919093,20,0.1,1.5
1937,6,0.230876145667642,0,1.29029634548006,0,13.0568808852457,635.060170078363,636.509855804338,20,0.1,1.5
1937,5,0.230876145667642,0,1.28771820288185,0,13.0310994592636,648.091269537626,649.540955263602,20,0.1,1.5
1937,4,0.230876145667642,0,1.28514521167329,0,13.005369547178,661.096639084804,662.54632481078,20,0.1,1.5
1937,3,0.230876145667642,0,1.28257736156141,0,12.9796910460592,674.076330130863,675.526015856839,20,0.1,1.5
1937,2,0.0115438072833821,0,0.000544984820816475,0,0.0131457197304195,674.089475850594,675.53916157657,1,0.1,1.5
1937,1,150,0,1.2948851458709,0,112.948851458709,787.038327309303,788.488013035279,99999,0.1,1.5
1938,63,0.0141566193856268,0.0447697062433707,0.0447697062433707,0,0.904831871124499,0,0,1,0.1,1.5
1938,62,0.0142935557971787,0.000447576563816324,0.0447531806159942,0.00250900944353275,0.497379601046692,0.461536608996224,0.497379601046692,1,0.1,1.5
1938,61,0.0143819976631218,0.000631450306657892,0.0453701507803946,0.00251819297467145,0.505578194665056,0.93114061830883,1.00295779571175,1,0.1,1.5
1938,60,0.014422593205688,0.000635623376404129,0.0459956539907116,0.00251652649674994,0.511878214333282,1.40706845411711,1.51483601004503,1,0.1,1.5
1938,59,0.0144162531860736,0.000635290295616763,0.0466270017609269,0.00251344892022971,0.518140169168958,1.88930221013993,2.03297617921399,1,0.1,1.5
1938,58,0.014364130186679,0.000634558618612054,0.0472638320147194,0.00250914974765054,0.524404989519441,2.37786220326437,2.55738116873343,1,0.1,1.5
1938,57,0.0142675880575216,0.000633516455694308,0.0479058011855764,0.00250360389347269,0.530670671691141,2.87276710504875,3.08805184042457,1,0.1,1.5
1938,56,0.0141281581999049,0.000632151414716649,0.0485520019375747,0.0024967547030488,0.536928229985451,3.37402741070494,3.62498007041002,1,0.1,1.5
1938,55,0.0139511180168428,0.000630505330375408,0.0492057324211563,0.00248876811913656,0.543216953133258,3.88169053356482,4.16819702354328,1,0.1,1.5
1938,54,0.0137134382863921,0.000632023220562973,0.0501496630498156,0.00249323056893265,0.552576734450895,4.39864968845953,4.72077375799417,1,0.1,1.5
1938,53,0.0115438072833821,0.000627321600357243,0.0507508149402057,0.00247312627875696,0.556807612338697,4.92012692538741,5.27758137033287,1,0.1,1.5
1938,52,0.230876145667642,0.0103527842207807,1.00774579334995,0.0405321293927559,10.9139336260489,15.2550301315398,16.1915149963818,20,0.1,1.5
1938,51,0.230876145667642,0.00638636971147846,0.981349064270243,0.0245275876323918,10.3816658792965,25.2863019018021,26.5731808756782,20,0.1,1.5
1938,50,0.230876145667642,0.00312712187357952,1.16855746797052,0.011315394842263,12.0324118266327,37.1570652306882,38.6055927023109,20,0.1,1.5
1938,49,0.230876145667642,7.14924869341021e-05,1.30971572547528,0.00012337074209821,13.2535520492401,50.4088548407554,51.859144751551,20,0.1,1.5
1938,48,0.230876145667642,4.03362672442062e-24,1.39651858649069,0,14.119103295352,64.5279581361074,65.978248046903,20,0.1,1.5
1938,47,0.230876145667642,3.56754758476505e-26,1.40042535075168,0,14.1581709379619,78.6861290740692,80.1364189848649,20,0.1,1.5
1938,46,0.230876145667642,3.56754758476509e-66,1.39762715926253,0,14.1301890230704,92.8163180971397,94.2666080079353,20,0.1,1.5
1938,45,0.230876145667642,3.56754758476514e-106,1.39483455884299,0,14.102263018875,106.918581116015,108.36887102681,20,0.1,1.5
1938,44,0.230876145667642,3.56754758476518e-146,1.39204753832153,0,14.0743928136604,120.992973929675,122.443263840471,20,0.1,1.5
1938,43,0.230876145667642,3.56754758476523e-186,1.38926608654895,0,14.0465782959346,135.03955222561,136.489842136405,20,0.1,1.5
1938,42,0.230876145667642,3.56754758476527e-226,1.38649019239833,0,14.0188193544284,149.058371580038,150.508661490834,20,0.1,1.5
1938,41,0.230876145667642,3.56754758476532e-266,1.38371984476497,0,13.9911158780948,163.049487458133,164.499777368929,20,0.1,1.5
1938,40,0.230876145667642,3.56754758476536e-306,1.38095503256638,0,13.9634677561089,177.012955214242,178.463245125037,20,0.1,1.5
1938,39,0.230876145667642,0,1.37819574474219,0,13.935874877867,190.948830092109,192.399120002904,20,0.1,1.5
1938,38,0.230876145667642,0,1.37544197025414,0,13.9083371329865,204.857167225095,206.307457135891,20,0.1,1.5
1938,37,0.230876145667642,0,1.37269369808604,0,13.8808544113055,218.738021636401,220.188311547196,20,0.1,1.5
1938,36,0.230876145667642,0,1.36995091724369,0,13.853426602882,232.591448239283,234.041738150078,20,0.1,1.5
1938,35,0.230876145667642,0,1.36721361675486,0,13.8260535979937,246.417501837276,247.867791748072,20,0.1,1.5
1938,34,0.230876145667642,0,1.36448178566926,0,13.7987352871377,260.216237124414,261.66652703521,20,0.1,1.5
1938,33,0.230876145667642,0,1.36175541305847,0,13.7714715610298,273.987708685444,275.43799859624,20,0.1,1.5
1938,32,0.230876145667642,0,1.3590344880159,0,13.7442623106041,287.731970996048,289.182260906844,20,0.1,1.5
1938,31,0.230876145667642,0,1.35631899965675,0,13.7171074270126,301.449078423061,302.899368333856,20,0.1,1.5
1938,30,0.230876145667642,0,1.35360893711799,0,13.690006801625,315.139085224686,316.589375135481,20,0.1,1.5
1938,29,0.230876145667642,0,1.35090428955828,0,13.6629603260279,328.802045550714,330.252335461509,20,0.1,1.5
1938,28,0.230876145667642,0,1.34820504615793,0,13.6359678920244,342.438013442738,343.888303353534,20,0.1,1.5
1938,27,0.230876145667642,0,1.34551119611891,0,13.6090293916341,356.047042834372,357.497332745168,20,0.1,1.5
1938,26,0.230876145667642,0,1.34282272866471,0,13.5821447170922,369.629187551464,371.07947746226,20,0.1,1.5
1938,25,0.230876145667642,0,1.3401396330404,0,13.5553137608491,383.184501312314,384.634791223109,20,0.1,1.5
1938,24,0.230876145667642,0,1.33746189851251,0,13.5285364155702,396.713037727884,398.163327638679,20,0.1,1.5
1938,23,0.230876145667642,0,1.33478951436903,0,13.5018125741354,410.214850302019,411.665140212815,20,0.1,1.5
1938,22,0.230876145667642,0,1.33212246991936,0,13.4751421296387,423.689992431658,425.140282342453,20,0.1,1.5
1938,21,0.230876145667642,0,1.32946075449424,0,13.4485249753875,437.138517407045,438.588807317841,20,0.1,1.5
1938,20,0.230876145667642,0,1.32680435744574,0,13.4219610049025,450.560478411948,452.010768322743,20,0.1,1.5
1938,19,0.230876145667642,0,1.32415326814722,0,13.3954501119173,463.955928523865,465.40621843466,20,0.1,1.5
1938,18,0.230876145667642,0,1.32150747599324,0,13.3689921903775,477.324920714243,478.775210625038,20,0.1,1.5
1938,17,0.230876145667642,0,1.31886697039958,0,13.3425871344409,490.667507848684,492.117797759479,20,0.1,1.5
1938,16,0.230876145667642,0,1.31623174080315,0,13.3162348384766,503.98374268716,505.434032597955,20,0.1,1.5
1938,15,0.230876145667642,0,1.31360177666199,0,13.289935197065,517.273677884225,518.72396779502,20,0.1,1.5
1938,14,0.230876145667642,0,1.31097706745517,0,13.2636881049968,530.537365989222,531.987655900017,20,0.1,1.5
1938,13,0.230876145667642,0,1.30835760268281,0,13.2374934572732,543.774859446495,545.225149357291,20,0.1,1.5
1938,12,0.230876145667642,0,1.30574337186599,0,13.211351149105,556.9862105956,558.436500506396,20,0.1,1.5
1938,11,0.230876145667642,0,1.30313436454675,0,13.1852610759126,570.171471671513,571.621761582308,20,0.1,1.5
1938,10,0.230876145667642,0,1.30053057028801,0,13.1592231333252,583.330694804838,584.780984715633,20,0.1,1.5
1938,9,0.230876145667642,0,1.29793197867354,0,13.1332372171805,596.463932022018,597.914221932814,20,0.1,1.5
1938,8,0.230876145667642,0,1.29533857930794,0,13.1073032235245,609.571235245543,611.021525156338,20,0.1,1.5
1938,7,0.230876145667642,0,1.29275036181657,0,13.0814210486108,622.652656294154,624.102946204949,20,0.1,1.5
1938,6,0.230876145667642,0,1.29016731584552,0,13.0555905889002,635.708246883054,637.15853679385,20,0.1,1.5
1938,5,0.230876145667642,0,1.28758943106156,0,13.0298117410607,648.738058624115,650.18834853491,20,0.1,1.5
1938,4,0.230876145667642,0,1.28501669715213,0,13.0040844019664,661.742143026081,663.192432936877,20,0.1,1.5
1938,3,0.230876145667642,0,1.28244910382525,0,12.9784084686976,674.720551494778,676.170841405574,20,0.1,1.5
1938,2,0.0115438072833821,0,0.000544930322334394,0,0.0131451747455987,674.733696669524,676.18398658032,1,0.1,1.5
1938,1,150,0,1.29475565735631,0,112.947556573563,787.681253243087,789.131543153883,99999,0.1,1.5
1939,64,0.0139708242108946,0.0447883648922166,0.0447883648922166,0,0.905081180651595,0,0,1,0.1,1.5
1939,63,0.0141566193856268,0.000447697062433708,0.0447652292727464,0.00251070152879707,0.497434174305987,0.461567009608886,0.497434174305987,1,0.1,1.5
1939,62,0.0142935557971787,0.00063172812652135,0.0453759576588158,0.00251973116657445,0.505602054573982,0.931172904660376,1.00303622887997,1,0.1,1.5
1939,61,0.0143819976631218,0.000635862746734442,0.0459951620089844,0.00251789494574182,0.511868173795582,1.40707115065965,1.51490440267555,1,0.1,1.5
1939,60,0.014422593205688,0.000635487857951526,0.0466201860495,0.00251464928938944,0.518095362488633,1.88924295187129,2.03299976516418,1,0.1,1.5
1939,59,0.0144162531860736,0.000634715133013594,0.0472507012908082,0.00251018533600335,0.524324790209934,2.37770795156689,2.55732455537412,1,0.1,1.5
1939,58,0.014364130186679,0.000633633023098755,0.0478863930684306,0.00250447910459368,0.530554620629179,2.8724842992733,3.0878791760033,1,0.1,1.5
1939,57,0.0142675880575216,0.000632236137925115,0.048526911578826,0.00249750158368758,0.536781796591872,3.37358750181249,3.62466097259517,1,0.1,1.5
1939,56,0.0141281581999049,0.000630510189909366,0.0491713354131431,0.00248919718199278,0.542997187906548,3.88102472997629,4.16765816050172,1,0.1,1.5
1939,55,0.0139511180168428,0.000628497083087895,0.0498230038776983,0.0024797323045592,0.549240502160412,4.39484048492871,4.71689866266213,1,0.1,1.5
1939,54,0.0137134382863921,0.000629627874438793,0.0507679557257438,0.00248263201551461,0.558584299842963,4.91795861312146,5.27548296250509,1,0.1,1.5
1939,53,0.0115438072833821,0.000624554785692814,0.0513640214284009,0.0024610385467367,0.562739327188002,5.44554024678466,5.8382222896931,1,0.1,1.5
1939,52,0.230876145667642,0.0102365601903968,1.0177780511188,0.0400499568386783,11.0062057840896,15.8796037903217,16.8444280737827,20,0.1,1.5
1939,51,0.230876145667642,0.00619576060521273,0.987382826271914,0.0237575826693402,10.4290973373498,25.9693070895381,27.2735254111325,20,0.1,1.5
1939,50,0.230876145667642,0.00286011992930155,1.17126946093429,0.01025262994604,12.0416793811673,37.8645203286191,39.3152047922998,20,0.1,1.5
1939,49,0.230876145667642,3.15576103938936e-05,1.30961559658826,2.97714336221062e-05,13.2508142786263,51.1149093010507,52.566019070926,20,0.1,1.5
1939,48,0.230876145667642,4.03362672442062e-26,1.39637893463204,0,14.1177067767655,65.2326160778162,66.6837258476915,20,0.1,1.5
1939,47,0.230876145667642,3.56754758476505e-28,1.4002853082166,0,14.1567705126111,79.3893865904273,80.8404963603026,20,0.1,1.5
1939,46,0.230876145667642,3.5675475847651e-68,1.39748739654661,0,14.1287913959112,93.5181779863384,94.9692877562138,20,0.1,1.5
1939,45,0.230876145667642,3.56754758476514e-108,1.39469507538711,0,14.1008681843162,107.619046170655,109.07015594053,20,0.1,1.5
1939,44,0.230876145667642,3.56754758476518e-148,1.3919083335677,0,14.0730007661221,121.692046936777,123.143156706652,20,0.1,1.5
1939,43,0.230876145667642,3.56754758476523e-188,1.3891271599403,0,14.0451890298481,135.737235966625,137.1883457365,20,0.1,1.5
1939,42,0.230876145667642,3.56754758476528e-228,1.38635154337909,0,14.017432864236,149.754668830861,151.205778600736,20,0.1,1.5
1939,41,0.230876145667642,3.56754758476532e-268,1.3835814727805,0,13.98973215825,163.744400989111,165.195510758986,20,0.1,1.5
1939,40,0.230876145667642,3.56754758476536e-308,1.38081693706312,0,13.9620868010763,177.706487790187,179.157597560062,20,0.1,1.5
1939,39,0.230876145667642,0,1.37805792516771,0,13.9344966821222,191.640984472309,193.092094242185,20,0.1,1.5
1939,38,0.230876145667642,0,1.37530442605712,0,13.9069616910163,205.547946163326,206.999055933201,20,0.1,1.5
1939,37,0.230876145667642,0,1.37255642871623,0,13.8794817176074,219.427427880933,220.878537650808,20,0.1,1.5
1939,36,0.230876145667642,0,1.36981392215196,0,13.8520566519647,233.279484532898,234.730594302773,20,0.1,1.5
1939,35,0.230876145667642,0,1.36707689539319,0,13.824686384377,247.104170917275,248.55528068715,20,0.1,1.5
1939,34,0.230876145667642,0,1.3643453374907,0,13.7973708053521,260.901541722627,262.352651492502,20,0.1,1.5
1939,33,0.230876145667642,0,1.36161923751716,0,13.7701098056167,274.671651528244,276.122761298119,20,0.1,1.5
1939,32,0.230876145667642,0,1.3588985845671,0,13.742903276116,288.41455480436,289.865664574235,20,0.1,1.5
1939,31,0.230876145667642,0,1.35618336775679,0,13.715751108013,302.130305912373,303.581415682248,20,0.1,1.5
1939,30,0.230876145667642,0,1.35347357622428,0,13.6886531926879,315.81895910506,317.270068874936,20,0.1,1.5
1939,29,0.230876145667642,0,1.35076919912932,0,13.6616094217383,329.480568526799,330.931678296674,20,0.1,1.5
1939,28,0.230876145667642,0,1.34807022565332,0,13.6346196869783,343.115188213777,344.566297983652,20,0.1,1.5
1939,27,0.230876145667642,0,1.34537664499929,0,13.607683880438,356.722872094215,358.17398186409,20,0.1,1.5
1939,26,0.230876145667642,0,1.34268844639184,0,13.5808018943635,370.303673988579,371.754783758454,20,0.1,1.5
1939,25,0.230876145667642,0,1.34000561907709,0,13.553973621216,383.857647609795,385.30875737967,20,0.1,1.5
1939,24,0.230876145667642,0,1.33732815232266,0,13.5271989536717,397.384846563466,398.835956333342,20,0.1,1.5
1939,23,0.230876145667642,0,1.3346560354176,0,13.500477784621,410.885324348088,412.336434117963,20,0.1,1.5
1939,22,0.230876145667642,0,1.33198925767237,0,13.4738100071688,424.359134355256,425.810244125131,20,0.1,1.5
1939,21,0.230876145667642,0,1.32932780841879,0,13.447195514633,437.806329869889,439.257439639764,20,0.1,1.5
1939,20,0.230876145667642,0,1.32667167701,0,13.4206342005451,451.226964070434,452.67807384031,20,0.1,1.5
1939,19,0.230876145667642,0,1.3240208528204,0,13.3941259586491,464.621090029084,466.072199798959,20,0.1,1.5
1939,18,0.230876145667642,0,1.32137532524564,0,13.3676706829015,477.988760711985,479.43987048186,20,0.1,1.5
1939,17,0.230876145667642,0,1.31873508370254,0,13.3412682674705,491.330028979456,492.78113874933,20,0.1,1.5
1939,16,0.230876145667642,0,1.31610011762907,0,13.3149186067358,504.644947586191,506.096057356066,20,0.1,1.5
1939,15,0.230876145667642,0,1.31347041648432,0,13.2886215952883,517.93356918148,519.384678951355,20,0.1,1.5
1939,14,0.230876145667642,0,1.31084596974842,0,13.2623771279293,531.195946309409,532.647056079284,20,0.1,1.5
1939,13,0.230876145667642,0,1.30822676692254,0,13.2361850996705,544.43213140908,545.883241178954,20,0.1,1.5
1939,12,0.230876145667642,0,1.30561279752881,0,13.2100454057332,557.642176814813,559.093286584688,20,0.1,1.5
1939,11,0.230876145667642,0,1.3030040511103,0,13.1839579415481,570.826134756361,572.277244526236,20,0.1,1.5
1939,10,0.230876145667642,0,1.30040051723098,0,13.1579226027549,583.984057359116,585.435167128991,20,0.1,1.5
1939,9,0.230876145667642,0,1.29780218547568,0,13.1319392852019,597.115996644317,598.567106414192,20,0.1,1.5
1939,8,0.230876145667642,0,1.29520904545001,0,13.1060078849452,610.222004529263,611.673114299138,20,0.1,1.5
1939,7,0.230876145667642,0,1.29262108678039,0,13.080128298249,623.302132827512,624.753242597387,20,0.1,1.5
1939,6,0.230876145667642,0,1.29003829911393,0,13.0543004215844,636.356433249096,637.807543018971,20,0.1,1.5
1939,5,0.230876145667642,0,1.28746067211845,0,13.0285241516296,649.384957400725,650.836067170601,20,0.1,1.5
1939,4,0.230876145667642,0,1.28488819548241,0,13.0027993852692,662.387756785995,663.83886655587,20,0.1,1.5
1939,3,0.230876145667642,0,1.28232085891487,0,12.9771260195938,675.364882805588,676.815992575464,20,0.1,1.5
1939,2,0.0115438072833821,0,0.00054487582930216,0,0.0131446298152763,675.378027435404,676.829137205279,1,0.1,1.5
1939,1,150,0,1.29462618179058,0,112.946261817906,788.324289253309,789.775399023185,99999,0.1,1.5
1940,65,0.0137351630507112,0.0448136840696785,0.0448136840696785,0,0.90543045676071,0,0,1,0.1,1.5
1940,64,0.0139708242108946,0.000447883648922166,0.0447838860557274,0.00251298919463413,0.497531425491389,0.461631579853759,0.497531425491389,1,0.1,1.5
1940,63,0.0141566193856268,0.000632152352823604,0.0453884281320184,0.00252186882816174,0.505670248650672,0.931275130959263,1.00320167414206,1,0.1,1.5
1940,62,0.0142935557971787,0.000636250072908826,0.0460013528546935,0.00251985946079576,0.511903058771224,1.40718019743341,1.51510473291329,1,0.1,1.5
1940,61,0.0143819976631218,0.000635832363902799,0.046620036229219,0.00251644075690852,0.518095838043421,1.8893268818067,2.03320057095671,1,0.1,1.5
1940,60,0.014422593205688,0.000635017200926875,0.0472441863532424,0.00251180578107392,0.524290037408446,2.37773397948552,2.55749060836515,1,0.1,1.5
1940,59,0.0144162531860736,0.000633893485330973,0.04787352255468,0.00250593186625173,0.530484022518231,2.87241897534301,3.08797463088338,1,0.1,1.5
1940,58,0.014364130186679,0.000632456106379406,0.0485077242052721,0.00249879109816573,0.536674905595717,3.37339686525065,3.6246495364791,1,0.1,1.5
1940,57,0.0142675880575216,0.000630697757301145,0.04914643428359,0.00249035543628847,0.542859552013285,3.88067991103124,4.16750908849239,1,0.1,1.5
1940,56,0.0141281581999049,0.000628604397397288,0.0497887175751,0.00248057055137859,0.549028714020794,4.39427190288949,4.71653780251318,1,0.1,1.5
1940,55,0.0139511180168428,0.000626218046970679,0.0504379546534503,0.00246960330422378,0.555222519551969,4.91421437523826,5.27176032206515,1,0.1,1.5
1940,54,0.0137134382863921,0.000626954282623039,0.0513835369340499,0.00247091126460149,0.564545936709107,5.44346157959591,5.83630625877426,1,0.1,1.5
1940,53,0.0115438072833821,0.000621505184541102,0.0519741446629422,0.00244781141274495,0.568621104464873,5.977113949593,6.40492736323913,1,0.1,1.5
1940,52,0.230876145667642,0.0101148548115735,1.02768876252336,0.0395459104067149,11.0968951810332,16.5090675533874,17.5018225442723,20,0.1,1.5
1940,51,0.230876145667642,0.00600135327338718,0.993223483656622,0.0229727249123206,10.4743475842069,26.6552333531326,27.9761701284792,20,0.1,1.5
1940,50,0.230876145667642,0.00259175868580301,1.1737154914747,0.00918491487179671,12.0482030016472,38.5722232851828,40.0243731301265,20,0.1,1.5
1940,49,0.230876145667642,7.75843450946548e-06,1.30949207788701,0,13.2489157936603,51.821139078843,53.2732889237868,20,0.1,1.5
1940,48,0.230876145667642,4.03362672442062e-28,1.39623929673857,0,14.1163103978308,65.9374494766739,67.3895993216176,20,0.1,1.5
1940,47,0.230876145667642,3.56754758476505e-30,1.40014527968578,0,14.1553702273029,80.0928197039768,81.5449695489205,20,0.1,1.5
1940,46,0.230876145667642,3.5675475847651e-70,1.39734764780695,0,14.1273939085146,94.2202136124914,95.6723634574351,20,0.1,1.5
1940,45,0.230876145667642,3.56754758476514e-110,1.39455560587957,0,14.0994734892408,108.319687101732,109.771836946676,20,0.1,1.5
1940,44,0.230876145667642,3.56754758476519e-150,1.39176914273434,0,14.0716088577885,122.391295959521,123.843445804464,20,0.1,1.5
1940,43,0.230876145667642,3.56754758476523e-190,1.3889882472243,0,14.0437999026881,136.435095862209,137.887245707153,20,0.1,1.5
1940,42,0.230876145667642,3.56754758476528e-230,1.38621290822475,0,14.0160465126926,150.451142374901,151.903292219845,20,0.1,1.5
1940,41,0.230876145667642,3.56754758476532e-270,1.38344311463322,0,13.9883485767773,164.439490951679,165.891640796622,20,0.1,1.5
1940,40,0.230876145667642,3.56754758476535e-310,1.38067885536941,0,13.9607059841392,178.400196935818,179.852346780762,20,0.1,1.5
1940,39,0.230876145667642,0,1.3779201193752,0,13.933118624197,192.333315560015,193.785465404959,20,0.1,1.5
1940,38,0.230876145667642,0,1.37516689561451,0,13.9055863865902,206.238901946605,207.691051791549,20,0.1,1.5
1940,37,0.230876145667642,0,1.37241917307336,0,13.8781091611787,220.117011107784,221.569160952728,20,0.1,1.5
1940,36,0.230876145667642,0,1.36967694075975,0,13.8506868380426,233.967697945826,235.41984779077,20,0.1,1.5
1940,35,0.230876145667642,0,1.36694018770365,0,13.8233193074816,247.791017253308,249.243167098252,20,0.1,1.5
1940,34,0.230876145667642,0,1.36420890295695,0,13.7960064600146,261.587023713323,263.039173558266,20,0.1,1.5
1940,33,0.230876145667642,0,1.36148307559341,0,13.7687481863792,275.355771899702,276.807921744646,20,0.1,1.5
1940,32,0.230876145667642,0,1.35876269470864,0,13.7415443775315,289.097316277233,290.549466122177,20,0.1,1.5
1940,31,0.230876145667642,0,1.35604774942001,0,13.7143949246452,302.811711201879,304.263861046822,20,0.1,1.5
1940,30,0.230876145667642,0,1.35333822886666,0,13.6872997191117,316.49901092099,317.951160765934,20,0.1,1.5
1940,29,0.230876145667642,0,1.35063412220941,0,13.6602586525392,330.159269573529,331.611419418473,20,0.1,1.5
1940,28,0.230876145667642,0,1.34793541863075,0,13.6332716167526,343.792541190282,345.244691035226,20,0.1,1.5
1940,27,0.230876145667642,0,1.34524210733479,0,13.606338503793,357.398879694075,358.851029539019,20,0.1,1.5
1940,26,0.230876145667642,0,1.3425541775472,0,13.5794592059171,370.978338899992,372.430488744936,20,0.1,1.5
1940,25,0.230876145667642,0,1.33987161851519,0,13.552633615597,384.530972515589,385.983122360533,20,0.1,1.5
1940,24,0.230876145667642,0,1.33719441950743,0,13.5258616255194,398.056834141109,399.508983986052,20,0.1,1.5
1940,23,0.230876145667642,0,1.33452256981405,0,13.4991431285856,411.555977269694,413.008127114638,20,0.1,1.5
1940,22,0.230876145667642,0,1.3318560587466,0,13.4724780179111,425.028455287605,426.480605132549,20,0.1,1.5
1940,21,0.230876145667642,0,1.32919487563795,0,13.4458661868246,438.47432147443,439.926471319373,20,0.1,1.5
1940,20,0.230876145667642,0,1.3265390098423,0,13.4193075288681,451.893629003298,453.345778848241,20,0.1,1.5
1940,19,0.230876145667642,0,1.32388845073512,0,13.3928019377963,465.286430941094,466.738580786038,20,0.1,1.5
1940,18,0.230876145667642,0,1.32124318771311,0,13.3663493075762,478.652780248671,480.104930093614,20,0.1,1.5
1940,17,0.230876145667642,0,1.31860321019417,0,13.3399495323868,491.992729781058,493.444879626001,20,0.1,1.5
1940,16,0.230876145667642,0,1.31596850761731,0,13.3136025066182,505.306332287676,506.758482132619,20,0.1,1.5
1940,15,0.230876145667642,0,1.31333906944267,0,13.2873081248718,518.593640412548,520.045790257491,20,0.1,1.5
1940,14,0.230876145667642,0,1.31071488515145,0,13.2610662819596,531.854706694507,533.30685653945,20,0.1,1.5
1940,13,0.230876145667642,0,1.30809594424585,0,13.2348768729036,545.089583567411,546.541733412354,20,0.1,1.5
1940,12,0.230876145667642,0,1.30548223624906,0,13.2087397929356,558.298323360346,559.75047320529,20,0.1,1.5
1940,11,0.230876145667642,0,1.30287375070519,0,13.182654937497,571.480978297843,572.933128142786,20,0.1,1.5
1940,10,0.230876145667642,0,1.30027047717926,0,13.1566222022377,584.637600500081,586.089750345024,20,0.1,1.5
1940,9,0.230876145667642,0,1.29767240525713,0,13.1306414830164,597.768241983097,599.22039182804,20,0.1,1.5
1940,8,0.230876145667642,0,1.29507952454547,0,13.1047126758998,610.872954658997,612.32510450394,20,0.1,1.5
1940,7,0.230876145667642,0,1.29249182467171,0,13.0788356771622,623.951790336159,625.403940181102,20,0.1,1.5
1940,6,0.230876145667642,0,1.28990929528402,0,13.0530103832853,637.004800719444,638.456950564388,20,0.1,1.5
1940,5,0.230876145667642,0,1.28733192605124,0,13.0272366909575,650.032037410402,651.484187255345,20,0.1,1.5
1940,4,0.230876145667642,0,1.28475970666286,0,13.0015144970737,663.033551907475,664.485701752419,20,0.1,1.5
1940,3,0.230876145667642,0,1.28219262682898,0,12.9758436987349,676.00939560621,677.461545451154,20,0.1,1.5
1940,2,0.0115438072833821,0,0.00054482134171923,0,0.013144084939447,676.02253969115,677.474689536093,1,0.1,1.5
1940,1,150,0,1.2944967191724,0,112.944967191724,788.967506882874,790.419656727817,99999,0.1,1.5
1941,66,0.0134510081719988,0.0448458040350269,0.0448458040350269,0,0.90588341948187,0,0,1,0.1,1.5
1941,65,0.0137351630507112,0.000448136840696785,0.0448092027012715,0.00251586131152981,0.497671046665821,0.461730170786824,0.497671046665821,1,0.1,1.5
1941,64,0.0139708242108946,0.000632726135147753,0.0454076549657804,0.00252459937980283,0.505783399242299,0.931447864603368,1.00345444590812,1,0.1,1.5
1941,63,0.0141566193856268,0.00063678873056867,0.0460143564962456,0.00252241426672,0.511983688049799,1.4073970631286,1.51543813395792,1,0.1,1.5
1941,62,0.0142935557971787,0.000636327365928027,0.046626717584607,0.0025188182880923,0.518142605104787,1.88955654983206,2.03358073906271,1,0.1,1.5
1941,61,0.0143819976631218,0.000635468512866158,0.0472444844148232,0.00251400664742687,0.524301908396501,2.37794407755104,2.55788264745921,1,0.1,1.5
1941,60,0.014422593205688,0.000634301617277748,0.0478674133798756,0.00250795813856781,0.53046018551677,2.8725762896597,3.08834283297598,1,0.1,1.5
1941,59,0.0144162531860736,0.000632821901416243,0.0484952181689874,0.00250064615274635,0.536614752629224,3.37346752582112,3.6249575856052,1,0.1,1.5
1941,58,0.014364130186679,0.000631022335605227,0.049127571207393,0.00249204374528965,0.542762647153811,3.88062954804222,4.16772023275901,1,0.1,1.5
1941,57,0.0142675880575216,0.000628895836645129,0.0497641084992338,0.00248212403391982,0.548900683500753,4.39407131677269,4.71662091625977,1,0.1,1.5
1941,56,0.0141281581999049,0.00062642868181862,0.0504038813411871,0.00247083404292429,0.55501950154796,4.91379318913602,5.27164041780773,1,0.1,1.5
1941,55,0.0139511180168428,0.000623663006525652,0.0510503116840409,0.00245834107632321,0.561159650483416,5.43983368138624,5.83280006829114,1,0.1,1.5
1941,54,0.0137134382863921,0.000623997358976602,0.0519961263965069,0.00245802886425905,0.570458227806606,5.97517721113201,6.40325829609775,1,0.1,1.5
1941,53,0.0115438072833821,0.000618167905031648,0.0525809001016622,0.00243340646327724,0.574449501064582,6.5148637627212,6.97770779716233,1,0.1,1.5
1941,52,0.230876145667642,0.00998762614979446,1.03747247124879,0.039019530155449,11.1859402637945,17.1433821671521,18.1636480609568,20,0.1,1.5
1941,51,0.230876145667642,0.00580319476081401,0.998867342536337,0.0221730444131013,10.5173805807466,27.3440049705687,28.6810286417034,20,0.1,1.5
1941,50,0.230876145667642,0.00232214630480721,1.1758943486435,0.0081466375048598,12.0524629157119,39.2800873504969,40.7334915574153,20,0.1,1.5
1941,49,0.230876145667642,7.75843450946548e-08,1.30936112867922,0,13.2475294930807,52.5276168435776,53.9810210504961,20,0.1,1.5
1941,48,0.230876145667642,4.03362672442063e-30,1.3960996728089,0,14.1149141585341,66.6425310021117,68.0959352090302,20,0.1,1.5
1941,47,0.230876145667642,3.56754758476505e-32,1.40000526515781,0,14.1539700820232,80.796501084135,82.2499052910534,20,0.1,1.5
1941,46,0.230876145667642,3.5675475847651e-72,1.39720791304217,0,14.1259965608668,94.9224976450018,96.3759018519202,20,0.1,1.5
1941,45,0.230876145667642,3.56754758476514e-112,1.39441615031898,0,14.0980789336349,109.020576578637,110.473980785555,20,0.1,1.5
1941,44,0.230876145667642,3.56754758476519e-152,1.39162996582007,0,14.0702170886458,123.090793667282,124.544197874201,20,0.1,1.5
1941,43,0.230876145667642,3.56754758476523e-192,1.38884934839958,0,14.0424109144409,137.133204581723,138.586608788642,20,0.1,1.5
1941,42,0.230876145667642,3.56754758476528e-232,1.38607428693393,0,14.0146602997844,151.147864881508,152.601269088426,20,0.1,1.5
1941,41,0.230876145667642,3.56754758476532e-272,1.38330477032175,0,13.9869651336626,165.13483001517,166.588234222089,20,0.1,1.5
1941,40,0.230876145667642,3.56754758476752e-312,1.38054078748388,0,13.9593253052839,179.094155320454,180.547559527373,20,0.1,1.5
1941,39,0.230876145667642,0,1.37778232736326,0,13.9317407040777,193.025896024532,194.47930023145,20,0.1,1.5
1941,38,0.230876145667642,0,1.37502937892495,0,13.9042112196946,206.930107244227,208.383511451145,20,0.1,1.5
1941,37,0.230876145667642,0,1.37228193115605,0,13.8767367420056,220.806843986232,222.260248193151,20,0.1,1.5
1941,36,0.230876145667642,0,1.36953997306567,0,13.8493171611018,234.656161147334,236.109565354252,20,0.1,1.5
1941,35,0.230876145667642,0,1.36680349368488,0,13.8219523672939,248.478113514628,249.931517721546,20,0.1,1.5
1941,34,0.230876145667642,0,1.36407248206665,0,13.7946422511116,262.27275576574,263.726159972658,20,0.1,1.5
1941,33,0.230876145667642,0,1.36134692728585,0,13.7673867033036,276.040142469043,277.493546675962,20,0.1,1.5
1941,32,0.230876145667642,0,1.35862681843917,0,13.7401856148368,289.78032808388,291.233732290798,20,0.1,1.5
1941,31,0.230876145667642,0,1.35591214464507,0,13.7130388768958,303.493366960776,304.946771167694,20,0.1,1.5
1941,30,0.230876145667642,0,1.35320289504377,0,13.6859463808828,317.179313341659,318.632717548577,20,0.1,1.5
1941,29,0.230876145667642,0,1.35049905879719,0,13.658908018417,330.838221360076,332.291625566994,20,0.1,1.5
1941,28,0.230876145667642,0,1.34780062508889,0,13.631923681334,344.47014504141,345.923549248328,20,0.1,1.5
1941,27,0.230876145667642,0,1.34510758312406,0,13.6049932616857,358.075138303095,359.528542510014,20,0.1,1.5
1941,26,0.230876145667642,0,1.34241992212945,0,13.5781166517396,371.653254954835,373.106659161753,20,0.1,1.5
1941,25,0.230876145667642,0,1.33973763135333,0,13.5512937439784,385.204548698813,386.657952905732,20,0.1,1.5
1941,24,0.230876145667642,0,1.33706070006548,0,13.5245244310998,398.729073129913,400.182477336831,20,0.1,1.5
1941,23,0.230876145667642,0,1.33438911755707,0,13.4978086060158,412.226881735929,413.680285942847,20,0.1,1.5
1941,22,0.230876145667642,0,1.33172287314072,0,13.4711461618523,425.698027897781,427.1514321047,20,0.1,1.5
1941,21,0.230876145667642,0,1.32906195615038,0,13.4445369919489,439.14256488973,440.595969096649,20,0.1,1.5
1941,20,0.230876145667642,0,1.32640635594131,0,13.4179809898582,452.560545879589,454.013950086507,20,0.1,1.5
1941,19,0.230876145667642,0,1.32375606189005,0,13.3914780493455,465.952023928934,467.405428135852,20,0.1,1.5
1941,18,0.230876145667642,0,1.32111106339434,0,13.3650280643885,479.317051993323,480.770456200241,20,0.1,1.5
1941,17,0.230876145667642,0,1.31847134987315,0,13.3386309291766,492.655682922499,494.109087129417,20,0.1,1.5
1941,16,0.230876145667642,0,1.31583691076655,0,13.3122865381106,505.96796946061,507.421373667528,20,0.1,1.5
1941,15,0.230876145667642,0,1.31320773553573,0,13.2859947858024,519.253964246412,520.70736845333,20,0.1,1.5
1941,14,0.230876145667642,0,1.31058381366293,0,13.2597555670744,532.513719813487,533.967124020405,20,0.1,1.5
1941,13,0.230876145667642,0,1.30796513465142,0,13.2335687769593,545.747288590446,547.200692797364,20,0.1,1.5
1941,12,0.230876145667642,0,1.30535168802543,0,13.2074343106994,558.954722901145,560.408127108064,20,0.1,1.5
1941,11,0.230876145667642,0,1.30274346333012,0,13.1813520637463,572.136074964891,573.58947917181,20,0.1,1.5
1941,10,0.230876145667642,0,1.30014045013154,0,13.1553219317605,585.291396896652,586.74480110357,20,0.1,1.5
1941,9,0.230876145667642,0,1.2975426380166,0,13.1293438106111,598.420740707263,599.874144914182,20,0.1,1.5
1941,8,0.230876145667642,0,1.29495001659301,0,13.1034175963752,611.524158303638,612.977562510557,20,0.1,1.5
1941,7,0.230876145667642,0,1.29236257548924,0,13.0775431853375,624.601701488976,626.055105695894,20,0.1,1.5
1941,6,0.230876145667642,0,1.28978030435449,0,13.05172047399,637.653421962965,639.106826169884,20,0.1,1.5
1941,5,0.230876145667642,0,1.28720319285864,0,13.0259493590314,650.679371321997,652.132775528916,20,0.1,1.5
1941,4,0.230876145667642,0,1.2846312306922,0,13.0002297373671,663.679601059364,665.133005266283,20,0.1,1.5
1941,3,0.230876145667642,0,1.28206440756629,0,12.974561506108,676.654162565472,678.107566772391,20,0.1,1.5
1941,2,0.0115438072833821,0,0.000544766859585058,0,0.0131435401181053,676.66730610559,678.120710312509,1,0.1,1.5
1941,1,150,0,1.29436726950048,0,112.943672695005,789.610978800595,791.064383007514,99999,0.1,1.5
1942,67,0.0131219875903563,0.0448845416842453,0.0448845416842453,0,0.90643882541181,0,0,1,0.1,1.5
1942,66,0.0134510081719988,0.000448458040350269,0.0448413194546234,0.00251930184236859,0.49785514005062,0.461865113731069,0.49785514005062,1,0.1,1.5
1942,65,0.0137351630507112,0.00063344669628942,0.0454336871088838,0.00252789275985407,0.505940867131074,0.931693227149943,1.00379600718169,1,0.1,1.5
1942,64,0.0139708242108946,0.000637477106302185,0.0460342640452345,0.00252553386689672,0.512110349564011,1.40772452147257,1.51590635674571,1,0.1,1.5
1942,63,0.0141566193856268,0.000636971453985688,0.046640358627276,0.00252175726471327,0.51823615085132,1.88993556854227,2.03414250759703,1,0.1,1.5
1942,62,0.0142935557971787,0.000636067845682355,0.0472517594848716,0.00251676414034282,0.524361083937127,2.37834287904593,2.55850359153415,1,0.1,1.5
1942,61,0.0143819976631218,0.000634856346985378,0.0478682616282384,0.00251053481745502,0.53048396130082,2.87296205724025,3.08898755283497,1,0.1,1.5
1942,60,0.014422593205688,0.000633332550814731,0.0484896161731796,0.00250304413923421,0.5366023227947,3.37380660661732,3.62558987562967,1,0.1,1.5
1942,59,0.0144162531860736,0.00063148975720075,0.0491155301853571,0.0024942664678559,0.542713412995188,3.88088764150028,4.16830328862486,1,0.1,1.5
1942,58,0.014364130186679,0.000629321159678466,0.0497456693865947,0.00248417601594268,0.548814221053032,4.39421363375413,4.71711750967789,1,0.1,1.5
1942,57,0.0142675880575216,0.000626819966846407,0.0503796630968638,0.00247274713915797,0.554901515139612,4.91379018976292,5.2720190248175,1,0.1,1.5
1942,56,0.0141281581999049,0.00062397279754926,0.0510165494637841,0.00245992830474984,0.560965827671601,5.43961418450952,5.83298485248911,1,0.1,1.5
1942,55,0.0139511180168428,0.000620821899146059,0.0516597919219533,0.0024458872423167,0.567048129874365,5.97172106806507,6.40003298236347,1,0.1,1.5
1942,54,0.0137134382863921,0.000620747189654527,0.052605433999932,0.0024439271842739,0.57631734957642,6.51312517215187,6.97635033193989,1,0.1,1.5
1942,53,0.0115438072833821,0.000614533294869626,0.0531839936274713,0.00241776744611862,0.580220675690216,7.05880631289753,7.55657100763011,1,0.1,1.5
1942,52,0.230876145667642,0.0098547588003602,1.04712360654052,0.0384700953317843,11.273273874308,17.7825073967515,18.8298448819381,20,0.1,1.5
1942,51,0.230876145667642,0.00560129305088346,1.00431071690536,0.0213584549234757,10.5581583146286,28.035544926759,29.3880031965667,20,0.1,1.5
1942,50,0.230876145667642,0.00205988083926302,1.17781341858485,0.00716791067245418,12.0550491485785,39.9881953514452,41.4430523451452,20,0.1,1.5
1942,49,0.230876145667642,7.75843450946548e-10,1.30923019256635,0,13.246219363867,53.2344147153123,54.6892717090122,20,0.1,1.5
1942,48,0.230876145667642,4.03362672442063e-32,1.39596006284162,0,14.1135180588613,67.3479327741736,68.8027897678735,20,0.1,1.5
1942,47,0.230876145667642,3.56754758476506e-34,1.3998652646313,0,14.152570076758,81.5005028509316,82.9553598446316,20,0.1,1.5
1942,46,0.230876145667642,3.5675475847651e-74,1.39706819225087,0,14.1245993529538,95.6251022038854,97.0799591975853,20,0.1,1.5
1942,45,0.230876145667642,3.56754758476515e-114,1.39427670870395,0,14.0966845174846,109.72178672137,111.17664371507,20,0.1,1.5
1942,44,0.230876145667642,3.56754758476519e-154,1.39149080282349,0,14.06882545868,123.79061218005,125.24546917375,20,0.1,1.5
1942,43,0.230876145667642,3.56754758476523e-194,1.38871046346474,0,14.0410220650925,137.831634245142,139.286491238842,20,0.1,1.5
1942,42,0.230876145667642,3.56754758476528e-234,1.38593567950524,0,14.0132742254975,151.84490847064,153.29976546434,20,0.1,1.5
1942,41,0.230876145667642,3.56754758476533e-274,1.38316643984472,0,13.9855818288923,165.830490299532,167.285347293232,20,0.1,1.5
1942,40,0.230876145667642,3.56754758457978e-314,1.38040273340513,0,13.9579447644964,179.788435064029,181.243292057729,20,0.1,1.5
1942,39,0.230876145667642,0,1.37764454913052,0,13.9303629217503,193.718797985779,195.173654979479,20,0.1,1.5
1942,38,0.230876145667642,0,1.37489187598706,0,13.9028361903157,207.621634176095,209.076491169795,20,0.1,1.5
1942,37,0.230876145667642,0,1.37214470296294,0,13.8753644600745,221.496998636169,222.951855629869,20,0.1,1.5
1942,36,0.230876145667642,0,1.36940301906837,0,13.8479476211288,235.344946257298,236.799803250998,20,0.1,1.5
1942,35,0.230876145667642,0,1.36666681333551,0,13.8205855638002,249.165531821098,250.620388814798,20,0.1,1.5
1942,34,0.230876145667642,0,1.36393607481845,0,13.7932781786296,262.958809999728,264.413666993428,20,0.1,1.5
1942,33,0.230876145667642,0,1.36121079259312,0,13.7660253563763,276.724835356104,278.179692349804,20,0.1,1.5
1942,32,0.230876145667642,0,1.35849095575732,0,13.7388269880183,290.463662344122,291.918519337822,20,0.1,1.5
1942,31,0.230876145667642,0,1.3557765534306,0,13.7116829647511,304.175345308873,305.630202302573,20,0.1,1.5
1942,30,0.230876145667642,0,1.35306757475427,0,13.6845931779877,317.859938486861,319.314795480561,20,0.1,1.5
1942,29,0.230876145667642,0,1.35036400889131,0,13.6575575193582,331.517496006219,332.972352999919,20,0.1,1.5
1942,28,0.230876145667642,0,1.34766584502638,0,13.6305758807089,345.148071886928,346.602928880628,20,0.1,1.5
1942,27,0.230876145667642,0,1.34497307236575,0,13.6036481541026,358.751720041031,360.206577034731,20,0.1,1.5
1942,26,0.230876145667642,0,1.34228568013724,0,13.5767742318175,372.328494272848,373.783351266548,20,0.1,1.5
1942,25,0.230876145667642,0,1.3396036575902,0,13.5499540063471,385.878448279195,387.333305272895,20,0.1,1.5
1942,24,0.230876145667642,0,1.33692699399547,0,13.5231873703998,399.401635649595,400.856492643295,20,0.1,1.5
1942,23,0.230876145667642,0,1.33425567864532,0,13.4964742168983,412.898109866493,414.352966860193,20,0.1,1.5
1942,22,0.230876145667642,0,1.33158970085341,0,13.4698144389792,426.367924305473,427.822781299173,20,0.1,1.5
1942,21,0.230876145667642,0,1.32892904995477,0,13.4432079299928,439.811132235465,441.265989229165,20,0.1,1.5
1942,20,0.230876145667642,0,1.32627371530572,0,13.4166545835023,453.227786818968,454.682643812668,20,0.1,1.5
1942,19,0.230876145667642,0,1.32362368628386,0,13.3901542932837,466.617941112251,468.072798105951,20,0.1,1.5
1942,18,0.230876145667642,0,1.320978952288,0,13.3637069533251,479.981648065577,481.436505059276,20,0.1,1.5
1942,17,0.230876145667642,0,1.31833950273816,0,13.3373124578267,493.318960523403,494.773817517103,20,0.1,1.5
1942,16,0.230876145667642,0,1.31570532707547,0,13.3109707011998,506.629931224603,508.084788218303,20,0.1,1.5
1942,15,0.230876145667642,0,1.31307641476218,0,13.2846815780668,519.91461280267,521.36946979637,20,0.1,1.5
1942,14,0.230876145667642,0,1.31045275528157,0,13.2584449832608,533.173057785931,534.62791477963,20,0.1,1.5
1942,13,0.230876145667642,0,1.30783433813796,0,13.2322608118247,546.405318597755,547.860175591455,20,0.1,1.5
1942,12,0.230876145667642,0,1.30522115285663,0,13.2061289590114,559.611447556767,561.066304550466,20,0.1,1.5
1942,11,0.230876145667642,0,1.30261318898379,0,13.1800493202829,572.79149687705,574.246353870749,20,0.1,1.5
1942,10,0.230876145667642,0,1.30001043608653,0,13.1540217913104,585.94551866836,587.40037566206,20,0.1,1.5
1942,9,0.230876145667642,0,1.2974128837528,0,13.1280462679731,599.073564936333,600.528421930033,20,0.1,1.5
1942,8,0.230876145667642,0,1.29482052159135,0,13.1021226463586,612.175687582692,613.630544576392,20,0.1,1.5
1942,7,0.230876145667642,0,1.29223333923169,0,13.076250822762,625.251938405454,626.706795399154,20,0.1,1.5
1942,6,0.230876145667642,0,1.28965132632406,0,13.0504306936856,638.302369099139,639.757226092839,20,0.1,1.5
1942,5,0.230876145667642,0,1.28707447253935,0,13.0246621558386,651.327031254978,652.781888248678,20,0.1,1.5
1942,4,0.230876145667642,0,1.28450276756913,0,12.9989451061364,664.325976361114,665.780833354814,20,0.1,1.5
1942,3,0.230876145667642,0,1.28193620112554,0,12.9732794417005,677.299255802815,678.754112796515,20,0.1,1.5
1942,2,0.0115438072833821,0,0.0005447123828991,0,0.0131429953512457,677.312398798166,678.767255791866,1,0.1,1.5
1942,1,150,0,1.29423783277353,0,112.942378327735,790.254777125901,791.709634119601,99999,0.1,1.5
1943,68,0.0127519454795913,0.0449294071583799,0.0449294071583799,0,0.907089440153993,0,0,1,0.1,1.5
1943,67,0.0131219875903563,0.000448845416842453,0.0448800532300769,0.00252328364396189,0.498083887395553,0.462036978196097,0.498083887395553,1,0.1,1.5
1943,66,0.0134510081719988,0.00063431004099565,0.0454666607832701,0.00253173052065844,0.506144625890539,0.932014025220087,1.00422851328609,1,0.1,1.5
1943,65,0.0137351630507112,0.000638307656926411,0.0460611169301365,0.00252918594353042,0.51228224900249,1.40816504645786,1.51651076228858,1,0.1,1.5
1943,64,0.0139708242108946,0.000637758237787203,0.0466610440855541,0.0025252299791008,0.518376620027831,1.89046695249853,2.03488738231641,1,0.1,1.5
1943,63,0.0141566193856268,0.000636809030718174,0.0472661339075916,0.00252005147192509,0.524467910953398,2.37893412813872,2.55935529326981,1,0.1,1.5
1943,62,0.0142935557971787,0.000635551713542527,0.0478762253440088,0.0025136359796081,0.530555893196605,2.87358093591235,3.08991118646642,1,0.1,1.5
1943,61,0.0143819976631218,0.000633982267833608,0.0484911085064394,0.00250595986602014,0.536638332842242,3.37441984209716,3.62654951930866,1,0.1,1.5
1943,60,0.014422593205688,0.000632094360316699,0.0491105282463708,0.00249699894980815,0.542712701772688,3.88146113030116,4.16926222108135,1,0.1,1.5
1943,59,0.0144162531860736,0.000629881514535983,0.0497341852493026,0.00248672875217667,0.548776199555435,4.39471263339693,4.71803842063678,1,0.1,1.5
1943,58,0.014364130186679,0.000627337215582455,0.0503617388236417,0.00247512472288607,0.554825771796019,4.91417948058029,5.2728641924328,1,0.1,1.5
1943,57,0.0142675880575216,0.000624454984457958,0.0509928119153436,0.00246216253250225,0.560858144834015,5.43986387494999,5.83372233726681,1,0.1,1.5
1943,56,0.0141281581999049,0.000621221804162953,0.0516264298850252,0.00244779218070409,0.566863748749495,5.97175916397514,6.40058608601631,1,0.1,1.5
1943,55,0.0139511180168428,0.000617680029570635,0.0522660977533403,0.00243218179943705,0.572883977451343,6.50989768714881,6.97347006346765,1,0.1,1.5
1943,54,0.0137134382863921,0.000617189267965019,0.0532111552526005,0.00242854714476597,0.582119268036097,7.05732342454539,7.55558933150375,1,0.1,1.5
1943,53,0.0115438072833821,0.000610587194478351,0.0537831170896382,0.00240083684962996,0.585930583643848,7.60895633890881,8.1415199151476,1,0.1,1.5
1943,52,0.230876145667642,0.00971607142094969,1.05663641801282,0.0378968931877043,11.3588265131785,18.4263986636916,19.5003464283261,20,0.1,1.5
1943,51,0.230876145667642,0.00539562666137776,1.00954989956454,0.0205289116262463,10.5966428587935,28.7297713563958,30.0969892871196,20,0.1,1.5
1943,50,0.230876145667642,0.00181257647650617,1.17948761491111,0.0062491432691283,12.0561928195945,40.696690700717,42.1531821067141,20,0.1,1.5
1943,49,0.230876145667642,7.75843450946549e-12,1.3090992695471,0,13.2449101259936,53.9416008267107,55.3980922327077,20,0.1,1.5
1943,48,0.230876145667642,4.03362672442063e-34,1.39582046683533,0,14.1121220987984,68.0537229255091,69.5102143315062,20,0.1,1.5
1943,47,0.230876145667642,3.56754758476506e-36,1.39972527810483,0,14.1511702114934,82.2048931370025,83.6613845429996,20,0.1,1.5
1943,46,0.230876145667642,3.5675475847651e-76,1.39692848543164,0,14.1232022847615,96.3280954217641,97.7845868277611,20,0.1,1.5
1943,45,0.230876145667642,3.56754758476515e-116,1.39413728103308,0,14.0952902407759,110.42338566254,111.879877068537,20,0.1,1.5
1943,44,0.230876145667642,3.56754758476519e-156,1.39135165374321,0,14.0674339678772,124.490819630417,125.947311036414,20,0.1,1.5
1943,43,0.230876145667642,3.56754758476524e-196,1.3885715924184,0,14.0396333546291,138.530452985046,139.986944391043,20,0.1,1.5
1943,42,0.230876145667642,3.56754758476528e-236,1.38579708593729,0,14.0118882898179,152.542341274864,153.998832680861,20,0.1,1.5
1943,41,0.230876145667642,3.56754758476533e-276,1.38302812320074,0,13.9841986624525,166.526539937317,167.983031343314,20,0.1,1.5
1943,40,0.230876145667642,3.56754758507384e-316,1.38026469313179,0,13.956564361763,180.48310429908,181.939595705077,20,0.1,1.5
1943,39,0.230876145667642,0,1.37750678467561,0,13.9289852772012,194.412089576281,195.868580982278,20,0.1,1.5
1943,38,0.230876145667642,0,1.37475438679946,0,13.9014612984397,208.31355087472,209.770042280717,20,0.1,1.5
1943,37,0.230876145667642,0,1.37200748849264,0,13.8739923153715,222.187543190092,223.644034596089,20,0.1,1.5
1943,36,0.230876145667642,0,1.36926607876646,0,13.8465782181097,236.034121408202,237.490612814199,20,0.1,1.5
1943,35,0.230876145667642,0,1.36653014665418,0,13.8192188969868,249.853340305188,251.309831711186,20,0.1,1.5
1943,34,0.230876145667642,0,1.36379968121096,0,13.7919142425547,263.645254547743,265.10174595374,20,0.1,1.5
1943,33,0.230876145667642,0,1.36107467151387,0,13.7646641455837,277.409918693327,278.866410099324,20,0.1,1.5
1943,32,0.230876145667642,0,1.35835510666175,0,13.7374684970626,291.14738719039,292.603878596387,20,0.1,1.5
1943,31,0.230876145667642,0,1.35564097577526,0,13.7103271881977,304.857714378587,306.314205784584,20,0.1,1.5
1943,30,0.230876145667642,0,1.35293226799679,0,13.683240110413,318.540954489,319.997445894997,20,0.1,1.5
1943,29,0.230876145667642,0,1.35022897249042,0,13.6562071553493,332.19716164435,333.653653050347,20,0.1,1.5
1943,28,0.230876145667642,0,1.34753107844188,0,13.6292282148639,345.826389859213,347.28288126521,20,0.1,1.5
1943,27,0.230876145667642,0,1.34483857505851,0,13.6023031810302,359.428693040244,360.885184446241,20,0.1,1.5
1943,26,0.230876145667642,0,1.34215145156922,0,13.5754319461373,373.004124986381,374.460616392378,20,0.1,1.5
1943,25,0.230876145667642,0,1.33946969722444,0,13.5486144026895,386.552739389071,388.009230795068,20,0.1,1.5
1943,24,0.230876145667642,0,1.33679330129607,0,13.5218504434058,400.074589832476,401.531081238473,20,0.1,1.5
1943,23,0.230876145667642,0,1.33412225307745,0,13.4951399612196,413.569729793696,415.026221199693,20,0.1,1.5
1943,22,0.230876145667642,0,1.33145654188333,0,13.4684828492783,427.038212642974,428.494704048971,20,0.1,1.5
1943,21,0.230876145667642,0,1.32879615704977,0,13.4418790009428,440.480091643917,441.936583049914,20,0.1,1.5
1943,20,0.230876145667642,0,1.32614108793419,0,13.415328309787,453.895419953704,455.351911359701,20,0.1,1.5
1943,19,0.230876145667642,0,1.32349132391523,0,13.3888306695974,467.284250623302,468.740742029298,20,0.1,1.5
1943,18,0.230876145667642,0,1.32084685439277,0,13.3623859743728,480.646636597674,482.103128003671,20,0.1,1.5
1943,17,0.230876145667642,0,1.31820766878789,0,13.335994118324,493.982630715998,495.439122121995,20,0.1,1.5
1943,16,0.230876145667642,0,1.31557375654276,0,13.3096549958727,507.292285711871,508.748777117868,20,0.1,1.5
1943,15,0.230876145667642,0,1.3129451071207,0,13.2833685016521,520.575654213523,522.03214561952,20,0.1,1.5
1943,14,0.230876145667642,0,1.31032171000604,0,13.2571345305055,533.832788744029,535.289280150026,20,0.1,1.5
1943,13,0.230876145667642,0,1.30770355470415,0,13.2309529774865,547.063741721515,548.520233127512,20,0.1,1.5
1943,12,0.230876145667642,0,1.30509063074134,0,13.2048237378585,560.268565459374,561.725056865371,20,0.1,1.5
1943,11,0.230876145667642,0,1.30248292766489,0,13.178746707094,573.447312166468,574.903803572465,20,0.1,1.5
1943,10,0.230876145667642,0,1.29988043504292,0,13.1527217808743,586.600033947342,588.056525353339,20,0.1,1.5
1943,9,0.230876145667642,0,1.29728314246443,0,13.1267488550894,599.726782802431,601.183274208428,20,0.1,1.5
1943,8,0.230876145667642,0,1.29469103953919,0,13.100827825837,612.827610628268,614.284102034265,20,0.1,1.5
1943,7,0.230876145667642,0,1.29210411589777,0,13.0749585894228,625.902569217691,627.359060623688,20,0.1,1.5
1943,6,0.230876145667642,0,1.28952236119142,0,13.0491410423593,638.95171026005,640.408201666047,20,0.1,1.5
1943,5,0.230876145667642,0,1.2869457650921,0,13.023375081366,651.975085341416,653.431576747413,20,0.1,1.5
1943,4,0.230876145667642,0,1.28437431729237,0,12.9976606033688,664.972745944785,666.429237350782,20,0.1,1.5
1943,3,0.230876145667642,0,1.28180800750542,0,12.9719975054993,677.944743450284,679.401234856282,20,0.1,1.5
1943,2,0.0115438072833821,0,0.00054465791166081,0,0.0131424506388628,677.957885900923,679.41437730692,1,0.1,1.5
1943,1,150,0,1.29410840899025,0,112.941084089903,790.898969990826,792.355461396823,99999,0.1,1.5
1944,69,0.0123448861905648,0.0449798816557915,0.0449798816557915,0,0.907827557242872,0,0,1,0.1,1.5
1944,68,0.0127519454795913,0.0004492940715838,0.0449249142176641,0.00252776236661441,0.498354270830507,0.462243379878873,0.498354270830507,1,0.1,1.5
1944,67,0.0131219875903563,0.000635309365158898,0.0455063861357443,0.00253608375742129,0.506394714699098,0.93240832661481,1.00474898552961,1,0.1,1.5
1944,66,0.0134510081719988,0.000639275730574567,0.0460950467473564,0.00253335065159195,0.512501287154812,1.40871889017545,1.51725027268442,1,0.1,1.5
1944,65,0.0137351630507112,0.00063867956245187,0.0466888073043261,0.00252920275279742,0.518563111932026,1.89115053421037,2.03581338461644,1,0.1,1.5
1944,64,0.0139708242108946,0.000637685077153071,0.0472876854759208,0.00252383961450586,0.5246224399738,2.37971812254837,2.56043582459024,1,0.1,1.5
1944,63,0.0141566193856268,0.000636380958288455,0.0478914201621821,0.00251723355566755,0.530676236828469,2.87443388001016,3.09111206141871,1,0.1,1.5
1944,62,0.0142935557971787,0.000634764512037451,0.0484998467163764,0.00250936616618231,0.536723237570576,3.37530902949242,3.62783529898929,1,0.1,1.5
1944,61,0.0143819976631218,0.000632829789183372,0.0491127493620938,0.0025002147933759,0.542761144145937,3.88235281944727,4.17059644313523,1,0.1,1.5
1944,60,0.014422593205688,0.000630570681055204,0.0497298669309982,0.00248975641986583,0.548787387112885,4.39557225770493,4.71938383024811,1,0.1,1.5
1944,59,0.0144162531860736,0.000627981003189527,0.0503508940188218,0.00247796780577315,0.554799125759969,4.91497184338243,5.27418295600808,1,0.1,1.5
1944,58,0.014364130186679,0.000625054552877343,0.0509754838304809,0.0024648257150309,0.560793266553714,5.44055331400713,5.8349762225618,1,0.1,1.5
1944,57,0.0142675880575216,0.000621785182970142,0.0516032532672777,0.00245030720938357,0.566766498579639,5.97231542388129,6.40174272114144,1,0.1,1.5
1944,56,0.0141281581999049,0.000618160263217652,0.0522332152872127,0.00243436391014498,0.572709154925359,6.51024795151886,6.97445187606679,1,0.1,1.5
1944,55,0.0139511180168428,0.000614222250154968,0.0528689165934242,0.00241716432240389,0.578663052671838,7.05438008529922,7.55311492873863,1,0.1,1.5
1944,54,0.0137134382863921,0.000613308678871143,0.0538129709232667,0.00241182942558231,0.587859794292054,7.60778517351152,8.14097472303069,1,0.1,1.5
1944,53,0.0115438072833821,0.000606315084352274,0.0543779479903367,0.00238255710760212,0.591575032377747,8.16532367578067,8.73254975540843,1,0.1,1.5
1944,52,0.230876145667642,0.00957138401113557,1.06600497766794,0.0372992392440442,11.4425273221508,19.0750047230165,20.1750770775592,20,0.1,1.5
1944,51,0.230876145667642,0.00518618417317534,1.01458117248114,0.0196844237214106,10.6327970501513,29.4265957200048,30.8078741277105,20,0.1,1.5
1944,50,0.230876145667642,0.00158041158204714,1.1809319519669,0.00539080802091635,12.0560526090905,41.4056367859394,42.863926736801,20,0.1,1.5
1944,49,0.230876145667642,7.75843450946549e-14,1.30896835962014,0,13.2436010266473,54.6492378125866,56.1075277634483,20,0.1,1.5
1944,48,0.230876145667642,4.03362672442063e-36,1.39568088478865,0,14.1107262783316,68.7599640909182,70.2182540417799,20,0.1,1.5
1944,47,0.230876145667642,3.56754758476506e-38,1.39958530557702,0,14.1497704862153,82.9097345771335,84.3680245279952,20,0.1,1.5
1944,46,0.230876145667642,3.5675475847651e-78,1.3967887925831,0,14.1218053562761,97.0315399334096,98.4898298842713,20,0.1,1.5
1944,45,0.230876145667642,3.56754758476515e-118,1.39399786730498,0,14.0938961034949,111.125436036904,112.583725987766,20,0.1,1.5
1944,44,0.230876145667642,3.56754758476519e-158,1.39121251857783,0,14.0660426162234,125.191478653128,126.64976860399,20,0.1,1.5
1944,43,0.230876145667642,3.56754758476524e-198,1.38843273525915,0,14.0382447830366,139.229723436165,140.688013387026,20,0.1,1.5
1944,42,0.230876145667642,3.56754758476529e-238,1.38565850622869,0,14.010502492732,153.240225928897,154.698515879758,20,0.1,1.5
1944,41,0.230876145667642,3.56754758476533e-278,1.38288982038842,0,13.9828156343293,167.223041563226,168.681331514087,20,0.1,1.5
1944,40,0.230876145667642,3.56754921549047e-318,1.38012666666247,0,13.9551840970698,181.178225660296,182.636515611157,20,0.1,1.5
1944,39,0.230876145667642,0,1.37736903399714,0,13.9276077704165,195.105833430712,196.564123381574,20,0.1,1.5
1944,38,0.230876145667642,0,1.37461691136078,0,13.9000865440529,209.005919974765,210.464209925627,20,0.1,1.5
1944,37,0.230876145667642,0,1.37187028774379,0,13.872620307883,222.878540282648,224.33683023351,20,0.1,1.5
1944,36,0.230876145667642,0,1.36912915215858,0,13.8452089520309,236.723749234679,238.182039185541,20,0.1,1.5
1944,35,0.230876145667642,0,1.36639349363951,0,13.8178523668402,250.541601601519,251.999891552381,20,0.1,1.5
1944,34,0.230876145667642,0,1.36366330124284,0,13.7905504428735,264.332152044393,265.790441995254,20,0.1,1.5
1944,33,0.230876145667642,0,1.36093856404671,0,13.7633030709122,278.095455115305,279.553745066167,20,0.1,1.5
1944,32,0.230876145667642,0,1.35821927115108,0,13.7361101419559,291.831565257261,293.289855208123,20,0.1,1.5
1944,31,0.230876145667642,0,1.35550541167768,0,13.7089715472219,305.540536804483,306.998826755344,20,0.1,1.5
1944,30,0.230876145667642,0,1.35279697476999,0,13.681887178145,319.222423982628,320.68071393349,20,0.1,1.5
1944,29,0.230876145667642,0,1.35009394959317,0,13.6548569263768,332.877280909005,334.335570859866,20,0.1,1.5
1944,28,0.230876145667642,0,1.34739632533403,0,13.6278806837854,346.50516159279,347.963451543652,20,0.1,1.5
1944,27,0.230876145667642,0,1.34470409120101,0,13.6009583424551,360.106119935245,361.564409886107,20,0.1,1.5
1944,26,0.230876145667642,0,1.34201723642407,0,13.5740897946858,373.680209729931,375.138499680793,20,0.1,1.5
1944,25,0.230876145667642,0,1.33933575025472,0,13.5472749329923,387.227484662923,388.685774613785,20,0.1,1.5
1944,24,0.230876145667642,0,1.33665962196594,0,13.5205136501045,400.747998313028,402.206288263889,20,0.1,1.5
1944,23,0.230876145667642,0,1.33398884085214,0,13.4938058389665,414.241804151994,415.700094102856,20,0.1,1.5
1944,22,0.230876145667642,0,1.33132339622914,0,13.4671513927365,427.708955544731,429.167245495592,20,0.1,1.5
1944,21,0.230876145667642,0,1.32866327743407,0,13.4405502047858,441.149505749517,442.607795700378,20,0.1,1.5
1944,20,0.230876145667642,0,1.32600847382539,0,13.414002168699,454.563507918216,456.021797869077,20,0.1,1.5
1944,19,0.230876145667642,0,1.32335897478284,0,13.3875071782735,467.951015096489,469.409305047351,20,0.1,1.5
1944,18,0.230876145667642,0,1.32071476970734,0,13.3610651275184,481.312080224008,482.770370174869,20,0.1,1.5
1944,17,0.230876145667642,0,1.31807584802101,0,13.3346759106552,494.646756134663,496.105046085524,20,0.1,1.5
1944,16,0.230876145667642,0,1.31544219916711,0,13.3083394221162,507.955095556779,509.41338550764,20,0.1,1.5
1944,15,0.230876145667642,0,1.31281381260999,0,13.282055556545,521.237151113324,522.695441064185,20,0.1,1.5
1944,14,0.230876145667642,0,1.31019067783504,0,13.2558242087955,534.49297532212,535.951265272981,20,0.1,1.5
1944,13,0.230876145667642,0,1.30757278434867,0,13.2296452739318,547.722620596051,549.180910546913,20,0.1,1.5
1944,12,0.230876145667642,0,1.30496012167827,0,13.2035186472278,560.926139243279,562.38442919414,20,0.1,1.5
1944,11,0.230876145667642,0,1.30235267937212,0,13.1774442241663,574.103583467445,575.561873418307,20,0.1,1.5
1944,10,0.230876145667642,0,1.29975044699942,0,13.1514219004393,587.255005367885,588.713295318746,20,0.1,1.5
1944,9,0.230876145667642,0,1.29715341415018,0,13.1254515719469,600.380456939832,601.838746890693,20,0.1,1.5
1944,8,0.230876145667642,0,1.29456157043524,0,13.0995331347975,613.479990074629,614.93828002549,20,0.1,1.5
1944,7,0.230876145667642,0,1.29197490548618,0,13.0736664853069,626.553656559936,628.011946510797,20,0.1,1.5
1944,6,0.230876145667642,0,1.2893934089553,0,13.0478515199981,639.601508079934,641.059798030795,20,0.1,1.5
1944,5,0.230876145667642,0,1.28681707051559,0,13.022088135601,652.623596215535,654.081886166396,20,0.1,1.5
1944,4,0.230876145667642,0,1.28424587986064,0,12.9963762290515,665.619972444586,667.078262395448,20,0.1,1.5
1944,3,0.230876145667642,0,1.28167982670467,0,12.9707156974918,678.590688142078,680.04897809294,20,0.1,1.5
1944,2,0.0115438072833821,0,0.000544603445869644,0,0.0131419059809512,678.603830048059,680.062119998921,1,0.1,1.5
1944,1,150,0,1.29397899814936,0,112.939789981494,791.543620029553,793.001909980414,99999,0.1,1.5
1945,70,0.0119049406274879,0.04503542495308,0.04503542495308,0,0.908645126146591,0,0,1,0.1,1.5
1945,69,0.0123448861905648,0.000449798816557915,0.0449753836676259,0.00253269163651536,0.498663058061958,0.462481748968881,0.498663058061958,1,0.1,1.5
1945,68,0.0127519454795913,0.00063643353236944,0.0455523623178959,0.00254090651857006,0.506687920040049,0.932871004457929,1.00535097810201,1,0.1,1.5
1945,67,0.0131219875903563,0.000640374033006911,0.0461358564364861,0.0025379979564368,0.512767410085217,1.40938130087976,1.51811838818722,1,0.1,1.5
1945,66,0.0134510081719988,0.000639730420203733,0.0467237749055796,0.00253365465289204,0.518797458509052,1.89198369291893,2.03691584669628,1,0.1,1.5
1945,65,0.0137351630507112,0.000638687483823874,0.047316439111795,0.00252809384216635,0.524823667639992,2.38069173424226,2.56173951433627,1,0.1,1.5
1945,64,0.0139708242108946,0.000637336754397997,0.0479139166109997,0.00252129751091282,0.530844952331423,2.8755181507035,3.09258446666769,1,0.1,1.5
1945,63,0.0141566193856268,0.000635672198499772,0.0485159394090828,0.00251323400308126,0.536857205234071,3.37647201303641,3.62944167190176,1,0.1,1.5
1945,62,0.0142935557971787,0.000633689186665951,0.0491223382732504,0.0025038859033026,0.542859110415891,3.88356132483369,4.17230078231765,1,0.1,1.5
1945,61,0.0143819976631218,0.00063138199623581,0.0497328917855015,0.00249323173134815,0.548848332421571,4.39679206109314,4.72114911473922,1,0.1,1.5
1945,60,0.014422593205688,0.000628744811777009,0.0503473330492715,0.00248124971365459,0.554822265228391,4.91616790184075,5.27597137996761,1,0.1,1.5
1945,59,0.0144162531860736,0.000625771761475183,0.0509653508808632,0.00246791792624143,0.560778032255644,5.44168996372152,5.83674941222326,1,0.1,1.5
1945,58,0.014364130186679,0.000622456974286498,0.0515865927108556,0.00245321452347399,0.566712505406454,5.97335654736406,6.40346191762971,1,0.1,1.5
1945,57,0.0142675880575216,0.000618794654175594,0.0522106697442968,0.00243711803354376,0.572622341264173,6.51116291672047,6.97608425889389,1,0.1,1.5
1945,56,0.0141281581999049,0.000614772580168423,0.0528365829432202,0.00241958178794974,0.578497781480724,7.05509524408762,7.55458204037461,1,0.1,1.5
1945,55,0.0139511180168428,0.000610433303102521,0.0534679207823658,0.00240077462937076,0.584381066618828,7.60517953028687,8.13896310699344,1,0.1,1.5
1945,54,0.0137134382863921,0.000609090443184289,0.0544105469825699,0.00239371514116367,0.593534597036523,8.16451819673534,8.73249770402996,1,0.1,1.5
1945,53,0.0115438072833821,0.000601702427744053,0.0549681494724382,0.0023628712759865,0.597149694466742,8.72791258725942,9.3296473984967,1,0.1,1.5
1945,52,0.230876145667642,0.00942052365112241,1.07522318698118,0.0366764890951589,11.5243043809847,19.7282671240276,20.8539517794814,20,0.1,1.5
1945,51,0.230876145667642,0.0049729677720844,1.01940082029425,0.0188250616772992,10.6665847636413,30.125922435136,31.5205365431227,20,0.1,1.5
1945,50,0.230876145667642,0.00136350612104956,1.18216156077693,0.00459343350542567,12.0547885780739,42.1150905345609,43.5753251211965,20,0.1,1.5
1945,49,0.230876145667642,7.7584345094655e-16,1.30883746278418,0,13.2422920582869,55.3573825928478,56.8176171794834,20,0.1,1.5
1945,48,0.230876145667642,4.03362672442063e-38,1.39554131670017,0,14.1093305974468,69.4667131902946,70.9269477769302,20,0.1,1.5
1945,47,0.230876145667642,3.56754758476506e-40,1.39944534704646,0,14.1483709009097,83.6150840912043,85.07531867784,20,0.1,1.5
1945,46,0.230876145667642,3.56754758476511e-80,1.39664911370384,0,14.1204085674835,97.7354926586878,99.1957272453235,20,0.1,1.5
1945,45,0.230876145667642,3.56754758476515e-120,1.39385846751825,0,14.0925021056276,111.827994764315,113.288229350951,20,0.1,1.5
1945,44,0.230876145667642,3.5675475847652e-160,1.39107339732598,0,14.0646514037048,125.89264616802,127.352880754656,20,0.1,1.5
1945,43,0.230876145667642,3.56754758476524e-200,1.38829389198563,0,14.0368563503014,139.929502518322,141.389737104957,20,0.1,1.5
1945,42,0.230876145667642,3.56754758476529e-240,1.38551994037807,0,14.0091168342258,153.938619352547,155.398853939183,20,0.1,1.5
1945,41,0.230876145667642,3.56754758476533e-280,1.38275153140638,0,13.9814327445089,167.920052097056,169.380286683692,20,0.1,1.5
1945,40,0.230876145667642,3.56764802861964e-320,1.37998865399581,0,13.9538039704032,181.873856067459,183.334090654095,20,0.1,1.5
1945,39,0.230876145667642,0,1.37723129709374,0,13.9262304013825,195.800086468842,197.260321055478,20,0.1,1.5
1945,38,0.230876145667642,0,1.37447944966964,0,13.8987119271415,209.698798395983,211.159032982619,20,0.1,1.5
1945,37,0.230876145667642,0,1.37173310071502,0,13.8712484375953,223.570046833579,225.030281420214,20,0.1,1.5
1945,36,0.230876145667642,0,1.36899223924337,0,13.8438398228788,237.413886656457,238.874121243093,20,0.1,1.5
1945,35,0.230876145667642,0,1.36625685429015,0,13.8164859733466,251.230372629804,252.69060721644,20,0.1,1.5
1945,34,0.230876145667642,0,1.36352693491272,0,13.7891867795723,265.019559409376,266.479793996012,20,0.1,1.5
1945,33,0.230876145667642,0,1.36080247019031,0,13.7619421323482,278.781501541725,280.24173612836,20,0.1,1.5
1945,32,0.230876145667642,0,1.35808344922397,0,13.7347519226848,292.516253464409,293.976488051045,20,0.1,1.5
1945,31,0.230876145667642,0,1.35536986113652,0,13.7076160418102,306.22386950622,307.684104092855,20,0.1,1.5
1945,30,0.230876145667642,0,1.35266169507251,0,13.6805343811702,319.90440388739,321.364638474025,20,0.1,1.5
1945,29,0.230876145667642,0,1.34995894019821,0,13.6535068324272,333.557910719817,335.018145306453,20,0.1,1.5
1945,28,0.230876145667642,0,1.3472615857015,0,13.6265332874601,347.184444007277,348.644678593913,20,0.1,1.5
1945,27,0.230876145667642,0,1.34456962079188,0,13.5996136383639,360.784057645641,362.244292232277,20,0.1,1.5
1945,26,0.230876145667642,0,1.34188303470042,0,13.5727477774493,374.356805423091,375.817040009726,20,0.1,1.5
1945,25,0.230876145667642,0,1.33920181667969,0,13.545935597242,387.902741020333,389.362975606968,20,0.1,1.5
1945,24,0.230876145667642,0,1.33652595600374,0,13.5191769904825,401.421918010815,402.88215259745,20,0.1,1.5
1945,23,0.230876145667642,0,1.33385544196806,0,13.4924718501257,414.914389860941,416.374624447576,20,0.1,1.5
1945,22,0.230876145667642,0,1.33119026388951,0,13.4658200693402,428.380209930281,429.840444516916,20,0.1,1.5
1945,21,0.230876145667642,0,1.32853041110632,0,13.4392215415083,441.81943147179,443.279666058425,20,0.1,1.5
1945,20,0.230876145667642,0,1.32587587297801,0,13.4126761602252,455.232107632015,456.69234221865,20,0.1,1.5
1945,19,0.230876145667642,0,1.32322663888536,0,13.3861838192987,468.618291451313,470.078526037949,20,0.1,1.5
1945,18,0.230876145667642,0,1.32058269823036,0,13.3597444127487,481.978035864062,483.438270450697,20,0.1,1.5
1945,17,0.230876145667642,0,1.31794404043621,0,13.3333578348072,495.311393698869,496.771628285505,20,0.1,1.5
1945,16,0.230876145667642,0,1.31531065494719,0,13.307023979917,508.618417678786,510.078652265422,20,0.1,1.5
1945,15,0.230876145667642,0,1.31268253122873,0,13.2807427427324,521.899160421519,523.359395008154,20,0.1,1.5
1945,14,0.230876145667642,0,1.31005965876726,0,13.2545140181177,535.153674439636,536.613909026272,20,0.1,1.5
1945,13,0.230876145667642,0,1.30744202707024,0,13.2283377011475,548.382012140784,549.842246727419,20,0.1,1.5
1945,12,0.230876145667642,0,1.3048296256661,0,13.2022136871061,561.58422582789,563.044460414525,20,0.1,1.5
1945,11,0.230876145667642,0,1.30222244410418,0,13.1761418714869,574.760367699377,576.220602286012,20,0.1,1.5
1945,10,0.230876145667642,0,1.29962047195472,0,13.1501221499923,587.910489849369,589.370724436004,20,0.1,1.5
1945,9,0.230876145667642,0,1.29702369880877,0,13.1241544185327,601.034644267902,602.494878854537,20,0.1,1.5
1945,8,0.230876145667642,0,1.2944321142782,0,13.0982385732271,614.132882841129,615.593117427764,20,0.1,1.5
1945,7,0.230876145667642,0,1.29184570799563,0,13.0723745104014,627.20525735153,628.665491938166,20,0.1,1.5
1945,6,0.230876145667642,0,1.28926446961441,0,13.0465621265892,640.25181947812,641.712054064755,20,0.1,1.5
1945,5,0.230876145667642,0,1.28668838880853,0,13.0208013185304,653.27262079665,654.732855383285,20,0.1,1.5
1945,4,0.230876145667642,0,1.28411745527266,0,12.9950919831716,666.267712779822,667.727947366457,20,0.1,1.5
1945,3,0.230876145667642,0,1.281551658722,0,12.9694340176651,679.237146797487,680.697381384122,20,0.1,1.5
1945,2,0.0115438072833821,0,0.000544548985525057,0,0.0131413613775053,679.250288158864,680.710522745499,1,0.1,1.5
1945,1,150,0,1.29384960024954,0,112.938496002495,792.18878416136,793.649018747995,99999,0.1,1.5
1946,71,0.0114363299740136,0.0450954798813943,0.0450954798813943,0,0.909533817610561,0,0,1,0.1,1.5
1946,70,0.0119049406274879,0.0004503542495308,0.0450309214105847,0.00253802358540723,0.499006863477678,0.462749383686147,0.499006863477678,1,0.1,1.5
1946,69,0.0123448861905648,0.00063767089729442,0.045604059038388,0.00254615107161531,0.507020810221228,0.933396607170013,1.00602767369891,1,0.1,1.5
1946,68,0.0127519454795913,0.00064159096496621,0.0461830337113067,0.00254308103864563,0.513077272872632,1.41014415091914,1.51910494657154,1,0.1,1.5
1946,67,0.0131219875903563,0.00064090322943927,0.0467657423399516,0.00253855484364373,0.519079516615724,1.89295859833995,2.03818446318726,1,0.1,1.5
1946,66,0.0134510081719988,0.000639810967425047,0.0473525161913121,0.00253279245216815,0.525073359685391,2.38184920870865,2.56325782287265,1,0.1,1.5
1946,65,0.0137351630507112,0.000638410335379827,0.0479437309284254,0.00252579239768804,0.531060936543594,2.87682739671385,3.09431875941625,1,0.1,1.5
1946,64,0.0139708242108946,0.000636697745272185,0.0485394495970668,0.00251753265994116,0.537040108515526,3.3779027529445,3.63135886793177,1,0.1,1.5
1946,63,0.0141566193856268,0.000634665222755312,0.0491393963159122,0.00250798260148404,0.543006684522103,3.88508111458826,4.17436555245388,1,0.1,1.5
1946,62,0.0142935557971787,0.000632308367692311,0.0497433975152487,0.00249712598950692,0.548959324449056,4.39836721061579,4.72332487690293,1,0.1,1.5
1946,61,0.0143819976631218,0.000629621752799394,0.05035122642916,0.00248494259598878,0.554895660204372,4.91776369087746,5.2782205371073,1,0.1,1.5
1946,60,0.014422593205688,0.000626599876531418,0.0509626107443803,0.00247141196801013,0.56081305360353,5.4432708592237,5.83903359071083,1,0.1,1.5
1946,59,0.0144162531860736,0.00062323719917511,0.0515772338273355,0.00245651357358388,0.566708596773687,5.97488640494619,6.40574218748452,1,0.1,1.5
1946,58,0.014364130186679,0.000619528200611363,0.052194737682453,0.00244022703265234,0.57257913180251,6.51260515056796,6.97832131928703,1,0.1,1.5
1946,57,0.0142675880575216,0.000615467454927695,0.0528147281857083,0.00242253241370623,0.57842128768813,7.056418832346,7.55674260697516,1,0.1,1.5
1946,56,0.0141281581999049,0.000611043172789119,0.0534361947319133,0.002403384845906,0.584225220407523,7.60630998352629,8.14096782738268,1,0.1,1.5
1946,55,0.0139511180168428,0.000606297990373715,0.0540627676476303,0.00238295346726384,0.590033594114085,8.1623013852509,8.73100142149677,1,0.1,1.5
1946,54,0.0137134382863921,0.00060451968972276,0.0550035347131626,0.00237414653284221,0.599139215260385,8.72752422147068,9.33014063675716,1,0.1,1.5
1946,53,0.0115438072833821,0.000596734843274066,0.0555533704764876,0.0023417237248571,0.602650120789259,9.29672114619055,9.93279075754641,1,0.1,1.5
1946,52,0.230876145667642,0.00926332751030095,1.08428478693628,0.036028050077047,11.604085004583,20.3861197211014,21.5368757621294,20,0.1,1.5
1946,51,0.230876145667642,0.00475599509704565,1.02400514563154,0.0179509637807106,10.6979711774554,30.8276485588324,32.2348469395848,20,0.1,1.5
1946,50,0.230876145667642,0.00116199343756691,1.18319170299721,0.00385759492603276,12.0525628937362,42.8251029536253,44.287409833321,20,0.1,1.5
1946,49,0.230876145667642,7.7584345094655e-18,1.3087065790379,0,13.2409832208241,56.0660861744494,57.5283930541451,20,0.1,1.5
1946,48,0.230876145667642,4.03362672442064e-40,1.3954017625685,0,14.1079350561301,70.1740212305795,71.6363281102752,20,0.1,1.5
1946,47,0.230876145667642,3.56754758476506e-42,1.39930540251176,0,14.1469714555627,84.3209926861422,85.7832995658379,20,0.1,1.5
1946,46,0.230876145667642,3.56754758476511e-82,1.39650944879247,0,14.1190119183698,98.440004604512,99.9023114842077,20,0.1,1.5
1946,45,0.230876145667642,3.56754758476515e-122,1.39371908167149,0,14.09110824716,112.531112851672,113.993419731368,20,0.1,1.5
1946,44,0.230876145667642,3.5675475847652e-162,1.39093428998624,0,14.0632603303075,126.59437318198,128.056680061675,20,0.1,1.5
1946,43,0.230876145667642,3.56754758476524e-202,1.38815506259643,0,14.0354680564094,140.629841238389,142.092148118085,20,0.1,1.5
1946,42,0.230876145667642,3.56754758476529e-242,1.38538138838403,0,14.0077313142854,154.637572552674,156.09987943237,20,0.1,1.5
1946,41,0.230876145667642,3.56754758476533e-282,1.38261325625324,0,13.9800499929775,168.617622545652,170.079929425348,20,0.1,1.5
1946,40,0.230876145667642,3.55727265005698e-322,1.37985065513041,0,13.9524239817492,182.570046527401,184.032353407097,20,0.1,1.5
1946,39,0.230876145667642,0,1.37709357396403,0,13.9248531700854,196.494899697486,197.957206577182,20,0.1,1.5
1946,38,0.230876145667642,0,1.37434200172467,0,13.8973374476918,210.392237145178,211.854544024874,20,0.1,1.5
1946,37,0.230876145667642,0,1.37159592740495,0,13.8698767044945,224.262113849673,225.724420729368,20,0.1,1.5
1946,36,0.230876145667642,0,1.36885534001944,0,13.8424708306395,238.104584680312,239.566891560008,20,0.1,1.5
1946,35,0.230876145667642,0,1.36612022860472,0,13.8151197164923,251.919704396804,253.3820112765,20,0.1,1.5
1946,34,0.230876145667642,0,1.36339058221923,0,13.7878232526374,265.707527649442,267.169834529138,20,0.1,1.5
1946,33,0.230876145667642,0,1.36066638994329,0,13.760581329878,279.46810897932,280.930415859016,20,0.1,1.5
1946,32,0.230876145667642,0,1.35794764087904,0,13.7333938392355,293.201502818556,294.663809698251,20,0.1,1.5
1946,31,0.230876145667642,0,1.3552343241504,0,13.7062606719491,306.907763490505,308.3700703702,20,0.1,1.5
1946,30,0.230876145667642,0,1.35252642890301,0,13.6791817194752,320.58694520998,322.049252089675,20,0.1,1.5
1946,29,0.230876145667642,0,1.34982394430419,0,13.652156873487,334.239102083467,335.701408963162,20,0.1,1.5
1946,28,0.230876145667642,0,1.34712685954293,0,13.6251860258744,347.864288109341,349.326594989037,20,0.1,1.5
1946,27,0.230876145667642,0,1.34443516382981,0,13.5982690687432,361.462557178084,362.92486405778,20,0.1,1.5
1946,26,0.230876145667642,0,1.34174884639695,0,13.5714058944146,375.033963072499,376.496269952195,20,0.1,1.5
1946,25,0.230876145667642,0,1.33906789649802,0,13.5445963954253,388.578559467924,390.04086634762,20,0.1,1.5
1946,24,0.230876145667642,0,1.33639230340814,0,13.5178404645265,402.096399932451,403.558706812146,20,0.1,1.5
1946,23,0.230876145667642,0,1.33372205642386,0,13.4911379946837,415.587537927135,417.04984480683,20,0.1,1.5
1946,22,0.230876145667642,0,1.33105714486313,0,13.4644888790763,429.052026806211,430.514333685906,20,0.1,1.5
1946,21,0.230876145667642,0,1.32839755806521,0,13.4378930110972,442.489919817308,443.952226697004,20,0.1,1.5
1946,20,0.230876145667642,0,1.32574328539071,0,13.4113502843522,455.901270101661,457.363576981356,20,0.1,1.5
1946,19,0.230876145667642,0,1.32309431622147,0,13.3848605926598,469.28613069432,470.748437574016,20,0.1,1.5
1946,18,0.230876145667642,0,1.32045063996054,0,13.3584238300505,482.644554524371,484.106861404066,20,0.1,1.5
1946,17,0.230876145667642,0,1.31781224603216,0,13.3320398907667,495.976594415138,497.438901294833,20,0.1,1.5
1946,16,0.230876145667642,0,1.3151791238817,0,13.3057086692621,509.2823030844,510.744609964095,20,0.1,1.5
1946,15,0.230876145667642,0,1.3125512629756,0,13.2794300602011,522.561733144601,524.024040024296,20,0.1,1.5
1946,14,0.230876145667642,0,1.30992865280138,0,13.2532039584589,535.81493710306,537.277243982755,20,0.1,1.5
1946,13,0.230876145667642,0,1.30731128286753,0,13.2270302591204,549.04196736218,550.504274241875,20,0.1,1.5
1946,12,0.230876145667642,0,1.30469914270353,0,13.2009088574804,562.24287621966,563.705183099356,20,0.1,1.5
1946,11,0.230876145667642,0,1.30209222185977,0,13.1748396490428,575.417715868703,576.880022748399,20,0.1,1.5
1946,10,0.230876145667642,0,1.29949050990752,0,13.1488225295203,588.566538398224,590.028845277919,20,0.1,1.5
1946,9,0.230876145667642,0,1.29689399643888,0,13.1228573948339,601.689395793058,603.151702672753,20,0.1,1.5
1946,8,0.230876145667642,0,1.29430267106677,0,13.0969441411128,614.78633993417,616.248646813866,20,0.1,1.5
1946,7,0.230876145667642,0,1.29171652342483,0,13.0710826646934,627.857422598864,629.319729478559,20,0.1,1.5
1946,6,0.230876145667642,0,1.28913554316745,0,13.0452728621196,640.902695460983,642.365002340679,20,0.1,1.5
1946,5,0.230876145667642,0,1.28655971996965,0,13.0195146301416,653.922210091125,655.38451697082,20,0.1,1.5
1946,4,0.230876145667642,0,1.28398904352713,0,12.9938078657164,666.916017956841,668.378324836537,20,0.1,1.5
1946,3,0.230876145667642,0,1.28142350355613,0,12.9681524660064,679.884170422847,681.346477302543,20,0.1,1.5
1946,2,0.0115438072833821,0,0.000544494530626504,0,0.0131408168285198,679.897311239676,681.359618119371,1,0.1,1.5
1946,1,150,0,1.29372021528952,0,112.937202152895,792.834513392571,794.296820272267,99999,0.1,1.5
1947,72,0.010943330463636,0.045159477167074,0.045159477167074,0,0.910485096983904,0,0,1,0.1,1.5
1947,71,0.0114363299740136,0.000450954798813943,0.0450909703334061,0.00254370920032756,0.499382174166699,0.463043471304877,0.499382174166699,1,0.1,1.5
1947,70,0.0119049406274879,0.000639009438847116,0.0456609242147954,0.00255176843147438,0.507389798356765,0.933979434926294,1.00677197252346,1,0.1,1.5
1947,69,0.0123448861905648,0.000642914476876771,0.0462360364003879,0.00254855155608712,0.513427312272363,1.41099886782598,1.52019928479583,1,0.1,1.5
1947,68,0.0127519454795913,0.00064218616931107,0.0468141856675969,0.00254385596981313,0.519405814924233,1.89406388318146,2.03960509972006,1,0.1,1.5
1947,67,0.0131219875903563,0.000641047743205325,0.0473957044766286,0.00253790412329026,0.525371287115104,2.3831793971067,2.56497638683516,1,0.1,1.5
1947,66,0.0134510081719988,0.000639596222716287,0.047980979052735,0.00253069605597607,0.531325892335503,2.87835248864255,3.09630227917067,1,0.1,1.5
1947,65,0.0137351630507112,0.000637832202775809,0.0485703846547546,0.0025222262874985,0.537270748049566,3.37959143258499,3.63357302722023,1,0.1,1.5
1947,64,0.0139708242108946,0.000635750142438012,0.0491639788170923,0.00251247380775136,0.543203655370443,3.88690260498756,4.17677668259068,1,0.1,1.5
1947,63,0.0141566193856268,0.000633342302598564,0.0497614780266516,0.00250140919361162,0.549120366601181,4.40028855453714,4.72589704919186,1,0.1,1.5
1947,62,0.0142935557971787,0.000630604581053654,0.0503627046728739,0.00248901747265037,0.555019522203828,4.91975068427454,5.28091657139569,1,0.1,1.5
1947,61,0.0143819976631218,0.00062753186652519,0.0509674269555143,0.00247527974565355,0.560898725886098,5.44528827093701,5.84181529728179,1,0.1,1.5
1947,60,0.014422593205688,0.000624118990767846,0.0515753674753084,0.00246017695615398,0.566755311885801,5.9768981977349,6.40857060916759,1,0.1,1.5
1947,59,0.0144162531860736,0.000620360765387722,0.0521862044973487,0.00244369003900765,0.572586345784856,6.51457468581965,6.98115695495244,1,0.1,1.5
1947,58,0.014364130186679,0.000616252040169199,0.0527995749668478,0.00242580015333939,0.578388644766138,7.05830904268094,7.55954559971858,1,0.1,1.5
1947,57,0.0142675880575216,0.000611787777975835,0.0534150798163163,0.00240648897995247,0.584158815313924,7.60808944399554,8.1437044150325,1,0.1,1.5
1947,56,0.0141281581999049,0.000606956643204391,0.0540316973239166,0.00238571353161033,0.589886933684628,8.16389475580002,8.73359134871713,1,0.1,1.5
1947,55,0.0139511180168428,0.000601801346719696,0.0546530997376815,0.00236364319238411,0.595616087508347,8.72574451198859,9.32920743622548,1,0.1,1.5
1947,54,0.0137134382863921,0.000599581830107779,0.0555915709929019,0.00235306765404855,0.604669072621718,9.29679833240962,9.9338765088472,1,0.1,1.5
1947,53,0.0115438072833821,0.000591398279647016,0.0561332460706542,0.00231906082094713,0.608071755324512,9.87174064743489,10.5419482641717,1,0.1,1.5
1947,52,0.230876145667642,0.00909964579436475,1.09318337097684,0.0353533923547898,11.6817960603685,21.0484882455921,22.2237443245402,20,0.1,1.5
1947,51,0.230876145667642,0.00453530089614812,1.02839048606216,0.0170623416994992,10.7269230385924,31.5316635456202,32.9506673631326,20,0.1,1.5
1947,50,0.230876145667642,0.00097601866588386,1.18403778255842,0.0031839037426927,12.0495397818695,43.5357189883083,45.000207145002,20,0.1,1.5
1947,49,0.230876145667642,7.7584345094655e-20,1.30857570838,0,13.2396745142451,56.7753935025534,58.2398816592471,20,0.1,1.5
1947,48,0.230876145667642,4.03362672442064e-42,1.39526222239225,0,14.1065396543675,70.881933156921,72.3464213136147,20,0.1,1.5
1947,47,0.230876145667642,3.56754758476507e-44,1.39916547197151,0,14.1455721501602,85.0275053070811,86.4919934637748,20,0.1,1.5
1947,46,0.230876145667642,3.56754758476511e-84,1.39636979784759,0,14.117615408921,99.1451207160021,100.609608872696,20,0.1,1.5
1947,45,0.230876145667642,3.56754758476516e-124,1.39357970976333,0,14.0897145280784,113.23483524408,114.699323400774,20,0.1,1.5
1947,44,0.230876145667642,3.5675475847652e-164,1.39079519655724,0,14.0618693960175,127.296704640098,128.761192796792,20,0.1,1.5
1947,43,0.230876145667642,3.56754758476525e-204,1.38801624709017,0,14.0340799013468,141.330784541445,142.795272698139,20,0.1,1.5
1947,42,0.230876145667642,3.56754758476529e-244,1.38524285024519,0,14.006345932897,155.337130474342,156.801618631036,20,0.1,1.5
1947,41,0.230876145667642,3.56754758476534e-284,1.38247499492761,0,13.9786673797212,169.315797854063,170.780286010757,20,0.1,1.5
1947,40,0.230876145667642,4.94065645841247e-324,1.3797126700649,0,13.9510441310941,183.266841985157,184.731330141851,20,0.1,1.5
1947,39,0.230876145667642,0,1.37695586460664,0,13.9234760765115,197.190318061669,198.654806218362,20,0.1,1.5
1947,38,0.230876145667642,0,1.3742045675245,0,13.8959631056901,211.086281167359,212.550769324052,20,0.1,1.5
1947,37,0.230876145667642,0,1.3714587678122,0,13.8685051085671,224.954786275926,226.41927443262,20,0.1,1.5
1947,36,0.230876145667642,0,1.36871845448544,0,13.8411019752995,238.795888251225,240.260376407919,20,0.1,1.5
1947,35,0.230876145667642,0,1.36598361658186,0,13.8137535962637,252.609641847489,254.074130004183,20,0.1,1.5
1947,34,0.230876145667642,0,1.36325424316101,0,13.7864598620551,266.396101709544,267.860589866238,20,0.1,1.5
1947,33,0.230876145667642,0,1.3605303233043,0,13.7592206634881,280.155322373032,281.619810529726,20,0.1,1.5
1947,32,0.230876145667642,0,1.35781184611496,0,13.7320358915947,293.887358264627,295.351846421321,20,0.1,1.5
1947,31,0.230876145667642,0,1.35509880071799,0,13.704905437625,307.592263702252,309.056751858946,20,0.1,1.5
1947,30,0.230876145667642,0,1.35239117626012,0,13.6778291930462,321.270092895298,322.734581051992,20,0.1,1.5
1947,29,0.230876145667642,0,1.34968896190976,0,13.6508070495427,334.920899944841,336.385388101535,20,0.1,1.5
1947,28,0.230876145667642,0,1.34699214685698,0,13.6238388990149,348.544738843856,350.009227000549,20,0.1,1.5
1947,27,0.230876145667642,0,1.34430072031342,0,13.5969246335793,362.141663477435,363.606151634129,20,0.1,1.5
1947,26,0.230876145667642,0,1.34161467151231,0,13.5700641455682,375.711727623003,377.176215779697,20,0.1,1.5
1947,25,0.230876145667642,0,1.33893398970837,0,13.5432573275288,389.254984950532,390.719473107226,20,0.1,1.5
1947,24,0.230876145667642,0,1.3362586641778,0,13.5165040722231,402.771489022755,404.235977179449,20,0.1,1.5
1947,23,0.230876145667642,0,1.33358868421822,0,13.4898042726273,416.261293295383,417.725781452076,20,0.1,1.5
1947,22,0.230876145667642,0,1.33092403914864,0,13.4631578219315,429.724451117314,431.188939274008,20,0.1,1.5
1947,21,0.230876145667642,0,1.32826471830941,0,13.4365646135392,443.161015730853,444.625503887547,20,0.1,1.5
1947,20,0.230876145667642,0,1.32561071106218,0,13.4100245410668,456.57104027192,458.035528428614,20,0.1,1.5
1947,19,0.230876145667642,0,1.32296200678985,0,13.3835374983436,469.954577770264,471.419065926957,20,0.1,1.5
1947,18,0.230876145667642,0,1.32031859489655,0,13.3571033794106,483.311681149674,484.776169306368,20,0.1,1.5
1947,17,0.230876145667642,0,1.31768046480756,0,13.3307220785207,496.642403228195,498.106891384888,20,0.1,1.5
1947,16,0.230876145667642,0,1.31504760596931,0,13.3043934901382,509.946796718333,511.411284875027,20,0.1,1.5
1947,15,0.230876145667642,0,1.31242000784931,0,13.2781175089381,523.224914227271,524.689402383965,20,0.1,1.5
1947,14,0.230876145667642,0,1.3097976599361,0,13.2518940298061,536.476808257078,537.941296413771,20,0.1,1.5
1947,13,0.230876145667642,0,1.30718055173925,0,13.2257229478376,549.702531204915,551.167019361608,20,0.1,1.5
1947,12,0.230876145667642,0,1.30456867278926,0,13.1996041583377,562.902135363253,564.366623519946,20,0.1,1.5
1947,11,0.230876145667642,0,1.30196201263759,0,13.173537556821,576.075672920074,577.540161076767,20,0.1,1.5
1947,10,0.230876145667642,0,1.29936056085653,0,13.1475230390104,589.223195959084,590.687684115777,20,0.1,1.5
1947,9,0.230876145667642,0,1.29676430703924,0,13.1215605008375,602.344756459922,603.809244616615,20,0.1,1.5
1947,8,0.230876145667642,0,1.29417324079966,0,13.0956498384417,615.440406298363,616.904894455057,20,0.1,1.5
1947,7,0.230876145667642,0,1.29158735177249,0,13.06979094817,628.510197246533,629.974685403227,20,0.1,1.5
1947,6,0.230876145667642,0,1.28900662961313,0,13.0439837265764,641.55418097311,643.018669129803,20,0.1,1.5
1947,5,0.230876145667642,0,1.28643106399766,0,13.0182280704217,654.572409043531,656.036897200225,20,0.1,1.5
1947,4,0.230876145667642,0,1.28386064462278,0,12.9925238766728,667.564932920204,669.029421076898,20,0.1,1.5
1947,3,0.230876145667642,0,1.28129536120578,0,12.9668710425028,680.531803962707,681.9962921194,20,0.1,1.5
1947,2,0.0115438072833821,0,0.000544440081173442,0,0.0131402723339891,680.544944235041,682.009432391734,1,0.1,1.5
1947,1,150,0,1.29359084326799,0,112.93590843268,793.480852667721,794.945340824414,99999,0.1,1.5
1948,73,0.0104302392195847,0.0452268401331879,0.0452268401331879,0,0.911490295476815,0,0,1,0.1,1.5
1948,72,0.010943330463636,0.00045159477167074,0.0451549612193573,0.00254969869426211,0.499785380613592,0.463361113552704,0.499785380613592,1,0.1,1.5
1948,71,0.0114363299740136,0.000640436848070028,0.0457223885364547,0.0025577087082011,0.507791169659367,0.934613587380627,1.00757655027296,1,0.1,1.5
1948,70,0.0119049406274879,0.000644332202257066,0.0462943002302425,0.00255436016722063,0.513813810941711,1.41193653879062,1.52139036121467,1,0.1,1.5
1948,69,0.0123448861905648,0.000643567033790548,0.0468685506857697,0.00254950940692187,0.519772664278672,1.89528764011326,2.04116302549334,1,0.1,1.5
1948,68,0.0127519454795913,0.000642385854146393,0.0474454682414835,0.00254338128099234,0.525713856242583,2.38466747805595,2.56687688173593,1,0.1,1.5
1948,67,0.0131219875903563,0.000640886508254618,0.0480254409370035,0.00253597698842366,0.531639508871252,2.88007874423544,3.09851639060718,1,0.1,1.5
1948,66,0.0134510081719988,0.000639069976221181,0.0486088549688237,0.00252729257410014,0.537550767861783,3.38152533246722,3.63606715846896,1,0.1,1.5
1948,65,0.0137351630507112,0.000636934893902383,0.0491960841881637,0.00251732358423772,0.543448731676912,3.88901229865502,4.17951589014587,1,0.1,1.5
1948,64,0.0139708242108946,0.000634475953362221,0.0497871808711485,0.00250605021087488,0.549331168350583,4.40254274970739,4.72884705849646,1,0.1,1.5
1948,63,0.0141566193856268,0.000631685721428891,0.0503818541772519,0.00249344433057023,0.555193778537752,4.92211589495128,5.28404083703421,1,0.1,1.5
1948,62,0.0142935557971787,0.000628560413973129,0.0509799227705692,0.00247949230567211,0.561035187696001,5.44772976399483,5.84507602473021,1,0.1,1.5
1948,61,0.0143819976631218,0.000625095255078639,0.0515811501492321,0.00246417664120935,0.566852975931037,5.97938021648001,6.41192900066125,1,0.1,1.5
1948,60,0.014422593205688,0.000621285428946173,0.0521852541775993,0.00244747975158667,0.572644454653818,6.51706067468259,6.98457345531506,1,0.1,1.5
1948,59,0.0144162531860736,0.00061712611740579,0.0527919083866509,0.00242938411167379,0.578406667807575,7.06076185518054,7.56298012312264,1,0.1,1.5
1948,58,0.014364130186679,0.000612612558736539,0.053400745047686,0.0024098724914024,0.584136412732521,7.61047151803589,8.14711653585516,1,0.1,1.5
1948,57,0.0142675880575216,0.000607740122767875,0.0540113605533228,0.00238892825360089,0.589830278612601,8.16617425016848,8.73694681446776,1,0.1,1.5
1948,56,0.0141281581999049,0.000602497949334625,0.0546227225370868,0.00236651037856957,0.595478268119907,8.72784522716596,9.33242508258767,1,0.1,1.5
1948,55,0.0139511180168428,0.000596928811563225,0.0552385452258038,0.00234278843985764,0.601123892001912,9.29550071288419,9.93354897458958,1,0.1,1.5
1948,54,0.0137134382863921,0.000594262731813216,0.0561742787493147,0.00233042504190307,0.610119493315108,9.8723284198864,10.5436684679047,1,0.1,1.5
1948,53,0.0115438072833821,0.000585679188033253,0.056707397951284,0.00229483159417909,0.6134099514037,10.4529550628018,11.1570784193084,1,0.1,1.5
1948,52,0.230876145667642,0.0089293445466411,1.10191240072844,0.0346520593154871,11.7573643019886,21.7152899459978,22.914442721297,20,0.1,1.5
1948,51,0.230876145667642,0.00431093843383629,1.03255323243843,0.0161594850052335,10.7534089249568,32.2378490851655,33.6678516462538,20,0.1,1.5
1948,50,0.230876145667642,0.000805736122332014,1.18471535471584,0.00257299637694075,12.0458854299259,44.2469774239923,45.7137370761797,20,0.1,1.5
1948,49,0.230876145667642,7.75843450946551e-22,1.30844485080916,0,13.2383659385367,57.485343362529,58.9521030147164,20,0.1,1.5
1948,48,0.230876145667642,4.03362672442064e-44,1.39512269617001,0,14.1051443921452,71.5904877546741,73.0572474068615,20,0.1,1.5
1948,47,0.230876145667642,3.56754758476507e-46,1.39902555542431,0,14.1441729846882,85.7346607393623,87.2014203915498,20,0.1,1.5
1948,46,0.230876145667642,3.56754758476511e-86,1.39623016086781,0,14.1162190391232,99.8508797784855,101.317639430673,20,0.1,1.5
1948,45,0.230876145667642,3.56754758476516e-126,1.39344035179235,0,14.0883209483686,113.939200726854,115.405960379042,20,0.1,1.5
1948,44,0.230876145667642,3.5675475847652e-166,1.39065611703759,0,14.060478600821,127.999679327675,129.466438979863,20,0.1,1.5
1948,43,0.230876145667642,3.56754758476525e-206,1.38787744546546,0,14.0326918850997,142.032371212775,143.499130864962,20,0.1,1.5
1948,42,0.230876145667642,3.56754758476529e-246,1.38510432596017,0,14.0049606900468,156.037331902822,157.504091555009,20,0.1,1.5
1948,41,0.230876145667642,3.56754758476534e-286,1.38233674742812,0,13.9772849047263,170.014616807548,171.481376459735,20,0.1,1.5
1948,40,0.230876145667642,0,1.37957469879789,0,13.949664418424,183.964281225972,185.431040878159,20,0.1,1.5
1948,39,0.230876145667642,0,1.37681816902018,0,13.9220991206468,197.886380346619,199.353139998806,20,0.1,1.5
1948,38,0.230876145667642,0,1.37406714706775,0,13.8945889011226,211.780969247741,213.247728899929,20,0.1,1.5
1948,37,0.230876145667642,0,1.37132162193542,0,13.8671336497993,225.648102897541,227.114862549728,20,0.1,1.5
1948,36,0.230876145667642,0,1.36858158263999,0,13.839733256845,239.487836154386,240.954595806573,20,0.1,1.5
1948,35,0.230876145667642,0,1.3658470182202,0,13.8123876126471,253.300223767033,254.76698341922,20,0.1,1.5
1948,34,0.230876145667642,0,1.36311791773669,0,13.785096607812,267.085320374845,268.552080027032,20,0.1,1.5
1948,33,0.230876145667642,0,1.36039427027197,0,13.7578601331648,280.843180508009,282.309940160197,20,0.1,1.5
1948,32,0.230876145667642,0,1.35767606493035,0,13.7306780797485,294.573858587758,296.040618239945,20,0.1,1.5
1948,31,0.230876145667642,0,1.35496329083792,0,13.7035503388242,308.277408926582,309.74416857877,20,0.1,1.5
1948,30,0.230876145667642,0,1.35225593714249,0,13.67647680187,321.953885728452,323.42064538064,20,0.1,1.5
1948,29,0.230876145667642,0,1.34955399301357,0,13.6494573605808,335.603343089033,337.07010274122,20,0.1,1.5
1948,28,0.230876145667642,0,1.34685744764229,0,13.622491906868,349.225834995901,350.692594648088,20,0.1,1.5
1948,27,0.230876145667642,0,1.34416629024139,0,13.595580332859,362.82141532876,364.288174980947,20,0.1,1.5
1948,26,0.230876145667642,0,1.34148051004516,0,13.5687225308967,376.390137859657,377.856897511844,20,0.1,1.5
1948,25,0.230876145667642,0,1.3388000963094,0,13.5419183935391,389.932056253196,391.398815905383,20,0.1,1.5
1948,24,0.230876145667642,0,1.33612503831138,0,13.5151678135589,403.447224066755,404.913983718942,20,0.1,1.5
1948,23,0.230876145667642,0,1.3334553253498,0,13.4884706839431,416.935694750698,418.402454402885,20,0.1,1.5
1948,22,0.230876145667642,0,1.33079094674472,0,13.4618268978923,430.397521648591,431.864281300778,20,0.1,1.5
1948,21,0.230876145667642,0,1.32813189183758,0,13.4352363488209,443.832757997411,445.299517649598,20,0.1,1.5
1948,20,0.230876145667642,0,1.32547814999107,0,13.4086989303558,457.241456927767,458.708216579954,20,0.1,1.5
1948,19,0.230876145667642,0,1.32282971058917,0,13.3822145363368,470.623671464104,472.090431116291,20,0.1,1.5
1948,18,0.230876145667642,0,1.32018656303706,0,13.3557830608157,483.97945452492,485.446214177107,20,0.1,1.5
1948,17,0.230876145667642,0,1.31754869676108,0,13.3294043980559,497.308858922976,498.775618575163,20,0.1,1.5
1948,16,0.230876145667642,0,1.31491610120871,0,13.3030784425322,510.611937365508,512.078697017695,20,0.1,1.5
1948,15,0.230876145667642,0,1.31228876584852,0,13.2768050889303,523.888742454438,525.355502106625,20,0.1,1.5
1948,14,0.230876145667642,0,1.30966668017011,0,13.2505842321461,537.139326686584,538.606086338771,20,0.1,1.5
1948,13,0.230876145667642,0,1.30704983368407,0,13.2244157672858,550.36374245387,551.830502106057,20,0.1,1.5
1948,12,0.230876145667642,0,1.30443821592198,0,13.1982995896649,563.562042043535,565.028801695722,20,0.1,1.5
1948,11,0.230876145667642,0,1.30183181643632,0,13.1722355948083,576.734277638343,578.20103729053,20,0.1,1.5
1948,10,0.230876145667642,0,1.29923062480044,0,13.1462236784495,589.880501316793,591.34726096898,20,0.1,1.5
1948,9,0.230876145667642,0,1.29663463060854,0,13.1202637365305,603.000765053323,604.46752470551,20,0.1,1.5
1948,8,0.230876145667642,0,1.29404382347558,0,13.0943556652009,616.095120718524,617.561880370711,20,0.1,1.5
1948,7,0.230876145667642,0,1.29145819303731,0,13.0684993608182,629.163620079342,630.630379731529,20,0.1,1.5
1948,6,0.230876145667642,0,1.28887772895017,0,13.0426947199468,642.206314799289,643.673074451476,20,0.1,1.5
1948,5,0.230876145667642,0,1.28630242089126,0,13.0169416393577,655.223256438647,656.690016090834,20,0.1,1.5
1948,4,0.230876145667642,0,1.28373225855831,0,12.9912400160282,668.214496454675,669.681256106862,20,0.1,1.5
1948,3,0.230876145667642,0,1.28116723166965,0,12.9655897471416,681.180086201816,682.646845854004,20,0.1,1.5
1948,2,0.0115438072833821,0,0.000544385637165324,0,0.013139727893908,681.19322592971,682.659985581897,1,0.1,1.5
1948,1,150,0,1.29346148418366,0,112.934614841837,794.127840771547,795.594600423734,99999,0.1,1.5
1949,74,0.00990134123530219,0.0452969892587297,0.0452969892587297,0,0.912540679331461,0,0,1,0.1,1.5
1949,73,0.0104302392195847,0.00045226840133188,0.0452223174491746,0.00255594187059727,0.500212806612368,0.463699351318121,0.500212806612368,1,0.1,1.5
1949,72,0.010943330463636,0.000641940621282236,0.0457878703968009,0.00256392147585817,0.508221113478372,0.935293015141377,1.00843392009074,1,0.1,1.5
1949,71,0.0114363299740136,0.000645831545530976,0.0463572434746513,0.00256045687381472,0.514232925524709,1.41294798532588,1.52266684561545,1,0.1,1.5
1949,70,0.0119049406274879,0.000645033363827728,0.0469282608420247,0.00255546577892999,0.52017622312823,1.89661755446939,2.04284306874368,1,0.1,1.5
1949,69,0.0123448861905648,0.000643813022068372,0.0475012411824316,0.00254917532892311,0.52609725658523,2.38629802064143,2.56894032532891,1,0.1,1.5
1949,68,0.0127519454795913,0.00064226917878955,0.0480765690149074,0.00254158771098847,0.531998074794628,2.8819876995648,3.10093840012354,1,0.1,1.5
1949,67,0.0131219875903563,0.000640403112188461,0.0486546326400157,0.00253270014807003,0.53787977993566,3.38368604881374,3.6388181800592,1,0.1,1.5
1949,66,0.0134510081719988,0.000638213843287246,0.0492358172268519,0.00252250976488479,0.543743503266792,3.89139369829647,4.18256168332599,1,0.1,1.5
1949,65,0.0137351630507112,0.000635700244998453,0.0498204954758043,0.00251101331917674,0.549590351420551,4.40511243087164,4.73215203474654,1,0.1,1.5
1949,64,0.0139708242108946,0.000632857312252343,0.0504087147057801,0.00249819228568846,0.555418064211708,4.92484203385922,5.28757009895825,1,0.1,1.5
1949,63,0.0141566193856268,0.000629677939856847,0.0510001770744767,0.0024840199228404,0.56122229529814,5.45057833025964,5.84879239425639,1,0.1,1.5
1949,62,0.0142935557971787,0.00062615868055776,0.0515946978547102,0.00246848400073079,0.567001659704095,5.98231593281044,6.41579405396048,1,0.1,1.5
1949,61,0.0143819976631218,0.000622295112853125,0.0521920361945196,0.0024515685025221,0.572753718694695,6.52004724432625,6.98854777265518,1,0.1,1.5
1949,60,0.014422593205688,0.000618082792186128,0.0527919055900782,0.00243325738606851,0.578475765760748,7.06376219028602,7.56702353841593,1,0.1,1.5
1949,59,0.0144162531860736,0.000613517289092505,0.0533939752237307,0.00241353473728725,0.584164828261146,7.61344795087163,8.15118836667707,1,0.1,1.5
1949,58,0.014364130186679,0.000608594248437965,0.0539978730960318,0.00239238500608993,0.589817688894244,8.16908871110745,8.74100605557132,1,0.1,1.5
1949,57,0.0142675880575216,0.000603309464627901,0.0546031914806677,0.00236979330428204,0.595430924885809,8.73066544593209,9.33643698045713,1,0.1,1.5
1949,56,0.0141281581999049,0.000597652574135738,0.0552088878594755,0.00234572066111703,0.600994471628197,9.29814962240147,9.93743145208532,1,0.1,1.5
1949,55,0.0139511180168428,0.000591666398080042,0.0558187184812456,0.00232033677549381,0.606552262359158,9.87155421653929,10.5439837144445,1,0.1,1.5
1949,54,0.0137134382863921,0.000588548887793901,0.0567512675819155,0.00230616836865358,0.615485719297359,10.4540946734273,11.1594694337418,1,0.1,1.5
1949,53,0.0115438072833821,0.000579564690425104,0.0572754351100336,0.00226898838164346,0.618659989264606,11.0403405429542,11.7781294230064,1,0.1,1.5
1949,52,0.230876145667642,0.00875230827433818,1.11046522431724,0.0339236771594449,11.8307167157815,22.3864332993151,23.608846138788,20,0.1,1.5
1949,51,0.230876145667642,0.00408298063564673,1.03648984836649,0.0152427646167236,10.7773995007054,32.9460790197815,34.3862456394934,20,0.1,1.5
1949,50,0.230876145667642,0.000651306455458507,1.1852401322746,0.00202552221509777,12.0417678493899,44.9589108375272,46.4280134888833,20,0.1,1.5
1949,49,0.230876145667642,7.75843450946551e-24,1.30831400632408,0,13.2370574936859,58.1959683312131,59.6650709825692,20,0.1,1.5
1949,48,0.230876145667642,4.03362672442064e-46,1.39498318390039,0,14.103749269449,72.299717600662,73.7688202520182,20,0.1,1.5
1949,47,0.230876145667642,3.56754758476507e-48,1.39888565286877,0,14.1427739591328,86.4424915597948,87.9115942111509,20,0.1,1.5
1949,46,0.230876145667642,3.56754758476511e-88,1.39609053785172,0,14.1148228089623,100.557314368757,102.026417020113,20,0.1,1.5
1949,45,0.230876145667642,3.56754758476516e-128,1.39330100775717,0,14.0869275080168,114.644241876774,116.11334452813,20,0.1,1.5
1949,44,0.230876145667642,3.5675475847652e-168,1.39051705142588,0,14.0590879447039,128.703329821478,130.172432472834,20,0.1,1.5
1949,43,0.230876145667642,3.56754758476525e-208,1.38773865772091,0,14.0313040076542,142.734633829132,144.203736480488,20,0.1,1.5
1949,42,0.230876145667642,3.5675475847653e-248,1.38496581552757,0,14.0035755857208,156.738209414853,158.207312066209,20,0.1,1.5
1949,41,0.230876145667642,3.56754758476534e-288,1.38219851375338,0,13.9759025679789,170.714111982832,172.183214634188,20,0.1,1.5
1949,40,0.230876145667642,0,1.37943674132801,0,13.9482848437252,184.662396826557,186.131499477913,20,0.1,1.5
1949,39,0.230876145667642,0,1.37668048720327,0,13.9207223024778,198.583119129035,200.052221780391,20,0.1,1.5
1949,38,0.230876145667642,0,1.37392974035304,0,13.8932148339755,212.47633396301,213.945436614366,20,0.1,1.5
1949,37,0.230876145667642,0,1.37118448977323,0,13.8657623281774,226.342096291188,227.811198942544,20,0.1,1.5
1949,36,0.230876145667642,0,1.36844472448173,0,13.8383646752624,240.18046096645,241.649563617806,20,0.1,1.5
1949,35,0.230876145667642,0,1.36571043351838,0,13.8110217656289,253.991482732079,255.460585383435,20,0.1,1.5
1949,34,0.230876145667642,0,1.36298160594492,0,13.7837334898943,267.775216221973,269.244318873329,20,0.1,1.5
1949,33,0.230876145667642,0,1.36025823084494,0,13.7564997388945,281.531715960868,283.000818612224,20,0.1,1.5
1949,32,0.230876145667642,0,1.35754029732385,0,13.7293204036836,295.261036364551,296.730139015907,20,0.1,1.5
1949,31,0.230876145667642,0,1.35482779450883,0,13.7021953755334,308.963231740085,310.432334391441,20,0.1,1.5
1949,30,0.230876145667642,0,1.35212071154878,0,13.6751245459328,322.638356286018,324.107458937374,20,0.1,1.5
1949,29,0.230876145667642,0,1.34941903761427,0,13.6481078065878,336.286464092605,337.755566743961,20,0.1,1.5
1949,28,0.230876145667642,0,1.34672276189753,0,13.6211450494204,349.907609142026,351.376711793382,20,0.1,1.5
1949,27,0.230876145667642,0,1.34403187361237,0,13.5942361665688,363.501845308595,364.97094795995,20,0.1,1.5
1949,26,0.230876145667642,0,1.34134636199416,0,13.5673810503867,377.069226358981,378.538329010337,20,0.1,1.5
1949,25,0.230876145667642,0,1.33866621629977,0,13.5405795934428,390.609805952424,392.07890860378,20,0.1,1.5
1949,24,0.230876145667642,0,1.33599142580755,0,13.5138316885206,404.123637640945,405.592740292301,20,0.1,1.5
1949,23,0.230876145667642,0,1.33332197981726,0,13.4871372286177,417.610774869563,419.079877520918,20,0.1,1.5
1949,22,0.230876145667642,0,1.33065786765005,0,13.4604961069456,431.071270976508,432.540373627864,20,0.1,1.5
1949,21,0.230876145667642,0,1.32799907864839,0,13.433908216929,444.505179193437,445.974281844793,20,0.1,1.5
1949,20,0.230876145667642,0,1.32534560217607,0,13.4073734522058,457.912552645643,459.381655296999,20,0.1,1.5
1949,19,0.230876145667642,0,1.32269742761811,0,13.3808917066262,471.293444352269,472.762547003625,20,0.1,1.5
1949,18,0.230876145667642,0,1.32005454438075,0,13.3544628742526,484.647907226522,486.117009877877,20,0.1,1.5
1949,17,0.230876145667642,0,1.3174169418914,0,13.3280868493591,497.975994075881,499.445096727237,20,0.1,1.5
1949,16,0.230876145667642,0,1.31478460959859,0,13.301763526431,511.277757602312,512.746860253668,20,0.1,1.5
1949,15,0.230876145667642,0,1.31215753697194,0,13.2754928001645,524.553250402477,526.022353053832,20,0.1,1.5
1949,14,0.230876145667642,0,1.30953571350209,0,13.249274565466,537.802524967943,539.271627619298,20,0.1,1.5
1949,13,0.230876145667642,0,1.3069191287007,0,13.2231087174521,551.025633685395,552.49473633675,20,0.1,1.5
1949,12,0.230876145667642,0,1.30430777210039,0,13.196995151449,564.222628836844,565.691731488199,20,0.1,1.5
1949,11,0.230876145667642,0,1.30170163325468,0,13.1709337629919,577.393562599835,578.862665251191,20,0.1,1.5
1949,10,0.230876145667642,0,1.29910070173796,0,13.1449244478247,590.53848704766,592.007589699016,20,0.1,1.5
1949,9,0.230876145667642,0,1.29650496714548,0,13.1189671018999,603.65745414956,605.126556800916,20,0.1,1.5
1949,8,0.230876145667642,0,1.29391441909324,0,13.0930616213774,616.750515770937,618.219618422293,20,0.1,1.5
1949,7,0.230876145667642,0,1.29132904721801,0,13.0672079026252,629.817723673562,631.286826324918,20,0.1,1.5
1949,6,0.230876145667642,0,1.28874884117727,0,13.0414058422178,642.85912951578,644.328232167136,20,0.1,1.5
1949,5,0.230876145667642,0,1.28617379064917,0,13.0156553369368,655.874784852717,657.343887504073,20,0.1,1.5
1949,4,0.230876145667642,0,1.28360388533246,0,12.9899562837697,668.864741136487,670.333843787843,20,0.1,1.5
1949,3,0.230876145667642,0,1.28103911494649,0,12.96430857991,681.829049716397,683.298152367753,20,0.1,1.5
1949,2,0.0115438072833821,0,0.000544331198601608,0,0.0131391835082708,681.842188899905,683.311291551261,1,0.1,1.5
1949,1,150,0,1.29333213803524,0,112.933321380352,794.775510280257,796.244612931613,99999,0.1,1.5
1950,75,0.00936087758225378,0.0453693465859972,0.0453693465859972,0,0.91362751677478,0,0,1,0.1,1.5
1950,74,0.00990134123530219,0.000452969892587297,0.0452924595598038,0.00256238848143881,0.500660738415619,0.464055188680779,0.500660738415619,1,0.1,1.5
1950,73,0.0104302392195847,0.000643508151662637,0.045856780685079,0.00257035613503526,0.508675754538119,0.936011569861252,1.00933649295374,1,0.1,1.5
1950,72,0.010943330463636,0.000647399775177365,0.0464242719787258,0.00256679138462656,0.514680719533263,1.41402384104271,1.524017212487,1,0.1,1.5
1950,71,0.0114363299740136,0.00064657253390899,0.0469927219687575,0.00256167529519841,0.520612526369318,1.89804100605205,2.04462973885632,1,0.1,1.5
1950,70,0.0119049406274879,0.000645316778370776,0.047562434460673,0.00255523716022276,0.526517527478612,2.38805514552748,2.57114726633493,1,0.1,1.5
1950,69,0.0123448861905648,0.000643731962451462,0.0481337848905441,0.00254747995816239,0.53239766348789,2.88406023818448,3.10354492982282,1,0.1,1.5
1950,68,0.0127519454795913,0.000641819619535014,0.048707158285753,0.00253840191751661,0.538253960575226,3.38605131422375,3.64179889039805,1,0.1,1.5
1950,67,0.0131219875903563,0.000639579068139392,0.0492829422137692,0.00252800139626514,0.544087510206921,3.89402451876974,4.18588640060497,1,0.1,1.5
1950,66,0.0134510081719988,0.00063700957965407,0.0498615210863504,0.00251627678515718,0.549899456657908,4.40797716421112,4.73578585726288,1,0.1,1.5
1950,65,0.0137351630507112,0.00063411033224417,0.0504432667560509,0.00250322612559463,0.555690919472872,4.92790771046121,5.29147677673575,1,0.1,1.5
1950,64,0.0139708242108946,0.00063087664454464,0.0510282219057316,0.00248883225200697,0.561459614767268,5.45381257877124,5.85293639150302,1,0.1,1.5
1950,63,0.0141566193856268,0.000627301760108669,0.0516160820374793,0.00247306988567703,0.567201154028351,5.9856841630042,6.42013754553137,1,0.1,1.5
1950,62,0.0142935557971787,0.000623382586988274,0.0522066593851074,0.00245592827560387,0.57291414657056,6.52351361992328,6.99305169210193,1,0.1,1.5
1950,61,0.0143819976631218,0.000619115076759057,0.0527997091165306,0.0024373929549604,0.578596139731555,7.06728986029825,7.57164783183348,1,0.1,1.5
1950,60,0.014422593205688,0.000614495174438989,0.0533949407460364,0.00241744949532349,0.584244414132214,7.61699928164013,8.1558922459657,1,0.1,1.5
1950,59,0.0144162531860736,0.000609518857212737,0.0539920195105301,0.00239608366207223,0.589855985735843,8.17262550077494,8.74574823170154,1,0.1,1.5
1950,58,0.014364130186679,0.000604182194006863,0.0545905695602447,0.00237328165134964,0.595427627924344,8.73414910510858,9.34117585962588,1,0.1,1.5
1950,57,0.0142675880575216,0.000598481420716789,0.0551901794875902,0.00234903038763963,0.600955911421031,9.30154743956333,9.94213177104692,1,0.1,1.5
1950,56,0.0141281581999049,0.000592406691020616,0.0557897971359688,0.00232329302753261,0.606430710796487,9.87478824996649,10.5485624818434,1,0.1,1.5
1950,55,0.0139511180168428,0.000586000857854253,0.0563932208032709,0.00229623932340049,0.611896380861535,10.4538812119223,11.1604588627049,1,0.1,1.5
1950,54,0.0137134382863921,0.000582427581041334,0.0573221345473207,0.00228025106625526,0.620762928706767,11.0420691253969,11.7812217914117,1,0.1,1.5
1950,53,0.0115438072833821,0.000573042742315116,0.0578369546619335,0.00224148744234284,0.623817094741067,11.6338649709616,12.4050388861528,1,0.1,1.5
1950,52,0.230876145667642,0.0085684423726046,1.11883509708467,0.0331679635862008,11.9017808762493,23.0618177959795,24.3068197624021,20,0.1,1.5
1950,51,0.230876145667642,0.00385152096053738,1.04019689053583,0.0143126351357066,10.7988677616332,33.6562193413883,35.1056875240353,20,0.1,1.5
1950,50,0.230876145667642,0.000512893618329027,1.18562798881515,0.00154213113438263,12.0373566995568,45.6715455961681,47.143044223592,20,0.1,1.5
1950,49,0.230876145667642,7.75843450946552e-26,1.30818317492345,0,13.2357491796795,58.9072947758477,60.3787934032716,20,0.1,1.5
1950,48,0.230876145667642,4.03362672442064e-48,1.394843685582,0,14.1023542862651,73.0096490621128,74.4811476895367,20,0.1,1.5
1950,47,0.230876145667642,3.56754758476507e-50,1.39874576430348,0,14.1413750734799,87.1510241355927,88.6225227630166,20,0.1,1.5
1950,46,0.230876145667642,3.56754758476512e-90,1.39595092879794,0,14.1134267184244,101.264450854017,102.735949481441,20,0.1,1.5
1950,45,0.230876145667642,3.56754758476516e-130,1.3931616776564,0,14.0855342070091,115.349985061026,116.82148368845,20,0.1,1.5
1950,44,0.230876145667642,3.56754758476521e-170,1.39037799972074,0,14.0576974276525,129.407682488679,130.879181116103,20,0.1,1.5
1950,43,0.230876145667642,3.56754758476525e-210,1.38759988385514,0,14.0299162689965,143.437598757675,144.909097385099,20,0.1,1.5
1950,42,0.230876145667642,3.5675475847653e-250,1.38482731894602,0,14.0021906199053,157.43978937758,158.911288005004,20,0.1,1.5
1950,41,0.230876145667642,3.56754758476534e-290,1.382060293902,0,13.9745203694651,171.414309747046,172.88580837447,20,0.1,1.5
1950,40,0.230876145667642,0,1.37929879765388,0,13.9469054069839,185.361215154029,186.832713781453,20,0.1,1.5
1950,39,0.230876145667642,0,1.37654281915455,0,13.9193456219906,199.28056077602,200.752059403444,20,0.1,1.5
1950,38,0.230876145667642,0,1.37379234737901,0,13.8918409042352,213.172401680255,214.643900307679,20,0.1,1.5
1950,37,0.230876145667642,0,1.37104737132425,0,13.8643911436876,227.036792823943,228.508291451367,20,0.1,1.5
1950,36,0.230876145667642,0,1.36830788000928,0,13.8369962305379,240.873789054481,242.345287681905,20,0.1,1.5
1950,35,0.230876145667642,0,1.36557386247502,0,13.8096560551953,254.683445109676,256.1549437371,20,0.1,1.5
1950,34,0.230876145667642,0,1.36284530778432,0,13.7823705082883,268.465815617964,269.937314245388,20,0.1,1.5
1950,33,0.230876145667642,0,1.36012220502185,0,13.7551394806636,282.220955098628,283.692453726052,20,0.1,1.5
1950,32,0.230876145667642,0,1.35740454329412,0,13.7279628633863,295.948917962014,297.420416589438,20,0.1,1.5
1950,31,0.230876145667642,0,1.35469231172938,0,13.7008405477389,309.649758509753,311.121257137177,20,0.1,1.5
1950,30,0.230876145667642,0,1.35198549947762,0,13.6737724252213,323.323530934975,324.795029562398,20,0.1,1.5
1950,29,0.230876145667642,0,1.34928409571051,0,13.6467583875502,336.970289322525,338.441787949949,20,0.1,1.5
1950,28,0.230876145667642,0,1.34658808962134,0,13.6197983266585,350.590087649183,352.061586276607,20,0.1,1.5
1950,27,0.230876145667642,0,1.34389747042501,0,13.5928921346952,364.182979783879,365.654478411302,20,0.1,1.5
1950,26,0.230876145667642,0,1.34121222735796,0,13.5660397040247,377.749019487903,379.220518115327,20,0.1,1.5
1950,25,0.230876145667642,0,1.33853234967814,0,13.5392409272265,391.28826041513,392.759759042553,20,0.1,1.5
1950,24,0.230876145667642,0,1.33585782666497,0,13.5124956970948,404.800756112225,406.272254739648,20,0.1,1.5
1950,23,0.230876145667642,0,1.33318864761928,0,13.4858039066379,418.286560018863,419.758058646286,20,0.1,1.5
1950,22,0.230876145667642,0,1.33052480186328,0,13.4591654490779,431.74572546794,433.217224095364,20,0.1,1.5
1950,21,0.230876145667642,0,1.32786627874053,0,13.4325802178504,445.178305685791,446.649804313214,20,0.1,1.5
1950,20,0.230876145667642,0,1.32521306761585,0,13.4060481066036,458.584353792395,460.055852419818,20,0.1,1.5
1950,19,0.230876145667642,0,1.32256515787535,0,13.3795690091986,471.963922801593,473.435421429017,20,0.1,1.5
1950,18,0.230876145667642,0,1.31992253892631,0,13.3531428197082,485.317065621301,486.788564248725,20,0.1,1.5
1950,17,0.230876145667642,0,1.31728520019721,0,13.3267694324172,498.643835053719,500.115333681142,20,0.1,1.5
1950,16,0.230876145667642,0,1.31465313113763,0,13.3004487418214,511.94428379554,513.415782422963,20,0.1,1.5
1950,15,0.230876145667642,0,1.31202632121824,0,13.2741806426275,525.218464438168,526.689963065591,20,0.1,1.5
1950,14,0.230876145667642,0,1.30940475993074,0,13.2479650297525,538.46642946792,539.937928095343,20,0.1,1.5
1950,13,0.230876145667642,0,1.30678843678783,0,13.2218017983234,551.688231266243,553.159729893667,20,0.1,1.5
1950,12,0.230876145667642,0,1.30417734132318,0,13.1956908436769,564.88392210992,566.355420737344,20,0.1,1.5
1950,11,0.230876145667642,0,1.30157146309135,0,13.1696320613586,578.053554171279,579.525052798702,20,0.1,1.5
1950,10,0.230876145667642,0,1.29897079166779,0,13.143625347123,591.197179518402,592.668678145825,20,0.1,1.5
1950,9,0.230876145667642,0,1.29637531664876,0,13.1176705969327,604.314850115335,605.786348742758,20,0.1,1.5
1950,8,0.230876145667642,0,1.29378502765133,0,13.0917677069584,617.406617822293,618.878116449716,20,0.1,1.5
1950,7,0.230876145667642,0,1.29119991431329,0,13.065916573578,630.472534395871,631.944033023294,20,0.1,1.5
1950,6,0.230876145667642,0,1.28861996629316,0,13.0401170933767,643.512651489247,644.984150116671,20,0.1,1.5
1950,5,0.230876145667642,0,1.2860451732701,0,13.0143691631461,656.527020652394,657.998519279817,20,0.1,1.5
1950,4,0.230876145667642,0,1.28347552494392,0,12.9886726798843,669.515693332278,670.987191959701,20,0.1,1.5
1950,3,0.230876145667642,0,1.28091101103499,0,12.963027540795,682.478720873073,683.950219500496,20,0.1,1.5
1950,2,0.0115438072833821,0,0.000544276765481748,0,0.0131386391770722,682.49185951225,683.963358139673,1,0.1,1.5
1950,1,150,0,1.29320280482144,0,112.932028048214,795.423887560464,796.895386187888,99999,0.1,1.5
1951,76,0.0087871703769529,0.0454433399645613,0.0454433399645613,0,0.914724912875861,0,0,1,0.1,1.5
1951,75,0.00936087758225378,0.000453693465859972,0.0453648096513386,0.00256920422314972,0.501128533700389,0.464425616226822,0.501128533700389,1,0.1,1.5
1951,74,0.00990134123530219,0.000645126819285577,0.0459285274342075,0.00257717814550636,0.50915426734189,0.93676305291862,1.01028280104228,1,0.1,1.5
1951,73,0.0104302392195847,0.000649024115275441,0.0464947840407693,0.00257352859962325,0.515156268653836,1.41515462729212,1.52543906969611,1,0.1,1.5
1951,72,0.010943330463636,0.000648171843908415,0.0470613273976845,0.00256830234884592,0.521080579613295,1.89954517335048,2.04651964930941,1,0.1,1.5
1951,71,0.0114363299740136,0.000646884549138692,0.0476284415203603,0.00256173072501125,0.526973633892112,2.38992265402814,2.57349328320152,1,0.1,1.5
1951,70,0.0119049406274879,0.000645262457839398,0.0481964875072826,0.00255381730414276,0.532837231081108,2.88627678076436,3.10633051428263,1,0.1,1.5
1951,69,0.0123448861905648,0.000643307309165112,0.0487658415015957,0.00254456112260025,0.538672285414655,3.38859819299901,3.64500279969728,1,0.1,1.5
1951,68,0.0127519454795913,0.000641018675574503,0.0493368880493036,0.00253396160083475,0.544479815675672,3.89687855723418,4.18948261537296,1,0.1,1.5
1951,67,0.0131219875903563,0.00063839613974768,0.0499100142686141,0.00252201842017004,0.55026093038438,4.4111106530447,4.73974354575734,1,0.1,1.5
1951,66,0.0134510081719988,0.000635439292085836,0.050485604130531,0.00250873131034162,0.556016791726667,4.9312884260522,5.295760337484,1,0.1,1.5
1951,65,0.0137351630507112,0.000632147634721098,0.051064028960774,0.00249409966493252,0.561748536535413,5.4574069673743,5.85750887401942,1,0.1,1.5
1951,64,0.0139708242108946,0.000628516829447188,0.0516453271465428,0.00247810775283603,0.567453861893392,5.98945928994146,6.42496273591281,1,0.1,1.5
1951,63,0.0141566193856268,0.000624540489020344,0.0522291879006948,0.00246073183631829,0.57312834210164,6.5274343200957,6.99809107801445,1,0.1,1.5
1951,62,0.0142935557971787,0.00062021589477085,0.0528154207880699,0.00244196271207754,0.578770585627634,7.07131972412222,7.57686166364208,1,0.1,1.5
1951,61,0.0143819976631218,0.000615539389507691,0.0534037773843591,0.00242178753234298,0.584378130928506,7.62110089030297,8.16123979457059,1,0.1,1.5
1951,60,0.014422593205688,0.000610507325575264,0.0539939636257926,0.00240019354957742,0.589948250930482,8.17676066195378,8.75118804550107,1,0.1,1.5
1951,59,0.0144162531860736,0.000605116104090185,0.0545856412240971,0.0023771682736673,0.595477955505931,8.73827907069303,9.346666001007,1,0.1,1.5
1951,58,0.014364130186679,0.000599362234777478,0.0551784309161261,0.00235269970960648,0.600964014151676,9.30563308899318,9.94763001515868,1,0.1,1.5
1951,57,0.0142675880575216,0.000593242411117074,0.0557719180665513,0.00232677665439936,0.606402996639784,9.87879641914155,10.5540330117985,1,0.1,1.5
1951,56,0.0141281581999049,0.000586747323793357,0.0563650414131384,0.00229936446481072,0.611784723285597,10.4577330786441,11.1658177350841,1,0.1,1.5
1951,55,0.0139511180168428,0.000579919839428665,0.0569616413120407,0.00227063288128751,0.617153969449077,11.0424494355034,11.7829717045331,1,0.1,1.5
1951,54,0.0137134382863921,0.000575887042374228,0.0578864651004298,0.00225281046402548,0.625948820247904,11.6362152491224,12.408920524781,1,0.1,1.5
1951,53,0.0115438072833821,0.000566102288008862,0.058391542827053,0.00221246531666374,0.628878970053784,12.2334875717952,13.0377994948348,1,0.1,1.5
1951,52,0.230876145667642,0.00837767532027625,1.12701520447151,0.0323872230661407,11.9705208435936,23.7413338001582,25.0083203384284,20,0.1,1.5
1951,51,0.230876145667642,0.00361667399353202,1.04367102963071,0.0133705421246305,10.8178022113251,34.3681282668457,35.8261225497535,20,0.1,1.5
1951,50,0.230876145667642,0.000390661719778947,1.18589495879986,0.00112348665713972,12.0328234450292,46.3849019024872,47.8589459947827,20,0.1,1.5
1951,49,0.230876145667642,7.75843450946552e-28,1.30805235660595,0,13.2344409965046,59.6193428989918,61.0933869912873,20,0.1,1.5
1951,48,0.230876145667642,4.03362672442065e-50,1.39470420121344,0,14.1009594425795,73.7203023415713,75.1943464338668,20,0.1,1.5
1951,47,0.230876145667642,3.56754758476507e-52,1.39860588972705,0,14.1399763277156,87.860278669287,89.3343227615824,20,0.1,1.5
1951,46,0.230876145667642,3.56754758476512e-92,1.39581133370506,0,14.1120307674956,101.972309436783,103.446353529078,20,0.1,1.5
1951,45,0.230876145667642,3.56754758476516e-132,1.39302236148863,0,14.0841410453314,116.056450482114,117.530494574409,20,0.1,1.5
1951,44,0.230876145667642,3.56754758476521e-172,1.39023896192077,0,14.0563070496528,130.112757531767,131.586801624062,20,0.1,1.5
1951,43,0.230876145667642,3.56754758476525e-212,1.38746112386676,0,14.0285286691127,144.141286200879,145.615330293175,20,0.1,1.5
1951,42,0.230876145667642,3.5675475847653e-252,1.38468883621412,0,14.0008057925863,158.142091993466,159.616136085761,20,0.1,1.5
1951,41,0.230876145667642,3.56754758476534e-292,1.38192208787261,0,13.9731383091712,172.115230302637,173.589274394932,20,0.1,1.5
1951,40,0.230876145667642,0,1.37916086777411,0,13.9455261081862,186.060756410823,187.534800503119,20,0.1,1.5
1951,39,0.230876145667642,0,1.37640516487264,0,13.9179690791715,199.978725489995,201.45276958229,20,0.1,1.5
1951,38,0.230876145667642,0,1.37365496814427,0,13.8904671118878,213.869192601882,215.343236694178,20,0.1,1.5
1951,37,0.230876145667642,0,1.37091026658712,0,13.8630200963163,227.732212698199,229.206256790494,20,0.1,1.5
1951,36,0.230876145667642,0,1.36817104922128,0,13.8356279226579,241.567840620857,243.041884713152,20,0.1,1.5
1951,35,0.230876145667642,0,1.36543730508878,0,13.8082904813329,255.376131102189,256.850175194485,20,0.1,1.5
1951,34,0.230876145667642,0,1.36270902325354,0,13.7810076629805,269.15713876517,270.631182857465,20,0.1,1.5
1951,33,0.230876145667642,0,1.35998619280135,0,13.7537793584586,282.910918123629,284.384962215924,20,0.1,1.5
1951,32,0.230876145667642,0,1.35726880283979,0,13.726605458843,296.637523582472,298.111567674767,20,0.1,1.5
1951,31,0.230876145667642,0,1.35455684249821,0,13.6994858554272,310.337009437899,311.811053530194,20,0.1,1.5
1951,30,0.230876145667642,0,1.35185030092767,0,13.6724204397218,324.009429877621,325.483473969916,20,0.1,1.5
1951,29,0.230876145667642,0,1.34914916730094,0,13.6454091034544,337.654838981075,339.12888307337,20,0.1,1.5
1951,28,0.230876145667642,0,1.34645343081237,0,13.6184517385688,351.273290719644,352.747334811939,20,0.1,1.5
1951,27,0.230876145667642,0,1.34376308067796,0,13.5915482372247,364.864838956869,366.338883049164,20,0.1,1.5
1951,26,0.230876145667642,0,1.34107810613522,0,13.5646984917973,378.429537448666,379.903581540961,20,0.1,1.5
1951,25,0.230876145667642,0,1.33839849644317,0,13.5379023948768,391.967439843543,393.441483935838,20,0.1,1.5
1951,24,0.230876145667642,0,1.33572424088231,0,13.5111598392681,405.478599682811,406.952643775106,20,0.1,1.5
1951,23,0.230876145667642,0,1.33305532875452,0,13.4844707179903,418.963070400802,420.437114493097,20,0.1,1.5
1951,22,0.230876145667642,0,1.3303917493831,0,13.4578349242761,432.420905325078,433.894949417373,20,0.1,1.5
1951,21,0.230876145667642,0,1.32773349211265,0,13.4312523515716,445.852157676649,447.326201768944,20,0.1,1.5
1951,20,0.230876145667642,0,1.32508054630909,0,13.404722893536,459.256880570185,460.73092466248,20,0.1,1.5
1951,19,0.230876145667642,0,1.32243290135956,0,13.3782464440407,472.635127014226,474.109171106521,20,0.1,1.5
1951,18,0.230876145667642,0,1.31979054667242,0,13.3518228971693,485.986949911395,487.46099400369,20,0.1,1.5
1951,17,0.230876145667642,0,1.31715347167719,0,13.325452147217,499.312402058612,500.786446150908,20,0.1,1.5
1951,16,0.230876145667642,0,1.31452166582452,0,13.2991340886903,512.611536147303,514.085580239598,20,0.1,1.5
1951,15,0.230876145667642,0,1.31189511858612,0,13.2728686163063,525.884404763609,527.358448855904,20,0.1,1.5
1951,14,0.230876145667642,0,1.30927381945474,0,13.2466556249925,539.131060388601,540.605104480897,20,0.1,1.5
1951,13,0.230876145667642,0,1.30665775794415,0,13.2204950098866,552.351555398488,553.825599490783,20,0.1,1.5
1951,12,0.230876145667642,0,1.30404692358905,0,13.1943866663356,565.545942064823,567.019986157119,20,0.1,1.5
1951,11,0.230876145667642,0,1.30144130594505,0,13.1683304898955,578.714272554719,580.188316647014,20,0.1,1.5
1951,10,0.230876145667642,0,1.29884089458862,0,13.1423263763313,591.85659893105,593.330643023346,20,0.1,1.5
1951,9,0.230876145667642,0,1.2962456791171,0,13.1163742216161,604.972973152666,606.447017244962,20,0.1,1.5
1951,8,0.230876145667642,0,1.29365564914856,0,13.0904739219307,618.063447074597,619.537491166892,20,0.1,1.5
1951,7,0.230876145667642,0,1.29107079432186,0,13.0646253736637,631.128072448261,632.602116540556,20,0.1,1.5
1951,6,0.230876145667642,0,1.28849110429653,0,13.0388284734104,644.166900921671,645.640945013966,20,0.1,1.5
1951,5,0.230876145667642,0,1.28591656875278,0,13.0130831179729,657.179984039644,658.654028131939,20,0.1,1.5
1951,4,0.230876145667642,0,1.28334717739143,0,12.9873892043594,670.167373244003,671.641417336299,20,0.1,1.5
1951,3,0.230876145667642,0,1.28078291993389,0,12.961746629784,683.129119873787,684.603163966083,20,0.1,1.5
1951,2,0.0115438072833821,0,0.0005442223378052,0,0.0131380949003067,683.142257968687,684.616302060983,1,0.1,1.5
1951,1,150,0,1.29307348454096,0,112.93073484541,796.072992814097,797.547036906393,99999,0.1,1.5
1952,77,0.00816621169751122,0.0455219499091245,0.0455219499091245,0,0.915883139314164,0,0,1,0.1,1.5
1952,76,0.0087871703769529,0.000454433399645613,0.0454387956305648,0.00257639740604043,0.501596081115889,0.46479040388674,0.501596081115889,1,0.1,1.5
1952,75,0.00936087758225378,0.00064683799044603,0.0460025742261609,0.00258449742479031,0.509656099003624,0.937525111107645,1.01125218011951,1,0.1,1.5
1952,74,0.00990134123530219,0.000650745804569445,0.0465682291178407,0.00258077780782988,0.515658897778539,1.41631575448861,1.52691107789805,1,0.1,1.5
1952,73,0.0104302392195847,0.000649872391058567,0.0471335167122711,0.0025754556552938,0.521579607493407,1.90110313833497,2.04849068539146,1,0.1,1.5
1952,72,0.010943330463636,0.000648557305650565,0.0476986968521562,0.00256876424968796,0.527464727358891,2.39187123355546,2.57595541275035,1,0.1,1.5
1952,71,0.0114363299740136,0.000646901526744199,0.048264111357461,0.00256070757517669,0.533315885612967,2.88860558238019,3.10927129836332,1,0.1,1.5
1952,70,0.0119049406274879,0.000644906950614085,0.0488301221845676,0.00255128528136998,0.539133851027808,3.39129250081699,3.64840514939112,1,0.1,1.5
1952,69,0.0123448861905648,0.000642573353741714,0.0493971051980956,0.0025404976552598,0.544919533291985,3.89991921046241,4.19332468268311,1,0.1,1.5
1952,68,0.0127519454795913,0.000639900586964433,0.0499654447607074,0.0025283455003674,0.550673971896932,4.41447396092552,4.74399865458004,1,0.1,1.5
1952,67,0.0131219875903563,0.000636888566439987,0.0505355278722298,0.00251482989591782,0.556398297483856,4.93494611703912,5.3003969520639,1,0.1,1.5
1952,66,0.0134510081719988,0.000633537220506263,0.0511077383977034,0.00249995198037876,0.562093694683126,5.46132621200255,5.86249064674702,1,0.1,1.5
1952,65,0.0137351630507112,0.000629846392580342,0.051682447474111,0.00248371256707725,0.567761322135158,5.99360592603661,6.43025196888218,1,0.1,1.5
1952,64,0.0139708242108946,0.00062581210650348,0.0522596895520372,0.00246609743250536,0.573398862714175,6.53177482542928,7.00365083159636,1,0.1,1.5
1952,63,0.0141566193856268,0.000621428363969777,0.0528391479409843,0.00244708445587172,0.579001858676222,7.0758183347359,7.58265269027258,1,0.1,1.5
1952,62,0.0142935557971787,0.000616692836967092,0.0534206299240104,0.0024266660483936,0.584568922642089,7.6257205995438,8.16722161291467,1,0.1,1.5
1952,61,0.0143819976631218,0.000611602276980822,0.0540038838897064,0.00240483104804453,0.590097589366732,8.18146345965275,8.7573192022814,1,0.1,1.5
1952,60,0.014422593205688,0.000606153460650108,0.0545886126168244,0.00238156845271017,0.595585129379159,8.74302618256462,9.35290433166056,1,0.1,1.5
1952,59,0.0144162531860736,0.000600343229457726,0.0551744747283916,0.00235686757894082,0.601028551877887,9.3103851976005,9.95393288353844,1,0.1,1.5
1952,58,0.014364130186679,0.000594168549749394,0.0557610880004361,0.00233071830006588,0.606424628008201,9.88351384989347,10.5603575115466,1,0.1,1.5
1952,57,0.0142675880575216,0.00058762658771101,0.0563480350383445,0.00230311134207744,0.611769932233343,10.4623821915257,11.17212744378,1,0.1,1.5
1952,56,0.0141281581999049,0.000580708589440615,0.0569342460251997,0.00227401433029964,0.617054237283954,11.0469505098054,11.7891816810639,1,0.1,1.5
1952,55,0.0139511180168428,0.000573457418716165,0.0575236033682314,0.00224359693029224,0.622322737932498,11.6372218630194,12.4115044189964,1,0.1,1.5
1952,54,0.0137134382863921,0.000568961486430112,0.0584438790699262,0.00222392660531193,0.631041077830375,12.2364925607739,13.0425454968268,1,0.1,1.5
1952,53,0.0115438072833821,0.000558777352046023,0.0589388200019362,0.00218200185747655,0.633843300168885,12.839164405836,13.6763887969957,1,0.1,1.5
1952,52,0.230876145667642,0.00818058251973793,1.1349993087176,0.031582855903797,12.036899998587,24.4248807486545,25.7132887955827,20,0.1,1.5
1952,51,0.230876145667642,0.00337880227109293,1.0469092980589,0.0124174260946917,10.8341902350978,35.0816791823995,36.5474790306805,20,0.1,1.5
1952,50,0.230876145667642,0.00028477828148272,1.18605724096827,0.000770145813607945,12.0283397059941,47.0990168053421,48.5758187366746,20,0.1,1.5
1952,49,0.230876145667642,7.75843450946552e-30,1.30792155137029,0,13.233132944148,60.3321497494901,61.8089516808227,20,0.1,1.5
1952,48,0.230876145667642,4.03362672442065e-52,1.39456473079332,0,14.0995647383783,74.4317144878684,75.9085164192009,20,0.1,1.5
1952,47,0.230876145667642,3.56754758476508e-54,1.39846602913808,0,14.1385777218259,88.5702922096943,90.0470941410268,20,0.1,1.5
1952,46,0.230876145667642,3.56754758476512e-94,1.39567175257168,0,14.1106349561619,102.680927165856,104.157729097189,20,0.1,1.5
1952,45,0.230876145667642,3.56754758476516e-134,1.39288305925248,0,14.0827480229699,116.763675188826,118.240477120159,20,0.1,1.5
1952,44,0.230876145667642,3.56754758476521e-174,1.39009993802458,0,14.0549168106909,130.818591999517,132.29539393085,20,0.1,1.5
1952,43,0.230876145667642,3.56754758476525e-214,1.38732237775437,0,14.0271412079888,144.845733207506,146.322535138838,20,0.1,1.5
1952,42,0.230876145667642,3.5675475847653e-254,1.3845503673305,0,13.9994211037501,158.845154311256,160.321956242588,20,0.1,1.5
1952,41,0.230876145667642,3.56754758476535e-294,1.38178389566382,0,13.9717563870833,172.816910698339,174.293712629672,20,0.1,1.5
1952,40,0.230876145667642,0,1.37902295168733,0,13.9441469473184,186.761057645658,188.23785957699,20,0.1,1.5
1952,39,0.230876145667642,0,1.37626752435615,0,13.9165926740066,200.677650319664,202.154452250997,20,0.1,1.5
1952,38,0.230876145667642,0,1.37351760264746,0,13.8890934569196,214.566743776584,216.043545707917,20,0.1,1.5
1952,37,0.230876145667642,0,1.37077317556046,0,13.8616491860497,228.428392962634,229.905194893966,20,0.1,1.5
1952,36,0.230876145667642,0,1.36803423211636,0,13.8342597516087,242.262652714242,243.739454645575,20,0.1,1.5
1952,35,0.230876145667642,0,1.36530076135827,0,13.8069250440278,256.06957775827,257.546379689603,20,0.1,1.5
1952,34,0.230876145667642,0,1.36257275235122,0,13.7796449539573,269.849222712227,271.32602464356,20,0.1,1.5
1952,33,0.230876145667642,0,1.35985019418207,0,13.7524193722658,283.601642084493,285.078444015826,20,0.1,1.5
1952,32,0.230876145667642,0,1.35713307595951,0,13.7252481900402,297.326890274533,298.803692205866,20,0.1,1.5
1952,31,0.230876145667642,0,1.35442138681396,0,13.6981312985847,311.025021573118,312.501823504451,20,0.1,1.5
1952,30,0.230876145667642,0,1.35171511589758,0,13.6710685894209,324.696090162539,326.172892093871,20,0.1,1.5
1952,29,0.230876145667642,0,1.3490142523842,0,13.6440599542871,338.340150116826,339.816952048159,20,0.1,1.5
1952,28,0.230876145667642,0,1.34631878546929,0,13.617105285138,351.957255401964,353.434057333297,20,0.1,1.5
1952,27,0.230876145667642,0,1.3436287043699,0,13.5902044741441,365.547459876108,367.024261807441,20,0.1,1.5
1952,26,0.230876145667642,0,1.34094399832461,0,13.5633574136912,379.1108172898,380.587619221132,20,0.1,1.5
1952,25,0.230876145667642,0,1.33826465659353,0,13.5365639963804,392.64738128618,394.124183217512,20,0.1,1.5
1952,24,0.230876145667642,0,1.33559066845822,0,13.5098241150273,406.157205401207,407.634007332539,20,0.1,1.5
1952,23,0.230876145667642,0,1.33292202322164,0,13.4831376626615,419.640343063869,421.117144995201,20,0.1,1.5
1952,22,0.230876145667642,0,1.33025871020816,0,13.4565045325267,433.096847596396,434.573649527728,20,0.1,1.5
1952,21,0.230876145667642,0,1.32760071876344,0,13.4299246180795,446.526772214475,448.003574145807,20,0.1,1.5
1952,20,0.230876145667642,0,1.32494803825446,0,13.4033978129897,459.930170027465,461.406971958797,20,0.1,1.5
1952,19,0.230876145667642,0,1.32230065806942,0,13.3769240111393,473.307094038604,474.783895969936,20,0.1,1.5
1952,18,0.230876145667642,0,1.31965856761775,0,13.3505031066226,486.657597145227,488.134399076559,20,0.1,1.5
1952,17,0.230876145667642,0,1.31702175633003,0,13.3241349937454,499.981732138972,501.458534070304,20,0.1,1.5
1952,16,0.230876145667642,0,1.31439021365794,0,13.2978195670244,513.279551705997,514.756353637329,20,0.1,1.5
1952,15,0.230876145667642,0,1.31176392907426,0,13.2715567211877,526.551108427184,528.027910358516,20,0.1,1.5
1952,14,0.230876145667642,0,1.3091428920728,0,13.2453463511731,539.796454778357,541.273256709689,20,0.1,1.5
1952,13,0.230876145667642,0,1.30652709216836,0,13.2191883521287,553.015643130486,554.492445061818,20,0.1,1.5
1952,12,0.230876145667642,0,1.30391651889669,0,13.193082619412,566.208725749898,567.68552768123,20,0.1,1.5
1952,11,0.230876145667642,0,1.30131116181445,0,13.1670290485896,579.375754798487,580.85255672982,20,0.1,1.5
1952,10,0.230876145667642,0,1.29871101049917,0,13.1410275354367,592.516782333924,593.993584265257,20,0.1,1.5
1952,9,0.230876145667642,0,1.29611605454918,0,13.1150779759369,605.631860309861,607.108662241194,20,0.1,1.5
1952,8,0.230876145667642,0,1.29352628358365,0,13.0891802662816,618.721040576143,620.197842507475,20,0.1,1.5
1952,7,0.230876145667642,0,1.29094168724242,0,13.0633343028693,631.784374879012,633.261176810344,20,0.1,1.5
1952,6,0.230876145667642,0,1.2883622551861,0,13.0375399823061,644.821914861318,646.29871679265,20,0.1,1.5
1952,5,0.230876145667642,0,1.2857879770959,0,13.0117972014041,657.833712062722,659.310513994055,20,0.1,1.5
1952,4,0.230876145667642,0,1.28321884267369,0,12.986105857182,670.819817919904,672.296619851237,20,0.1,1.5
1952,3,0.230876145667642,0,1.2806548416419,0,12.9604658468641,683.780283766768,685.257085698101,20,0.1,1.5
1952,2,0.0115438072833821,0,0.000544167915571419,0,0.0131375506779689,683.793421317446,685.270223248779,1,0.1,1.5
1952,1,150,0,1.2929441771925,0,112.929441771925,796.722863089371,798.199665020703,99999,0.1,1.5
1953,78,0.00751361466098227,0.045607118467622,0.045607118467622,0,0.917151445793095,0,0,1,0.1,1.5
1953,77,0.00816621169751122,0.000455219499091245,0.0455173977141336,0.00258395479448769,0.502083953185175,0.465170313263922,0.502083953185175,1,0.1,1.5
1953,76,0.0087871703769529,0.000648643685506563,0.0460783511025119,0.00259207568518596,0.510157714110333,0.938298374728742,1.01224166729551,1,0.1,1.5
1953,75,0.00936087758225378,0.000652592736102038,0.0466440983249358,0.00258840165706933,0.516184662194777,1.41750587039396,1.52842632949028,1,0.1,1.5
1953,74,0.00990134123530219,0.000651701910003164,0.0472087667468863,0.00258299813702733,0.522105554111868,1.90271145111972,2.05053188360215,1,0.1,1.5
1953,73,0.0104302392195847,0.000650362637734036,0.0477726672744233,0.00257620113335174,0.527986665268226,2.39389524305435,2.57851854887038,1,0.1,1.5
1953,72,0.010943330463636,0.000648676635478496,0.048336118044893,0.00256801486493198,0.533829427088025,2.89103874350049,3.1123479759584,1,0.1,1.5
1953,71,0.0114363299740136,0.000646645909061614,0.0488994618401195,0.00255843940315402,0.539634431805258,3.39412404097498,3.65198240776366,1,0.1,1.5
1953,70,0.0119049406274879,0.000644270389848637,0.0494630604926916,0.00254747570773443,0.545402446020886,3.90313397688537,4.19738485378455,1,0.1,1.5
1953,69,0.0123448861905648,0.000641550147352368,0.0500272899013907,0.00253512550991083,0.551134403327486,4.41805230149984,4.74851925711203,1,0.1,1.5
1953,68,0.0127519454795913,0.000638485380961494,0.0505925345913231,0.00252139107201956,0.556831369166663,4.93886379820908,5.3053506262787,1,0.1,1.5
1953,67,0.0131219875903563,0.000635076359643854,0.051159181793422,0.00250627494182551,0.562494500997927,5.46555437146665,5.86784512727662,1,0.1,1.5
1953,66,0.0134510081719988,0.000631323367299753,0.0517276156189583,0.00248977973461518,0.568125010566987,5.99811110011056,6.43597013784361,1,0.1,1.5
1953,65,0.0137351630507112,0.000627226605695115,0.0522982073711329,0.0024719077491731,0.573724082980751,6.53652221524598,7.00969422082436,1,0.1,1.5
1953,64,0.0139708242108946,0.000622782479191376,0.0528709879412083,0.00245264634155798,0.579289391890659,7.08077380225724,7.58898361271502,1,0.1,1.5
1953,63,0.0141566193856268,0.000617985397607629,0.0534456351401582,0.00243197508290231,0.584816452819061,7.63084775389198,8.17380006553408,1,0.1,1.5
1953,62,0.0142935557971787,0.000612833440468071,0.0540219543731164,0.00240988806358153,0.590303887670843,8.18672466922595,8.76410395320492,1,0.1,1.5
1953,61,0.0143819976631218,0.000607323784780941,0.0545996912633285,0.00238637587175154,0.595749232805341,8.74838281814912,9.35985318601026,1,0.1,1.5
1953,60,0.014422593205688,0.000601453647784045,0.0551785458687403,0.00236142931271362,0.601149761769706,9.31579787545149,9.96100294777997,1,0.1,1.5
1953,59,0.0144162531860736,0.000595220327029783,0.0557581741756539,0.00233503956898801,0.60650248861262,9.88894265593571,10.5675054363926,1,0.1,1.5
1953,58,0.014364130186679,0.000588621260513965,0.0563381914666525,0.00230719843855418,0.611804191756415,10.4677868699985,11.179309628149,1,0.1,1.5
1953,57,0.0142675880575216,0.00058165410139647,0.05691817807036,0.00227789862935755,0.617051456080068,11.0522969170877,11.7963610842291,1,0.1,1.5
1953,56,0.0141281581999049,0.000574310668469315,0.0574970561831721,0.00224711010122965,0.622234013524393,11.6424293577374,12.4185950977535,1,0.1,1.5
1953,55,0.0139511180168428,0.000566633806760223,0.0580787502404676,0.00221500236753316,0.6273974767816,12.2381839435543,13.0459925745351,1,0.1,1.5
1953,54,0.0137134382863921,0.000561671266192284,0.0589940163333471,0.00219347324394667,0.636034500242703,12.8428831117406,13.6820270747778,1,0.1,1.5
1953,53,0.0115438072833821,0.000551088237889598,0.0594784265843052,0.00214997498110131,0.63870494804565,13.4508741314848,14.3207320228234,1,0.1,1.5
1953,52,0.230876145667642,0.00797751980114662,1.14278152276268,0.0307534049308688,12.1008422122386,25.1123819875682,26.421574235062,20,0.1,1.5
1953,51,0.230876145667642,0.00313814454638384,1.04990896365277,0.0114531764828371,10.8480053193343,35.7967705000048,37.2695795543963,20,0.1,1.5
1953,50,0.230876145667642,0.000195384236216813,1.18613117169757,0.000482627295847575,12.024077665438,47.8139534897877,49.2936572198343,20,0.1,1.5
1953,49,0.230876145667642,7.75843450946553e-32,1.30779075921516,0,13.2318250225967,61.0457785123844,62.5254822424309,20,0.1,1.5
1953,48,0.230876145667642,4.03362672442065e-54,1.39442527432024,0,14.0981701736475,75.1439486860319,76.6236524160784,20,0.1,1.5
1953,47,0.230876145667642,3.56754758476508e-56,1.39832618253517,0,14.1371792557968,89.2811279418286,90.7608316718752,20,0.1,1.5
1953,46,0.230876145667642,3.56754758476512e-96,1.39553218539643,0,14.1092392844094,103.390367226238,104.870070956285,20,0.1,1.5
1953,45,0.230876145667642,3.56754758476517e-136,1.39274377094656,0,14.0813551399107,117.471722366149,118.951426096195,20,0.1,1.5
1953,44,0.230876145667642,3.56754758476521e-176,1.38996092803078,0,14.0535267107529,131.525249076902,133.004952806948,20,0.1,1.5
1953,43,0.230876145667642,3.56754758476526e-216,1.38718364551659,0,14.025753885611,145.551002962513,147.030706692559,20,0.1,1.5
1953,42,0.230876145667642,3.5675475847653e-256,1.38441191229377,0,13.9980365533828,159.549039515895,161.028743245942,20,0.1,1.5
1953,41,0.230876145667642,3.56754758476535e-296,1.38164571727426,0,13.9703746031877,173.519414119083,174.99911784913,20,0.1,1.5
1953,40,0.230876145667642,0,1.37888504939217,0,13.9427679243668,187.46218204345,188.941885773496,20,0.1,1.5
1953,39,0.230876145667642,0,1.37612989760371,0,13.9152164064822,201.377398449932,202.857102179979,20,0.1,1.5
1953,38,0.230876145667642,0,1.37338025088719,0,13.887719939317,215.265118389249,216.744822119296,20,0.1,1.5
1953,37,0.230876145667642,0,1.37063609824291,0,13.8602784128742,229.125396802123,230.60510053217,20,0.1,1.5
1953,36,0.230876145667642,0,1.36789742869315,0,13.8328917173765,242.9582885195,244.437992249546,20,0.1,1.5
1953,35,0.230876145667642,0,1.36516423128213,0,13.8055597432664,256.763848262766,258.243551992813,20,0.1,1.5
1953,34,0.230876145667642,0,1.36243649507598,0,13.7782823812049,270.542130643971,272.021834374018,20,0.1,1.5
1953,33,0.230876145667642,0,1.35971420916265,0,13.7510595220716,284.293190166043,285.772893896089,20,0.1,1.5
1953,32,0.230876145667642,0,1.35699736265191,0,13.7238910569642,298.017081223007,299.496784953053,20,0.1,1.5
1953,31,0.230876145667642,0,1.35428594467528,0,13.6967768771979,311.713858100205,313.193561830251,20,0.1,1.5
1953,30,0.230876145667642,0,1.35157994438599,0,13.669716874305,325.38357497451,326.863278704556,20,0.1,1.5
1953,29,0.230876145667642,0,1.34887935095897,0,13.6427109400348,339.026285914545,340.505989644591,20,0.1,1.5
1953,28,0.230876145667642,0,1.34618415359075,0,13.6157589663526,352.642044880897,354.121748610944,20,0.1,1.5
1953,27,0.230876145667642,0,1.34349434149946,0,13.5888608454397,366.230905726337,367.710609456383,20,0.1,1.5
1953,26,0.230876145667642,0,1.34080990392478,0,13.5620164696929,379.79292219603,381.272625926076,20,0.1,1.5
1953,25,0.230876145667642,0,1.33813083012787,0,13.5352257317238,393.328147927754,394.8078516578,20,0.1,1.5
1953,24,0.230876145667642,0,1.33545710939137,0,13.5084885243588,406.836636452112,408.316340182159,20,0.1,1.5
1953,23,0.230876145667642,0,1.33278873101932,0,13.4818047406383,420.318441192751,421.798144922797,20,0.1,1.5
1953,22,0.230876145667642,0,1.33012568433714,0,13.4551742738165,433.773615466567,435.253319196614,20,0.1,1.5
1953,21,0.230876145667642,0,1.32746795869157,0,13.4285970173608,447.202212483928,448.681916213974,20,0.1,1.5
1953,20,0.230876145667642,0,1.32481554345063,0,13.4020728649514,460.60428534888,462.083989078926,20,0.1,1.5
1953,19,0.230876145667642,0,1.32216842800362,0,13.3756017104813,473.979887059361,475.459590789407,20,0.1,1.5
1953,18,0.230876145667642,0,1.31952660176099,0,13.349183448055,487.329070507416,488.808774237462,20,0.1,1.5
1953,17,0.230876145667642,0,1.31689005415439,0,13.322817971989,500.651888479405,502.131592209451,20,0.1,1.5
1953,16,0.230876145667642,0,1.31425877463657,0,13.2965051768108,513.948393656216,515.428097386262,20,0.1,1.5
1953,15,0.230876145667642,0,1.31163275268135,0,13.2702449572586,527.218638613474,528.69834234352,20,0.1,1.5
1953,14,0.230876145667642,0,1.30901197778359,0,13.244037208281,540.462675821755,541.942379551802,20,0.1,1.5
1953,13,0.230876145667642,0,1.30639643945914,0,13.2178818250365,553.680557646792,555.160261376838,20,0.1,1.5
1953,12,0.230876145667642,0,1.3037861272448,0,13.1917787028931,566.872336349685,568.352040079731,20,0.1,1.5
1953,11,0.230876145667642,0,1.30118103069827,0,13.1657277374278,580.038064087113,581.517767817159,20,0.1,1.5
1953,10,0.230876145667642,0,1.29858113939812,0,13.1397288244262,593.177792911539,594.657496641585,20,0.1,1.5
1953,9,0.230876145667642,0,1.29598644294373,0,13.1137818598824,606.291574771421,607.771278501468,20,0.1,1.5
1953,8,0.230876145667642,0,1.29339693095529,0,13.087886739998,619.379461511419,620.859165241466,20,0.1,1.5
1953,7,0.230876145667642,0,1.2908125930737,0,13.0620433611821,632.441504872601,633.921208602648,20,0.1,1.5
1953,6,0.230876145667642,0,1.28823341896058,0,13.0362516200509,645.477756492652,646.957460222699,20,0.1,1.5
1953,5,0.230876145667642,0,1.28565939829819,0,13.010511413427,658.488267906079,659.967971636126,20,0.1,1.5
1953,4,0.230876145667642,0,1.28309052078942,0,12.9848226383393,671.473090544418,672.952794274465,20,0.1,1.5
1953,3,0.230876145667642,0,1.28052677615773,0,12.9591851920224,684.432275736441,685.911979466487,20,0.1,1.5
1953,2,0.0115438072833821,0,0.000544113498779862,0,0.0131370065100533,684.445412742951,685.925116472997,1,0.1,1.5
1953,1,150,0,1.29281488277478,0,112.928148827748,797.373561570698,798.853265300745,99999,0.1,1.5
1954,79,0.00684460455639497,0.0456967328396725,0.0456967328396725,0,0.918497726497713,0,0,1,0.1,1.5
1954,78,0.00751361466098227,0.00045607118467622,0.0456025577557752,0.00259191788429623,0.502622764192258,0.465595365845169,0.502622764192258,1,0.1,1.5
1954,77,0.00816621169751122,0.000650540893612836,0.0461588346729841,0.00259989651723981,0.510679275615355,0.939133262642813,1.01330203980761,1,0.1,1.5
1954,76,0.0087871703769529,0.000654505358151556,0.0467217621886981,0.00259615739890366,0.516708751894613,1.41875405169594,1.53001079170223,1,0.1,1.5
1954,75,0.00936087758225378,0.000653626341628354,0.0472865343293707,0.00259078837228157,0.522653454225991,1.90439624346077,2.05266424592822,1,0.1,1.5
1954,74,0.00990134123530219,0.000652266553356863,0.0478497954044685,0.00258390046440779,0.528534377512376,2.39601775719589,2.58119862344059,1,0.1,1.5
1954,73,0.0104302392195847,0.000650553909715274,0.0484119402910338,0.0025755989803948,0.534372705969044,2.89359619201644,3.11557132940964,1,0.1,1.5
1954,72,0.010943330463636,0.000648490482587779,0.0489732881493215,0.00256588423726341,0.54016882906528,3.39710953197796,3.65574015847492,1,0.1,1.5
1954,71,0.0114363299740136,0.000646076309879121,0.049534181744724,0.00255475767597156,0.545923338756872,3.90653633250666,4.20166349723179,1,0.1,1.5
1954,70,0.0119049406274879,0.000643311630832094,0.0500949831135759,0.00254222176224469,0.551637028275425,4.42185590703574,4.75330052550721,1,0.1,1.5
1954,69,0.0123448861905648,0.000640196878951232,0.0506560685498783,0.00252827974822459,0.557310860532832,4.94304848545107,5.31061138604005,1,0.1,1.5
1954,68,0.0127519454795913,0.000636732621814506,0.0512178231058689,0.0025129354262837,0.562945931781567,5.4700953397143,5.87355731782161,1,0.1,1.5
1954,67,0.0131219875903563,0.000632919499052817,0.051780634610699,0.00249619288109721,0.568543431125811,6.00297887253872,6.44210074894742,1,0.1,1.5
1954,66,0.0134510081719988,0.000628758167326791,0.0523448877910502,0.00247805627036451,0.574104602227453,6.54168267090383,7.01620535117488,1,0.1,1.5
1954,65,0.0137351630507112,0.000624249203350227,0.0529109544876891,0.0024585294413032,0.579630661439008,7.08619148318136,7.59583601261389,1,0.1,1.5
1954,64,0.0139708242108946,0.000619389410181408,0.0534788624278037,0.00243760139942499,0.585119278321756,7.63648788436848,8.18095529093564,1,0.1,1.5
1954,63,0.0141566193856268,0.000614173624701653,0.0540482843473697,0.00241525348086687,0.590565947133039,8.19255021034627,8.77152123806868,1,0.1,1.5
1954,62,0.0142935557971787,0.000608600350300062,0.0546190241935745,0.00239148151667432,0.595969304303641,8.75435549298314,9.36749054237232,1,0.1,1.5
1954,61,0.0143819976631218,0.000602667205785696,0.0551908252621401,0.00236627790642553,0.601326893213132,9.32187841610448,9.96881743558546,1,0.1,1.5
1954,60,0.014422593205688,0.000596371864656245,0.0557633853423318,0.00233963532132232,0.606635995940182,9.89509105031148,10.5754534315256,1,0.1,1.5
1954,59,0.0144162531860736,0.0005897120955173,0.0563363582504834,0.00231154686533556,0.611893636993611,10.4739625892289,11.1873470685192,1,0.1,1.5
1954,58,0.014364130186679,0.000582685822243686,0.0569093572571444,0.00228200631326132,0.617096607774447,11.0584591068139,11.8044436762937,1,0.1,1.5
1954,57,0.0142675880575216,0.000575291198353352,0.0574819609098924,0.00225100840347685,0.622241509360951,11.648543353268,12.4266851856546,1,0.1,1.5
1954,56,0.0141281581999049,0.000567520631992105,0.0580530840028612,0.0022185254927757,0.62731803980717,12.2441681717498,13.0540032254618,1,0.1,1.5
1954,55,0.0139511180168428,0.000559416929950893,0.0586266929573269,0.00218472685020764,0.632372227791734,12.8453300159672,13.6863754532536,1,0.1,1.5
1954,54,0.0137134382863921,0.000553985023648591,0.0595364852427005,0.00216133144931495,0.640923158416061,13.4553770108216,14.3272986116696,1,0.1,1.5
1954,53,0.0115438072833821,0.000543004627654223,0.0600099724869221,0.00211627039869274,0.643458076935057,14.0686026534896,14.9707566886047,1,0.1,1.5
1954,52,0.230876145667642,0.00776812643072866,1.15035559584312,0.0298976202113436,12.1622635133456,25.8037573066732,27.1330202019503,20,0.1,1.5
1954,51,0.230876145667642,0.00289467556617312,1.05266726687711,0.0104779012019718,10.8592211577633,36.5132941615511,37.9922413597136,20,0.1,1.5
1954,50,0.230876145667642,0.000122610666324062,1.18613321540436,0.000261486511073876,12.0202112127388,48.5297698527031,50.0124525724523,20,0.1,1.5
1954,49,0.230876145667642,7.75843450946553e-34,1.30765998013923,0,13.2305172318374,61.7602870845405,63.2429698042898,20,0.1,1.5
1954,48,0.230876145667642,4.03362672442065e-56,1.39428583179281,0,14.0967757483732,75.8570628329137,77.3397455526629,20,0.1,1.5
1954,47,0.230876145667642,3.56754758476508e-58,1.39818634991691,0,14.1357809296142,89.9928437625279,91.4755264822771,20,0.1,1.5
1954,46,0.230876145667642,3.56754758476512e-98,1.39539263217789,0,14.107843752224,104.100687514752,105.583370234501,20,0.1,1.5
1954,45,0.230876145667642,3.56754758476517e-138,1.39260449656946,0,14.0799623961397,118.180649910892,119.663332630641,20,0.1,1.5
1954,44,0.230876145667642,3.56754758476521e-178,1.38982193193797,0,14.0521367498248,132.232786660716,133.715469380466,20,0.1,1.5
1954,43,0.230876145667642,3.56754758476526e-218,1.38704492715204,0,14.0243667019655,146.257153362682,147.739836082431,20,0.1,1.5
1954,42,0.230876145667642,3.5675475847653e-258,1.38427347110254,0,13.9966521414705,160.253805504152,161.736488223902,20,0.1,1.5
1954,41,0.230876145667642,3.56754758476535e-298,1.38150755270253,0,13.9689929574704,174.222798461623,175.705481181372,20,0.1,1.5
1954,40,0.230876145667642,0,1.37874716088723,0,13.9413890393174,188.16418750094,189.646870220689,20,0.1,1.5
1954,39,0.230876145667642,0,1.37599228461395,0,13.9138402765846,202.078027777525,203.560710497274,20,0.1,1.5
1954,38,0.230876145667642,0,1.3732429128621,0,13.8863465590661,215.964374336591,217.44705705634,20,0.1,1.5
1954,37,0.230876145667642,0,1.37049903463308,0,13.8589077767759,229.823282113367,231.305964833116,20,0.1,1.5
1954,36,0.230876145667642,0,1.36776063895028,0,13.8315238199479,243.654805933315,245.137488653064,20,0.1,1.5
1954,35,0.230876145667642,0,1.365027714859,0,13.8041945790351,257.45900051235,258.941683232099,20,0.1,1.5
1954,34,0.230876145667642,0,1.36230025142647,0,13.7769199447098,271.23592045706,272.718603176809,20,0.1,1.5
1954,33,0.230876145667642,0,1.35957823774174,0,13.7496998078625,284.985620264922,286.468302984671,20,0.1,1.5
1954,32,0.230876145667642,0,1.35686166291565,0,13.7225340596015,298.708154324524,300.190837044273,20,0.1,1.5
1954,31,0.230876145667642,0,1.35415051608081,0,13.6954225912532,312.403576915777,313.886259635526,20,0.1,1.5
1954,30,0.230876145667642,0,1.35144478639155,0,13.6683652943606,326.071942210138,327.554624929887,20,0.1,1.5
1954,29,0.230876145667642,0,1.34874446302387,0,13.6413620606838,339.713304270821,341.195986990571,20,0.1,1.5
1954,28,0.230876145667642,0,1.34604953517539,0,13.614412782199,353.32771705302,354.81039977277,20,0.1,1.5
1954,27,0.230876145667642,0,1.34335999206531,0,13.5875173510982,366.915234404119,368.397917123868,20,0.1,1.5
1954,26,0.230876145667642,0,1.34067582293438,0,13.5606756597889,380.475910063908,381.958592783657,20,0.1,1.5
1954,25,0.230876145667642,0,1.33799701704486,0,13.5338876008937,394.009797664801,395.49248038455,20,0.1,1.5
1954,24,0.230876145667642,0,1.33532356368043,0,13.5071530672494,407.516950732051,408.9996334518,20,0.1,1.5
1954,23,0.230876145667642,0,1.33265545214622,0,13.4804719519073,420.997422683958,422.480105403707,20,0.1,1.5
1954,22,0.230876145667642,0,1.32999267176871,0,13.4538441481321,434.45126683209,435.933949551839,20,0.1,1.5
1954,21,0.230876145667642,0,1.3273352118957,0,13.4272695494021,447.878536381492,449.361219101241,20,0.1,1.5
1954,20,0.230876145667642,0,1.32468306189629,0,13.400748049408,461.2792844309,462.761967150649,20,0.1,1.5
1954,19,0.230876145667642,0,1.32203621116082,0,13.3742795420533,474.653563972954,476.136246692703,20,0.1,1.5
1954,18,0.230876145667642,0,1.31939464910082,0,13.3478639214533,488.001427894407,489.484110614156,20,0.1,1.5
1954,17,0.230876145667642,0,1.31675836514898,0,13.3215010819349,501.322928976342,502.805611696091,20,0.1,1.5
1954,16,0.230876145667642,0,1.31412734875911,0,13.2951909180362,514.618119894378,516.100802614127,20,0.1,1.5
1954,15,0.230876145667642,0,1.31150158940608,0,13.2689333245059,527.887053218884,529.369735938633,20,0.1,1.5
1954,14,0.230876145667642,0,1.30888107658581,0,13.2427281963032,541.129781415187,542.612464134936,20,0.1,1.5
1954,13,0.230876145667642,0,1.3062657998152,0,13.2165754285971,554.346356843784,555.829039563533,20,0.1,1.5
1954,12,0.230876145667642,0,1.30365574863208,0,13.1904749167659,567.53683176055,569.019514480299,20,0.1,1.5
1954,11,0.230876145667642,0,1.3010509125952,0,13.1644265563971,580.701258316947,582.183941036696,20,0.1,1.5
1954,10,0.230876145667642,0,1.29845128128418,0,13.1384302432869,593.839688560234,595.322371279983,20,0.1,1.5
1954,9,0.230876145667642,0,1.29585684429944,0,13.1124858734395,606.952174433673,608.434857153422,20,0.1,1.5
1954,8,0.230876145667642,0,1.29326759126219,0,13.086593343067,620.03876777674,621.521450496489,20,0.1,1.5
1954,7,0.230876145667642,0,1.29068351181439,0,13.060752548589,633.099520325329,634.582203045078,20,0.1,1.5
1954,6,0.230876145667642,0,1.28810459561868,0,13.0349633866319,646.134483711961,647.61716643171,20,0.1,1.5
1954,5,0.230876145667642,0,1.28553083235836,0,13.0092257540287,659.14370946599,660.626392185739,20,0.1,1.5
1954,4,0.230876145667642,0,1.28296221173734,0,12.9835395478185,672.127249013808,673.609931733557,20,0.1,1.5
1954,3,0.230876145667642,0,1.28039872348012,0,12.9579046652463,685.085153679054,686.567836398804,20,0.1,1.5
1954,2,0.0115438072833821,0,0.000544059087429984,0,0.0131364623965546,685.098290141451,686.5809728612,1,0.1,1.5
1954,1,150,0,1.2926856012865,0,112.926856012865,798.025146154316,799.507828874065,99999,0.1,1.5
1955,80,0.00617346163419549,0.0457887310510786,0.0457887310510786,0,0.919890262111035,0,0,1,0.1,1.5
1955,79,0.00684460455639497,0.000456967328396725,0.0456921631663885,0.00260010844711151,0.503198781039423,0.466054374652116,0.503198781039423,1,0.1,1.5
1955,78,0.00751361466098227,0.00065254018292082,0.0462459769710737,0.00260800743052412,0.511251496988088,0.940048622632716,1.01445027802751,1,0.1,1.5
1955,77,0.00816621169751122,0.00065647953824608,0.0468041929188267,0.0026040353621403,0.517251370875835,1.42009948833512,1.53170164890335,1,0.1,1.5
1955,76,0.0087871703769529,0.00065558440330743,0.0473661293622052,0.00259859018260521,0.523197968134121,1.90617473957488,2.05489961703747,1,0.1,1.5
1955,75,0.00936087758225378,0.000654233356486676,0.0479295027690081,0.00259172766222266,0.529102627198679,2.39825268588466,2.58400224423615,1,0.1,1.5
1955,74,0.00990134123530219,0.000652497781635515,0.04849098554103,0.00258332599156738,0.534940384405914,2.89628841326819,3.11894262864206,1,0.1,1.5
1955,73,0.0104302392195847,0.000650405284195852,0.0490509988421034,0.00257348671335708,0.54073162998115,3.40025594734424,3.65967425862321,1,0.1,1.5
1955,72,0.010943330463636,0.000647955964141731,0.0496098618798224,0.00256221157304853,0.546476754554188,3.9101296794263,4.2061510131774,1,0.1,1.5
1955,71,0.0114363299740136,0.000645150182091682,0.0501679177455424,0.00254950357930482,0.552176378963371,4.42588457868532,4.75832739214077,1,0.1,1.5
1955,70,0.0119049406274879,0.000641988556869493,0.0507255290558257,0.00253536678131038,0.557831328659235,4.94749638189726,5.3161587208,1,0.1,1.5
1955,69,0.0123448861905648,0.000638471905845659,0.0512830728800794,0.00251980602377451,0.563442600897359,5.47494175388356,5.87960132169736,1,0.1,1.5
1955,68,0.0127519454795913,0.00063460118278907,0.0518409351801292,0.00250282669759022,0.569011327724009,6.00819841449913,6.44861264942137,1,0.1,1.5
1955,67,0.0131219875903563,0.000630377415264831,0.0523995047675122,0.00248443448973662,0.574538734836627,6.54724522805381,7.023151384258,1,0.1,1.5
1955,66,0.0134510081719988,0.000625801649264395,0.0529591673698622,0.0024646351626709,0.58002610272504,7.09206225702641,7.60317748698304,1,0.1,1.5
1955,65,0.0137351630507112,0.000620874852359302,0.0535202957525661,0.00244343417151244,0.585474683866573,7.6426307384428,8.18865217084961,1,0.1,1.5
1955,64,0.0139708242108946,0.000615594243958062,0.0540829148914171,0.00242082223820406,0.590882148992501,8.19892971260382,8.77953431984211,1,0.1,1.5
1955,63,0.0141566193856268,0.000609955106463733,0.0546466928891517,0.00239678253416992,0.596243976701381,8.76093393881706,9.37577829654349,1,0.1,1.5
1955,62,0.0142935557971787,0.000603956382671581,0.0552114326703237,0.0023713126886915,0.601558823280808,9.32861686654513,9.9773371198243,1,0.1,1.5
1955,61,0.0143819976631218,0.00059759614866424,0.0557768756562203,0.00234440696996865,0.606824244633336,9.90194958303606,10.5841613644576,1,0.1,1.5
1955,60,0.014422593205688,0.000590872548977143,0.0563427178341281,0.00231605996923273,0.612037536957217,10.4809005490042,11.1961989014149,1,0.1,1.5
1955,59,0.0144162531860736,0.000583783837289062,0.0569086113309922,0.00228626676271763,0.617195740893304,11.0654353361444,11.8133946423082,1,0.1,1.5
1955,58,0.014364130186679,0.000576328436537766,0.057474167899734,0.00225502314921132,0.622295666571141,11.6555163862983,12.4356903088793,1,0.1,1.5
1955,57,0.0142675880575216,0.000568505012852746,0.0580389648146706,0.00222232594068242,0.627333937085235,12.2511028099452,13.0630242459645,1,0.1,1.5
1955,56,0.0141281581999049,0.000560306579513845,0.0586019100676549,0.00218814994884817,0.632300223588502,12.8521437485501,13.695324469553,1,0.1,1.5
1955,55,0.0139511180168428,0.00055177588185142,0.059167012000583,0.00215266409197476,0.637240968339975,13.458632372719,14.332565437893,1,0.1,1.5
1955,54,0.0137134382863921,0.000545872712565223,0.0600708644565049,0.00212739875322231,0.645701074641948,14.0739420366007,14.978266512535,1,0.1,1.5
1955,53,0.0115438072833821,0.000534497645949728,0.0605330390893466,0.00208079052297779,0.6480968177749,14.6923132754759,15.6263633303099,1,0.1,1.5
1955,52,0.230876145667642,0.00755208631714318,1.15771496533637,0.0290145790569767,12.2210819335085,26.4989012224561,27.8474452638183,20,0.1,1.5
1955,51,0.230876145667642,0.00264842205615467,1.05518147545092,0.00949196890416163,10.8678159612896,37.231117627972,38.7152612251079,20,0.1,1.5
1955,50,0.230876145667642,6.65977344317096e-05,1.18607997371059,0.000107283242621155,12.0169157626471,49.2465007728673,50.732176987755,20,0.1,1.5
1955,49,0.230876145667642,7.75843450946554e-36,1.30752921414122,0,13.2292095718573,62.4757103447246,63.9613865596123,20,0.1,1.5
1955,48,0.230876145667642,4.03362672442066e-58,1.39414640320963,0,14.0953814625414,76.571091807266,78.0567680221536,20,0.1,1.5
1955,47,0.230876145667642,3.56754758476508e-60,1.39804653128192,0,14.1343827432643,90.7054745505303,92.191150765418,20,0.1,1.5
1955,46,0.230876145667642,3.56754758476513e-100,1.39525309291467,0,14.1064483595918,104.811922910122,106.29759912501,20,0.1,1.5
1955,45,0.230876145667642,3.56754758476517e-140,1.3924652361198,0,14.0785697916431,118.890492701765,120.376168916653,20,0.1,1.5
1955,44,0.230876145667642,3.56754758476522e-180,1.38968294974478,0,14.0507469278929,132.941239629658,134.426915844546,20,0.1,1.5
1955,43,0.230876145667642,3.56754758476526e-220,1.38690622265933,0,14.0229796570384,146.964219286696,148.449895501584,20,0.1,1.5
1955,42,0.230876145667642,3.56754758476531e-260,1.38413504375543,0,13.9952678679994,160.959487154696,162.445163369584,20,0.1,1.5
1955,41,0.230876145667642,3.56754758476535e-300,1.38136940194726,0,13.9676114499177,174.927098604614,176.412774819501,20,0.1,1.5
1955,40,0.230876145667642,0,1.37860928617114,0,13.9400102921565,188.86710889677,190.352785111658,20,0.1,1.5
1955,39,0.230876145667642,0,1.37585468538549,0,13.9124642843,202.77957318107,204.265249395958,20,0.1,1.5
1955,38,0.230876145667642,0,1.37310558857082,0,13.8849733161533,216.664546497223,218.150222712111,20,0.1,1.5
1955,37,0.230876145667642,0,1.37036198472962,0,13.8575372777413,230.522083774965,232.007759989852,20,0.1,1.5
1955,36,0.230876145667642,0,1.36762386288638,0,13.8301560593089,244.352239834273,245.837916049161,20,0.1,1.5
1955,35,0.230876145667642,0,1.36489121208752,0,13.8028295513203,258.155069385594,259.640745600481,20,0.1,1.5
1955,34,0.230876145667642,0,1.36216402140133,0,13.7755576444584,271.930627030052,273.41630324494,20,0.1,1.5
1955,33,0.230876145667642,0,1.35944227991796,0,13.7483402296247,285.678967259677,287.164643474565,20,0.1,1.5
1955,32,0.230876145667642,0,1.35672597674935,0,13.7211771979386,299.400144457616,300.885820672503,20,0.1,1.5
1955,31,0.230876145667642,0,1.3540151010292,0,13.6940684407371,313.094212898353,314.57988911324,20,0.1,1.5
1955,30,0.230876145667642,0,1.35130964191291,0,13.6670138495742,326.761226747927,328.246902962815,20,0.1,1.5
1955,29,0.230876145667642,0,1.34860958857757,0,13.6400133162208,340.401240064148,341.886916279035,20,0.1,1.5
1955,28,0.230876145667642,0,1.34591493022187,0,13.6130667326638,354.014306796812,355.499983011699,20,0.1,1.5
1955,27,0.230876145667642,0,1.3432256560661,0,13.5861739911061,367.600480787918,369.086157002805,20,0.1,1.5
1955,26,0.230876145667642,0,1.34054175535209,0,13.559334983966,381.159815771884,382.645491986771,20,0.1,1.5
1955,25,0.230876145667642,0,1.33786321734315,0,13.5325496038766,394.69236537576,396.178041590648,20,0.1,1.5
1955,24,0.230876145667642,0,1.33519003132406,0,13.5058177436857,408.198183119446,409.683859334334,20,0.1,1.5
1955,23,0.230876145667642,0,1.33252218660101,0,13.4791392964551,421.677322415901,423.162998630789,20,0.1,1.5
1955,22,0.230876145667642,0,1.32985967250153,0,13.4525141554604,435.129836571362,436.615512786249,20,0.1,1.5
1955,21,0.230876145667642,0,1.32720247837451,0,13.4259422141902,448.555778785552,450.041455000439,20,0.1,1.5
1955,20,0.230876145667642,0,1.3245505935901,0,13.3994233663461,461.955202151898,463.440878366785,20,0.1,1.5
1955,19,0.230876145667642,0,1.3219040075397,0,13.3729575058421,475.32815965774,476.813835872628,20,0.1,1.5
1955,18,0.230876145667642,0,1.31926270963591,0,13.3465445268042,488.674704184544,490.160380399432,20,0.1,1.5
1955,17,0.230876145667642,0,1.31662668931246,0,13.3201843235697,501.994888508114,503.480564723001,20,0.1,1.5
1955,16,0.230876145667642,0,1.31399593602423,0,13.2938767906874,515.288765298801,516.774441513689,20,0.1,1.5
1955,15,0.230876145667642,0,1.31137043924714,0,13.2676218229165,528.556387121718,530.042063336605,20,0.1,1.5
1955,14,0.230876145667642,0,1.30875018847816,0,13.2414193152266,541.797806436944,543.283482651832,20,0.1,1.5
1955,13,0.230876145667642,0,1.30613517323522,0,13.2152691627973,555.013075599742,556.498751814629,20,0.1,1.5
1955,12,0.230876145667642,0,1.30352538305721,0,13.1891712610172,568.202246860759,569.687923075646,20,0.1,1.5
1955,11,0.230876145667642,0,1.30092080750394,0,13.1631255054845,581.365372366243,582.851048581131,20,0.1,1.5
1955,10,0.230876145667642,0,1.29832143615605,0,13.1371317920056,594.502504158249,595.988180373137,20,0.1,1.5
1955,9,0.230876145667642,0,1.29572725861501,0,13.1111900165952,607.613694174844,609.099370389732,20,0.1,1.5
1955,8,0.230876145667642,0,1.29313826450307,0,13.0853000754758,620.69899425032,622.184670465207,20,0.1,1.5
1955,7,0.230876145667642,0,1.29055444346321,0,13.0594618650772,633.758456115397,635.244132330285,20,0.1,1.5
1955,6,0.230876145667642,0,1.28797578515912,0,13.0336752820363,646.792131397433,648.277807612321,20,0.1,1.5
1955,5,0.230876145667642,0,1.28540227927513,0,13.0079402231964,659.80007162063,661.285747835517,20,0.1,1.5
1955,4,0.230876145667642,0,1.28283391551617,0,12.9822565856068,672.782328206236,674.268004421124,20,0.1,1.5
1955,3,0.230876145667642,0,1.28027068360777,0,12.9566242665228,685.738952472759,687.224628687647,20,0.1,1.5
1955,2,0.0115438072833821,0,0.000544004681521241,0,0.0131359183374671,685.752088391097,687.237764605984,1,0.1,1.5
1955,1,150,0,1.29255633272638,0,112.925563327264,798.67765171836,800.163327933248,99999,0.1,1.5
1956,81,0.00549378725136755,0.0458811772244724,0.0458811772244724,0,0.921286069323693,0,0,1,0.1,1.5
1956,80,0.00617346163419549,0.000457887310510786,0.0457841521779735,0.00260835607059913,0.503798265554294,0.466536035974306,0.503798265554294,1,0.1,1.5
1956,79,0.00684460455639497,0.000654596785061846,0.0463376210618498,0.00261623696001716,0.51186006188791,0.941021284147685,1.0156583274422,1,0.1,1.5
1956,78,0.00751361466098227,0.000658527259460238,0.0468933542310076,0.00261209209629362,0.517843492720957,1.42154917549302,1.53350182016316,1,0.1,1.5
1956,77,0.00816621169751122,0.000657573635917535,0.0474505213400699,0.00260640282382136,0.52375941694614,1.90807426638457,2.0572612371093,1,0.1,1.5
1956,76,0.0087871703769529,0.000656203389684376,0.0480110402949202,0.00259945542447117,0.529665627923127,2.40060481681525,2.58692686503243,1,0.1,1.5
1956,75,0.00936087758225378,0.000654474249120532,0.0485726417342869,0.00259107038053229,0.535527036039371,2.89911656170416,3.1224539010718,1,0.1,1.5
1956,74,0.00990134123530219,0.0006523564757082,0.0491319679403677,0.00258112207798526,0.541317310860274,3.40356070002179,3.66377121193207,1,0.1,1.5
1956,73,0.0104302392195847,0.000649875731181229,0.0496894654205584,0.00256971361780756,0.547057098870561,3.91390760435224,4.21082831080263,1,0.1,1.5
1956,72,0.010943330463636,0.000647032452903549,0.0502454537868966,0.00255684837421439,0.552746821386345,4.43012802039267,4.76357513218898,1,0.1,1.5
1956,71,0.0114363299740136,0.000643827396647121,0.050800276848594,0.00254253100171958,0.558387133888224,4.95219328282775,5.3219622660772,1,0.1,1.5
1956,70,0.0119049406274879,0.00064026158089629,0.0513542981982478,0.00252676720496626,0.563978899233093,5.48007550770418,5.8859411653103,1,0.1,1.5
1956,69,0.0123448861905648,0.000636336225002085,0.0519078960787351,0.00250956348971834,0.569523154160391,6.0137477548686,6.45546431947069,1,0.1,1.5
1956,68,0.0127519454795913,0.000632052686225446,0.0524614577610088,0.00249092691044032,0.575021071607884,6.55318415632733,7.03048539107857,1,0.1,1.5
1956,67,0.0131219875903563,0.000627412396586803,0.0530153734394697,0.00247086481808111,0.580473918917199,7.0983600064148,7.61095930999577,1,0.1,1.5
1956,66,0.0134510081719988,0.00062241680716037,0.053570030243793,0.00244938463819764,0.585883018407975,7.64925181570567,8.19684232840375,1,0.1,1.5
1956,65,0.0137351630507112,0.000617067291401703,0.054125802265869,0.0024264934890383,0.591249663640395,8.20583728664552,8.78809199204414,1,0.1,1.5
1956,64,0.0139708242108946,0.000611361501990596,0.054682712159479,0.00240218387221279,0.596571531882142,8.76809190606748,9.38466352392628,1,0.1,1.5
1956,63,0.0141566193856268,0.000605295184607118,0.0552404238534053,0.00237644086103708,0.601844091794881,9.33598684270468,9.98650761572116,1,0.1,1.5
1956,62,0.0142935557971787,0.000598867735999591,0.0557987396992296,0.00234926393585878,0.607066024919822,9.9094919542551,10.593573640641,1,0.1,1.5
1956,61,0.0143819976631218,0.000592077703978805,0.0563573997111468,0.00232064928583691,0.61223490524815,10.4885747268484,11.2058085458891,1,0.1,1.5
1956,60,0.014422593205688,0.000584923717797953,0.0569160985546529,0.00229059347119921,0.617348048735909,11.0732000117101,11.823156594625,1,0.1,1.5
1956,59,0.0144162531860736,0.000577404529052297,0.0574744871605385,0.00225909358578482,0.622402517864502,11.6633297640634,12.4455591124895,1,0.1,1.5
1956,58,0.014364130186679,0.000569519071668208,0.0580321762702469,0.00222614749376129,0.627395147264003,12.2589228042736,13.0729542597535,1,0.1,1.5
1956,57,0.0142675880575216,0.000561266535299132,0.0585887424033597,0.00219175411774974,0.63232258786898,12.8599346190319,13.7052768476225,1,0.1,1.5
1956,56,0.0141281581999049,0.000552640553007182,0.0591430873638601,0.0021558907769065,0.637174490972036,13.4663106703338,14.3424513385946,1,0.1,1.5
1956,55,0.0139511180168428,0.000543683781812204,0.0596992613223767,0.00211872591856722,0.64199770950884,14.0780408667203,14.9844490481034,1,0.1,1.5
1956,54,0.0137134382863921,0.00053730841543123,0.0605967070583649,0.00209159113450225,0.650362320278921,14.6985233136492,15.6348113683823,1,0.1,1.5
1956,53,0.0115438072833821,0.000525542607203945,0.0610471834161821,0.00204345636066226,0.652615365479861,15.3219464454053,16.2874267338622,1,0.1,1.5
1956,52,0.230876145667642,0.0073291656274156,1.16485283860408,0.0281037034659635,12.2772189508453,27.1976839181654,28.5646456847075,20,0.1,1.5
1956,51,0.230876145667642,0.00239947644660195,1.05744894952941,0.00849599839844822,10.8737730958974,37.9500856083706,39.4384187806048,20,0.1,1.5
1956,50,0.230876145667642,2.7486787999606e-05,1.18598818652388,2.05394581087835e-05,12.014367584394,49.9641597719345,51.4527863649988,20,0.1,1.5
1956,49,0.230876145667642,7.75843450946554e-38,1.30739846121981,0,13.2279020426432,63.1920618145776,64.680688407642,20,0.1,1.5
1956,48,0.230876145667642,4.03362672442066e-60,1.39400698856931,0,14.0939873161382,77.2860491307158,78.7746757237801,20,0.1,1.5
1956,47,0.230876145667642,3.56754758476508e-62,1.39790672662879,0,14.132984696733,91.4190338274488,92.9076604205132,20,0.1,1.5
1956,46,0.230876145667642,3.56754758476513e-102,1.39511356760538,0,14.1050531064989,105.524086933948,107.012713527012,20,0.1,1.5
1956,45,0.230876145667642,3.56754758476517e-142,1.39232598959619,0,14.077177326407,119.601264260355,121.089890853419,20,0.1,1.5
1956,44,0.230876145667642,3.56754758476522e-182,1.3895439814498,0,14.0493572449431,133.650621505298,135.139248098362,20,0.1,1.5
1956,43,0.230876145667642,3.56754758476526e-222,1.38676753203706,0,14.0215927508157,147.672214256114,149.160840849178,20,0.1,1.5
1956,42,0.230876145667642,3.56754758476531e-262,1.38399663025106,0,13.9938837329556,161.666097989069,163.154724582134,20,0.1,1.5
1956,41,0.230876145667642,3.56754758476535e-302,1.38123126500707,0,13.9662300805157,175.632328069585,177.120954662649,20,0.1,1.5
1956,40,0.230876145667642,0,1.37847142524252,0,13.9386316828703,189.570959752455,191.05958634552,20,0.1,1.5
1956,39,0.230876145667642,0,1.37571709991695,0,13.9110884296146,203.48204818207,204.970674775134,20,0.1,1.5
1956,38,0.230876145667642,0,1.37296827801196,0,13.8836002105647,217.365648392635,218.854274985699,20,0.1,1.5
1956,37,0.230876145667642,0,1.37022494853115,0,13.8561669157565,231.221815308391,232.710441901455,20,0.1,1.5
1956,36,0.230876145667642,0,1.36748710050009,0,13.828788435446,245.050603743837,246.539230336901,20,0.1,1.5
1956,35,0.230876145667642,0,1.36475472296631,0,13.8014646601082,258.852068403945,260.34069499701,20,0.1,1.5
1956,34,0.230876145667642,0,1.36202780499919,0,13.774195480437,272.626263884382,274.114890477447,20,0.1,1.5
1956,33,0.230876145667642,0,1.35930633568997,0,13.7469807873448,286.373244671727,287.861871264791,20,0.1,1.5
1956,32,0.230876145667642,0,1.35659030415168,0,13.7198204719619,300.093065143689,301.581691736753,20,0.1,1.5
1956,31,0.230876145667642,0,1.3538796995191,0,13.6927144256361,313.785779569325,315.27440616239,20,0.1,1.5
1956,30,0.230876145667642,0,1.35117451094872,0,13.6656625399323,327.451442109258,328.940068702322,20,0.1,1.5
1956,29,0.230876145667642,0,1.34847472761871,0,13.6386647066322,341.09010681589,342.578733408954,20,0.1,1.5
1956,28,0.230876145667642,0,1.34578033872885,0,13.6117208177336,354.701827633623,356.190454226688,20,0.1,1.5
1956,27,0.230876145667642,0,1.3430913335005,0,13.5848307654501,368.286658399073,369.775284992138,20,0.1,1.5
1956,26,0.230876145667642,0,1.34040770117656,0,13.5579944422107,381.844652841284,383.333279434348,20,0.1,1.5
1956,25,0.230876145667642,0,1.33772943102142,0,13.5312117406593,395.375864581943,396.864491175008,20,0.1,1.5
1956,24,0.230876145667642,0,1.33505651232093,0,13.5044825536544,408.880347135598,410.368973728662,20,0.1,1.5
1956,23,0.230876145667642,0,1.33238893438235,0,13.4778067742685,422.358153909866,423.84678050293,20,0.1,1.5
1956,22,0.230876145667642,0,1.32972668653428,0,13.4511842957879,435.809338205654,437.297964798718,20,0.1,1.5
1956,21,0.230876145667642,0,1.32706975812667,0,13.4246150117118,449.233953217366,450.72257981043,20,0.1,1.5
1956,20,0.230876145667642,0,1.32441813853074,0,13.3980988157525,462.632052033119,464.120678626183,20,0.1,1.5
1956,19,0.230876145667642,0,1.32177181713895,0,13.3716356018346,476.003687634953,477.492314228017,20,0.1,1.5
1956,18,0.230876145667642,0,1.31913078336494,0,13.3452252640945,489.348912899048,490.837539492112,20,0.1,1.5
1956,17,0.230876145667642,0,1.31649502664353,0,13.3188676968804,502.667780595928,504.156407188992,20,0.1,1.5
1956,16,0.230876145667642,0,1.31386453643063,0,13.2925627947514,515.96034339068,517.448969983744,20,0.1,1.5
1956,15,0.230876145667642,0,1.31123930220322,0,13.2663104524773,529.226653843157,530.715280436221,20,0.1,1.5
1956,14,0.230876145667642,0,1.30861931345931,0,13.2401105650382,542.466764408195,543.955391001259,20,0.1,1.5
1956,13,0.230876145667642,0,1.30600455971789,0,13.213963027624,555.680727435819,557.169354028883,20,0.1,1.5
1956,12,0.230876145667642,0,1.30339503051891,0,13.1878677356342,568.868595171453,570.357221764517,20,0.1,1.5
1956,11,0.230876145667642,0,1.30079071542319,0,13.161824584677,582.03041975613,583.519046349194,20,0.1,1.5
1956,10,0.230876145667642,0,1.29819160401243,0,13.1358334705694,595.166253226699,596.654879819764,20,0.1,1.5
1956,9,0.230876145667642,0,1.29559768588914,0,13.1098942893365,608.276147516036,609.7647741091,20,0.1,1.5
1956,8,0.230876145667642,0,1.29300895067662,0,13.0840069372112,621.360154453247,622.848781046312,20,0.1,1.5
1956,7,0.230876145667642,0,1.29042538801886,0,13.0581713106337,634.418325763881,635.906952356945,20,0.1,1.5
1956,6,0.230876145667642,0,1.2878469875806,0,13.0323873062511,647.450713070132,648.939339663196,20,0.1,1.5
1956,5,0.230876145667642,0,1.2852737390472,0,13.0066548209171,660.457367891049,661.945994484113,20,0.1,1.5
1956,4,0.230876145667642,0,1.28270563212462,0,12.9809737516913,673.43834164274,674.926968235805,20,0.1,1.5
1956,3,0.230876145667642,0,1.28014265653941,0,12.9553439958392,686.393685638579,687.882312231644,20,0.1,1.5
1956,2,0.0115438072833821,0,0.000543950281053089,0,0.0131353743327856,686.406821012912,687.895447605977,1,0.1,1.5
1956,1,150,0,1.2924270770931,0,112.924270770931,799.331091783843,800.819718376908,99999,0.1,1.5
1957,82,0.00481565734026768,0.0459722918446336,0.0459722918446336,0,0.922656275119517,0,0,1,0.1,1.5
1957,81,0.00549378725136755,0.000458811772244724,0.0458765891067499,0.00261643105834406,0.504394120171964,0.467016533624192,0.504394120171964,1,0.1,1.5
1957,80,0.00617346163419549,0.00065666789075489,0.0464316627804054,0.00262442450849435,0.512490726493843,0.942015481425258,1.01688484666581,1,0.1,1.5
1957,79,0.00684460455639497,0.000660605207854909,0.0469870465397479,0.00262016785943754,0.518470556600827,1.42305506860555,1.53535540326663,1,0.1,1.5
1957,78,0.00751361466098227,0.000659608296668008,0.0475416879196579,0.00261429493738818,0.524369109138031,1.91007710720946,2.05972451240467,1,0.1,1.5
1957,77,0.00816621169751122,0.000658176442314516,0.0480973769938913,0.00260709499584729,0.530243889720122,2.4030767827032,2.58996840212479,1,0.1,1.5
1957,76,0.0087871703769529,0.000656425890014635,0.0486561030470085,0.00259861690324617,0.536106501572669,2.90206018565806,3.12607490369746,1,0.1,1.5
1957,75,0.00936087758225378,0.000654312337624278,0.0492155520652465,0.00258867697564098,0.541920328735558,3.40699941474161,3.66799523243301,1,0.1,1.5
1957,74,0.00990134123530219,0.000651804084253397,0.04977233526307,0.00257715131428325,0.547658734977006,3.91784170237171,4.21565396741002,1,0.1,1.5
1957,73,0.0104302392195847,0.000648927161763703,0.0503269248784683,0.00256414471519789,0.553342652003917,4.43455371558708,4.76899661941394,1,0.1,1.5
1957,72,0.010943330463636,0.000645682418082634,0.0508796413350715,0.00254966226011973,0.558972537747104,4.95710250676105,5.32796915716104,1,0.1,1.5
1957,71,0.0114363299740136,0.000642071024396366,0.0514308295713391,0.00253371032167952,0.564549087678309,5.48545573270108,5.89251824483935,1,0.1,1.5
1957,70,0.0119049406274879,0.000638094417050529,0.0519808545696695,0.00251629632839411,0.570073207357822,6.01958184965327,6.46259145219717,1,0.1,1.5
1957,69,0.0123448861905648,0.000633754234679605,0.0525300961615568,0.00249742851170699,0.57554597825665,6.55945027774268,7.03813743045382,1,0.1,1.5
1957,68,0.0127519454795913,0.000629052254472336,0.0530789433428428,0.00247711565053622,0.580968619395777,7.10503153070222,7.6191060498496,1,0.1,1.5
1957,67,0.0131219875903563,0.000623990328486145,0.053627788106646,0.00245536681701475,0.586342444892722,7.65629730678045,8.20544849474232,1,0.1,1.5
1957,66,0.0134510081719988,0.000618570327621012,0.054177019400318,0.00243219115342542,0.5916688239668,8.21322054284117,8.79711731870912,1,0.1,1.5
1957,65,0.0137351630507112,0.000612794045173592,0.054727013057902,0.00240759749142736,0.59694909627543,8.77577538923907,9.39406641498455,1,0.1,1.5
1957,64,0.0139708242108946,0.000606659583073104,0.0552777898563163,0.00238158017098654,0.602180951072393,9.34393376644022,9.99624736605695,1,0.1,1.5
1957,63,0.0141566193856268,0.000600163167105341,0.0558290100262792,0.00235412622937457,0.607359852896281,9.91766324463115,10.6036072189532,1,0.1,1.5
1957,62,0.0142935557971787,0.000593304661324692,0.0563804758092243,0.00232523704533722,0.612484513979855,10.4969300865348,11.2160917329331,1,0.1,1.5
1957,61,0.0143819976631218,0.000586083098499016,0.0569319262926349,0.00229491077570673,0.617552532006374,11.0816981788882,11.8336442649395,1,0.1,1.5
1957,60,0.014422593205688,0.000578497604977781,0.0574830553125973,0.00226314599274961,0.622561248352156,11.6719287702011,12.4562055132916,1,0.1,1.5
1957,59,0.0144162531860736,0.000570547441736728,0.0580335131082687,0.00222994184702857,0.627507753057844,12.2675802111585,13.0837132663495,1,0.1,1.5
1957,58,0.014364130186679,0.000562232064157004,0.0585829099260601,0.00219529830296595,0.632388911021376,12.8686077178518,13.7161021773708,1,0.1,1.5
1957,57,0.0142675880575216,0.000553551194790426,0.0591308220585568,0.00215921642408316,0.637201406820627,13.4749631757569,14.3533035841915,1,0.1,1.5
1957,56,0.0141281581999049,0.000544499099756696,0.0596761457493504,0.00212167608313167,0.641934878954793,14.0865883963813,14.9952384631463,1,0.1,1.5
1957,55,0.0139511180168428,0.000535118317459927,0.0602229728758863,0.00208284512368719,0.646636587616412,14.7034700536593,15.6418750507627,1,0.1,1.5
1957,54,0.0137134382863921,0.000528270867779875,0.0611135451712846,0.00205384580837636,0.654901106986949,15.3290305062409,16.2967761577496,1,0.1,1.5
1957,53,0.0115438072833821,0.000516119516237604,0.061551942788006,0.00200421020670101,0.657008068946134,15.9574070008056,16.9537842266957,1,0.1,1.5
1957,52,0.230876145667642,0.00709921752276503,1.17176227918671,0.0271647920134546,12.3306008548749,27.8999393983454,29.2843850815707,20,0.1,1.5
1957,51,0.230876145667642,0.00214799436407808,1.05946720423407,0.00749256213554498,10.877106018363,38.670008814772,40.1614910999336,20,0.1,1.5
1957,50,0.230876145667642,5.40973240719194e-06,1.18587472256975,0,12.0127187534667,50.6827275682387,52.1742098534003,20,0.1,1.5
1957,49,0.230876145667642,7.75843450946555e-40,1.30726772137368,0,13.2265946441819,63.9093222124206,65.4008044975823,20,0.1,1.5
1957,48,0.230876145667642,4.03362672442066e-62,1.39386758787045,0,14.0925933091496,78.0019155215703,79.4933978067319,20,0.1,1.5
1957,47,0.230876145667642,3.56754758476509e-64,1.39776693595613,0,14.1315867900064,92.1335023115766,93.6249845967383,20,0.1,1.5
1957,46,0.230876145667642,3.56754758476513e-104,1.39497405624862,0,14.1036579929313,106.237160304508,107.72864258967,20,0.1,1.5
1957,45,0.230876145667642,3.56754758476517e-144,1.39218675699723,0,14.0757850004174,120.312945304925,121.804427590087,20,0.1,1.5
1957,44,0.230876145667642,3.56754758476522e-184,1.38940502705166,0,14.0479677009617,134.360913005887,135.852395291049,20,0.1,1.5
1957,43,0.230876145667642,3.56754758476526e-224,1.38662885528386,0,14.0202059832837,148.381118989171,149.872601274332,20,0.1,1.5
1957,42,0.230876145667642,3.56754758476531e-264,1.38385823058803,0,13.9924997363254,162.373618725496,163.865101010658,20,0.1,1.5
1957,41,0.230876145667642,3.56754758476535e-304,1.38109314188056,0,13.9648488492507,176.338467574747,177.829949859908,20,0.1,1.5
1957,40,0.230876145667642,0,1.3783335781,0,13.9372532114451,190.275720786192,191.767203071354,20,0.1,1.5
1957,39,0.230876145667642,0,1.37557952820696,0,13.9097127125147,204.185433498707,205.676915783868,20,0.1,1.5
1957,38,0.230876145667642,0,1.37283098118416,0,13.8822272422867,218.067660740993,219.559143026155,20,0.1,1.5
1957,37,0.230876145667642,0,1.37008792603629,0,13.854796690808,231.922457431801,233.413939716963,20,0.1,1.5
1957,36,0.230876145667642,0,1.36735035179004,0,13.8274209483455,245.749878380147,247.241360665308,20,0.1,1.5
1957,35,0.230876145667642,0,1.36461824749401,0,13.8000999053852,259.549978285532,261.041460570694,20,0.1,1.5
1957,34,0.230876145667642,0,1.36189160221869,0,13.772833452632,273.322811738164,274.814294023326,20,0.1,1.5
1957,33,0.230876145667642,0,1.3591704050564,0,13.7456214810091,287.068433219173,288.559915504335,20,0.1,1.5
1957,32,0.230876145667642,0,1.35645464512126,0,13.7184638816577,300.786897100831,302.278379385993,20,0.1,1.5
1957,31,0.230876145667642,0,1.35374431154915,0,13.6913605459366,314.478257646767,315.969739931929,20,0.1,1.5
1957,30,0.230876145667642,0,1.35103939349763,0,13.6643113654214,328.142569012189,329.63405129735,20,0.1,1.5
1957,29,0.230876145667642,0,1.34833988014595,0,13.6373162319046,341.779885244093,343.271367529255,20,0.1,1.5
1957,28,0.230876145667642,0,1.34564576069497,0,13.6103750373948,355.390260281488,356.88174256665,20,0.1,1.5
1957,27,0.230876145667642,0,1.34295702436715,0,13.5834876741166,368.973747955605,370.465230240766,20,0.1,1.5
1957,26,0.230876145667642,0,1.34027366040644,0,13.5566540345095,382.530401990114,384.021884275276,20,0.1,1.5
1957,25,0.230876145667642,0,1.33759565807832,0,13.5298740112283,396.060276001343,397.551758286504,20,0.1,1.5
1957,24,0.230876145667642,0,1.3349230066697,0,13.5031474971421,409.563423498485,411.054905783646,20,0.1,1.5
1957,23,0.230876145667642,0,1.33225569548891,0,13.4764743853342,423.039897883819,424.53138016898,20,0.1,1.5
1957,22,0.230876145667642,0,1.32959371386562,0,13.4498545691013,436.48975245292,437.981234738082,20,0.1,1.5
1957,21,0.230876145667642,0,1.32693705115086,0,13.4232879419537,449.913040394874,451.404522680035,20,0.1,1.5
1957,20,0.230876145667642,0,1.32428569671689,0,13.396774397614,463.309814792488,464.801297077649,20,0.1,1.5
1957,19,0.230876145667642,0,1.32163963995723,0,13.3703138300174,476.680128622505,478.171610907667,20,0.1,1.5
1957,18,0.230876145667642,0,1.31899887028661,0,13.3439061333112,490.024034755817,491.515517040978,20,0.1,1.5
1957,17,0.230876145667642,0,1.31636337714087,0,13.3175512018538,503.34158595767,504.833068242832,20,0.1,1.5
1957,16,0.230876145667642,0,1.31373314997698,0,13.2912489302149,516.632834887885,518.124317173047,20,0.1,1.5
1957,15,0.230876145667642,0,1.311108178273,0,13.2649992131751,529.89783410106,531.389316386222,20,0.1,1.5
1957,14,0.230876145667642,0,1.30848845152796,0,13.2388019457247,543.136636046785,544.628118331946,20,0.1,1.5
1957,13,0.230876145667642,0,1.30587395926192,0,13.2126570230643,556.349293069849,557.840775355011,20,0.1,1.5
1957,12,0.230876145667642,0,1.30326469101586,0,13.1865643406037,569.535857410453,571.027339695614,20,0.1,1.5
1957,11,0.230876145667642,0,1.30066063635165,0,13.1605237939616,582.696381204414,584.187863489576,20,0.1,1.5
1957,10,0.230876145667642,0,1.29806178485203,0,13.1345352789654,595.83091648338,597.322398768541,20,0.1,1.5
1957,9,0.230876145667642,0,1.29546812612056,0,13.1085986916506,608.93951517503,610.430997460192,20,0.1,1.5
1957,8,0.230876145667642,0,1.29287964978155,0,13.0827139282606,622.022229103291,623.513711388453,20,0.1,1.5
1957,7,0.230876145667642,0,1.29029634548006,0,13.0568808852457,635.079109988537,636.570592273698,20,0.1,1.5
1957,6,0.230876145667642,0,1.28771820288185,0,13.0310994592636,648.1102094478,649.601691732962,20,0.1,1.5
1957,5,0.230876145667642,0,1.28514521167329,0,13.005369547178,661.115578994978,662.60706128014,20,0.1,1.5
1957,4,0.230876145667642,0,1.28257736156141,0,12.9796910460592,674.095270041037,675.586752326199,20,0.1,1.5
1957,3,0.230876145667642,0,1.28001464227375,0,12.9540638531826,687.04933389422,688.540816179382,20,0.1,1.5
1957,2,0.0115438072833821,0,0.000543895886024984,0,0.0131348303825046,687.062468724602,688.553951009764,1,0.1,1.5
1957,1,150,0,1.29229783438539,0,112.922978343854,799.985447068456,801.476929353618,99999,0.1,1.5
1958,83,0.00417217271569693,0.0460604823358729,0.0460604823358729,0,0.92399109519459,0,0,1,0.1,1.5
1958,82,0.00481565734026768,0.000459722918446336,0.0459676946154491,0.00262418495243252,0.504972970029122,0.4674846135658,0.504972970029122,1,0.1,1.5
1958,81,0.00549378725136755,0.000658695882308462,0.0465261092124253,0.00263234976854903,0.51311557247514,0.942995189347382,1.01808854250426,1,0.1,1.5
1958,80,0.00617346163419549,0.000662672806031137,0.047083125741251,0.0026281143802103,0.519118117708146,1.42456881590967,1.53720666021241,1,0.1,1.5
1958,79,0.00684460455639497,0.000661648016937934,0.0476373897999533,0.00262211928726197,0.525012294834061,1.91212226378284,2.06221895504647,1,0.1,1.5
1958,78,0.00751361466098227,0.000660169817313726,0.048190507485213,0.00261472767751194,0.530869102001807,2.40563811324876,2.59308805704828,1,0.1,1.5
1958,77,0.00816621169751122,0.000658355513384967,0.0487443410051537,0.00260598937593816,0.53669952597332,2.90510921956583,3.1297875830216,1,0.1,1.5
1958,76,0.0087871703769529,0.00065621848471169,0.0493008916625154,0.0025959489153806,0.542514199562343,3.41053843462273,3.67230178258394,1,0.1,1.5
1958,75,0.00936087758225378,0.000653712367286487,0.0498577997539503,0.0025844240567534,0.548276049935109,3.92189414088993,4.22057783251905,1,0.1,1.5
1958,74,0.00990134123530219,0.000650805869413347,0.0504116458581145,0.00257129291288096,0.553958167330446,4.43911955232208,4.77453599984949,1,0.1,1.5
1958,73,0.0104302392195847,0.00064752545041711,0.0509629283647799,0.00255666198349659,0.559581773586406,4.96217758328711,5.3341177734359,1,0.1,1.5
1958,72,0.010943330463636,0.00064387238921076,0.0515119689359679,0.00254053813033918,0.565147368756199,5.49103155018132,5.8992651421921,1,0.1,1.5
1958,71,0.0114363299740136,0.000639848290663844,0.0520591140688018,0.00252292951245875,0.570655693755314,6.02564539375865,6.46992083594741,1,0.1,1.5
1958,70,0.0119049406274879,0.000635455026269032,0.0526047305663111,0.00250384534640683,0.576107702245176,6.56598387676944,7.04602853819259,1,0.1,1.5
1958,69,0.0123448861905648,0.000630694670273544,0.0531492002798674,0.0024832956493602,0.581504525762169,7.1120127503979,7.62753306395476,1,0.1,1.5
1958,68,0.0127519454795913,0.000625569435178779,0.0536929143611425,0.00246129098071028,0.58684743467404,7.6636988853475,8.2143804986288,1,0.1,1.5
1958,67,0.0131219875903563,0.000620081607538549,0.054236267032089,0.00243784218585215,0.592137795063925,8.22101036347068,8.80651829369273,1,0.1,1.5
1958,66,0.0134510081719988,0.000614233491632566,0.0547796494867343,0.00241296017204476,0.597377028165641,8.78391653203568,9.40389532185837,1,0.1,1.5
1958,65,0.0137351630507112,0.000608027313308577,0.055323439729453,0.00238665552904009,0.602566524781044,9.35238797783044,10.0064618466394,1,0.1,1.5
1958,64,0.0139708242108946,0.000601461638577366,0.0558676571200773,0.00235892448854934,0.6077039916588,9.92639304822425,10.6141658382982,1,0.1,1.5
1958,63,0.0141566193856268,0.000594533189014696,0.0564119586826202,0.0023297561085134,0.612784895095054,10.5058957131977,11.2269507333933,1,0.1,1.5
1958,62,0.0142935557971787,0.000587242307947552,0.0569561470229777,0.00229915370723147,0.617807983467821,11.0908586437051,11.8447587168611,1,0.1,1.5
1958,61,0.0143819976631218,0.000579588524911672,0.0574999607939324,0.00226711744959767,0.622770883767631,11.6812421353356,12.4675296006287,1,0.1,1.5
1958,60,0.014422593205688,0.000571571474237181,0.0580430935052534,0.0022336479563532,0.627670968451363,12.2770038472676,13.0952005690801,1,0.1,1.5
1958,59,0.0144162531860736,0.000563190936174509,0.058585195218715,0.00219874646702164,0.632505360820872,12.8780985442739,13.727705929901,1,0.1,1.5
1958,58,0.014364130186679,0.000554446896383059,0.059125876210809,0.00216241507400072,0.637270961777336,13.4844778621369,14.3649768916783,1,0.1,1.5
1958,57,0.0142675880575216,0.000545339617968694,0.0596647130823718,0.00212465700453136,0.641964495296962,14.096090114512,15.0069413869752,1,0.1,1.5
1958,56,0.0141281581999049,0.000535864011780485,0.0602005971555584,0.00208545472395978,0.646575594148941,14.7128734983187,15.6535169811242,1,0.1,1.5
1958,55,0.0139511180168428,0.000526062464096396,0.0607376618595205,0.0020449753276738,0.651151921833213,15.3348114868994,16.3046689029574,1,0.1,1.5
1958,54,0.0137134382863921,0.000518744160771888,0.0616208952688616,0.0020141209892179,0.65931184347609,15.9653501733867,16.9639807464335,1,0.1,1.5
1958,53,0.0115438072833821,0.000506213746837629,0.0620468401454025,0.00196301531173157,0.661269486326535,16.5985765838313,17.62525023276,1,0.1,1.5
1958,52,0.230876145667642,0.0068621901785913,1.17843630096216,0.0261979972670652,12.3811594456678,28.6054789256839,30.0064096784278,20,0.1,1.5
1958,51,0.230876145667642,0.00189462047752703,1.06123439804754,0.00652874086791727,10.8784753423802,39.3906865413796,40.8848850208081,20,0.1,1.5
1958,50,0.230876145667642,5.40973240719194e-08,1.1857561350975,0,12.0114793223933,51.4021658637729,52.8963643432014,20,0.1,1.5
1958,49,0.230876145667642,7.75843450946555e-42,1.30713699460155,0,13.2252873764606,64.6274532402335,66.1216517196619,20,0.1,1.5
1958,48,0.230876145667642,4.03362672442066e-64,1.39372820111166,0,14.0911994415617,78.7186526817952,80.2128511612237,20,0.1,1.5
1958,47,0.230876145667642,3.56754758476509e-66,1.39762715926253,0,14.1301890230704,92.8488417048656,94.3430401842941,20,0.1,1.5
1958,46,0.230876145667642,3.56754758476513e-106,1.39483455884299,0,14.102263018875,106.951104723741,108.445303203169,20,0.1,1.5
1958,45,0.230876145667642,3.56754758476518e-146,1.39204753832153,0,14.0743928136604,121.025497537401,122.51969601683,20,0.1,1.5
1958,44,0.230876145667642,3.56754758476522e-186,1.38926608654895,0,14.0465782959346,135.072075833336,136.566274312764,20,0.1,1.5
1958,43,0.230876145667642,3.56754758476527e-226,1.38649019239833,0,14.0188193544284,149.090895187764,150.585093667193,20,0.1,1.5
1958,42,0.230876145667642,3.56754758476531e-266,1.38371984476497,0,13.9911158780948,163.082011065859,164.576209545287,20,0.1,1.5
1958,41,0.230876145667642,3.56754758476536e-306,1.38095503256638,0,13.9634677561089,177.045478821968,178.539677301396,20,0.1,1.5
1958,40,0.230876145667642,0,1.37819574474219,0,13.935874877867,190.981353699835,192.475552179263,20,0.1,1.5
1958,39,0.230876145667642,0,1.37544197025414,0,13.9083371329865,204.889690832821,206.38388931225,20,0.1,1.5
1958,38,0.230876145667642,0,1.37269369808604,0,13.8808544113055,218.770545244127,220.264743723555,20,0.1,1.5
1958,37,0.230876145667642,0,1.36995091724369,0,13.853426602882,232.623971847009,234.118170326437,20,0.1,1.5
1958,36,0.230876145667642,0,1.36721361675486,0,13.8260535979937,246.450025445002,247.944223924431,20,0.1,1.5
1958,35,0.230876145667642,0,1.36448178566926,0,13.7987352871377,260.24876073214,261.742959211569,20,0.1,1.5
1958,34,0.230876145667642,0,1.36175541305847,0,13.7714715610298,274.02023229317,275.514430772598,20,0.1,1.5
1958,33,0.230876145667642,0,1.3590344880159,0,13.7442623106041,287.764494603774,289.258693083203,20,0.1,1.5
1958,32,0.230876145667642,0,1.35631899965675,0,13.7171074270126,301.481602030787,302.975800510215,20,0.1,1.5
1958,31,0.230876145667642,0,1.35360893711799,0,13.690006801625,315.171608832412,316.66580731184,20,0.1,1.5
1958,30,0.230876145667642,0,1.35090428955828,0,13.6629603260279,328.83456915844,330.328767637868,20,0.1,1.5
1958,29,0.230876145667642,0,1.34820504615793,0,13.6359678920244,342.470537050464,343.964735529892,20,0.1,1.5
1958,28,0.230876145667642,0,1.34551119611891,0,13.6090293916341,356.079566442098,357.573764921527,20,0.1,1.5
1958,27,0.230876145667642,0,1.34282272866471,0,13.5821447170922,369.66171115919,371.155909638619,20,0.1,1.5
1958,26,0.230876145667642,0,1.3401396330404,0,13.5553137608491,383.21702492004,384.711223399468,20,0.1,1.5
1958,25,0.230876145667642,0,1.33746189851251,0,13.5285364155702,396.74556133561,398.239759815038,20,0.1,1.5
1958,24,0.230876145667642,0,1.33478951436903,0,13.5018125741354,410.247373909745,411.741572389173,20,0.1,1.5
1958,23,0.230876145667642,0,1.33212246991936,0,13.4751421296387,423.722516039384,425.216714518812,20,0.1,1.5
1958,22,0.230876145667642,0,1.32946075449424,0,13.4485249753875,437.171041014771,438.6652394942,20,0.1,1.5
1958,21,0.230876145667642,0,1.32680435744574,0,13.4219610049025,450.593002019674,452.087200499102,20,0.1,1.5
1958,20,0.230876145667642,0,1.32415326814722,0,13.3954501119173,463.988452131591,465.482650611019,20,0.1,1.5
1958,19,0.230876145667642,0,1.32150747599324,0,13.3689921903775,477.357444321969,478.851642801397,20,0.1,1.5
1958,18,0.230876145667642,0,1.31886697039958,0,13.3425871344409,490.70003145641,492.194229935838,20,0.1,1.5
1958,17,0.230876145667642,0,1.31623174080315,0,13.3162348384766,504.016266294886,505.510464774314,20,0.1,1.5
1958,16,0.230876145667642,0,1.31360177666199,0,13.289935197065,517.306201491951,518.800399971379,20,0.1,1.5
1958,15,0.230876145667642,0,1.31097706745517,0,13.2636881049968,530.569889596948,532.064088076376,20,0.1,1.5
1958,14,0.230876145667642,0,1.30835760268281,0,13.2374934572732,543.807383054221,545.30158153365,20,0.1,1.5
1958,13,0.230876145667642,0,1.30574337186599,0,13.211351149105,557.018734203326,558.512932682755,20,0.1,1.5
1958,12,0.230876145667642,0,1.30313436454675,0,13.1852610759126,570.203995279239,571.698193758667,20,0.1,1.5
1958,11,0.230876145667642,0,1.30053057028801,0,13.1592231333252,583.363218412564,584.857416891992,20,0.1,1.5
1958,10,0.230876145667642,0,1.29793197867355,0,13.1332372171805,596.496455629744,597.990654109173,20,0.1,1.5
1958,9,0.230876145667642,0,1.29533857930794,0,13.1073032235245,609.603758853269,611.097957332698,20,0.1,1.5
1958,8,0.230876145667642,0,1.29275036181657,0,13.0814210486108,622.68517990188,624.179378381308,20,0.1,1.5
1958,7,0.230876145667642,0,1.29016731584552,0,13.0555905889002,635.74077049078,637.234968970209,20,0.1,1.5
1958,6,0.230876145667642,0,1.28758943106156,0,13.0298117410607,648.77058223184,650.264780711269,20,0.1,1.5
1958,5,0.230876145667642,0,1.28501669715213,0,13.0040844019664,661.774666633807,663.268865113236,20,0.1,1.5
1958,4,0.230876145667642,0,1.28244910382525,0,12.9784084686976,674.753075102504,676.247273581933,20,0.1,1.5
1958,3,0.230876145667642,0,1.27988664080953,0,12.9527838385404,687.705858941045,689.200057420474,20,0.1,1.5
1958,2,0.0115438072833821,0,0.000543841496436381,0,0.0131342864866185,687.718993227531,689.21319170696,1,0.1,1.5
1958,1,150,0,1.29216860460196,0,112.92168604602,800.640679273551,802.13487775298,99999,0.1,1.5
1959,84,0.00357226601493947,0.0461443648058788,0.0461443648058788,0,0.925268806794203,0,0,1,0.1,1.5
1959,83,0.00417217271569693,0.00046060482335873,0.0460558762876393,0.00263157888379613,0.505540243641342,0.467946259587112,0.505540243641342,1,0.1,1.5
1959,82,0.00481565734026768,0.000660643467292593,0.0466191440840957,0.00263987513030341,0.513720815602206,0.94395457332784,1.01926105924355,1,0.1,1.5
1959,81,0.00549378725136755,0.000664674400960341,0.0471795440436413,0.00263572375791845,0.519757905821953,1.4260592826081,1.5390189650655,1,0.1,1.5
1959,80,0.00617346163419549,0.000663655323112886,0.0477354460237294,0.00262974027661933,0.525674372795306,1.91416593716599,2.06469333786081,1,0.1,1.5
1959,79,0.00684460455639497,0.000662146301984872,0.0482881558827888,0.00262221899906301,0.531526362967186,2.40823202871799,2.59621970082799,1,0.1,1.5
1959,78,0.00751361466098227,0.000660283617551123,0.0488393703538425,0.00261328182987547,0.53733821372424,2.90823764487258,3.13355791455223,1,0.1,1.5
1959,77,0.00816621169751122,0.000658080899118389,0.0493909639150377,0.00260297436460515,0.543119937339023,3.41417223414581,3.67667785189126,1,0.1,1.5
1959,76,0.0087871703769529,0.000655549413692268,0.0499449488021943,0.00259134230353094,0.548882271508228,3.92603532988932,4.22556012339948,1,0.1,1.5
1959,75,0.00936087758225378,0.000652643137861215,0.0504989199881632,0.00257820518887879,0.554587719013349,4.4437915462044,4.78014784241283,1,0.1,1.5
1959,74,0.00990134123530219,0.000649331286914373,0.0510494279217489,0.00256344332162345,0.560209105123836,4.9673800324479,5.34035694753667,1,0.1,1.5
1959,73,0.0104302392195847,0.000645640750378317,0.0515969975678176,0.00254716490291842,0.565767946036707,5.49675990844291,5.90612489357338,1,0.1,1.5
1959,72,0.010943330463636,0.000641573256476902,0.0521419522716591,0.00252937864268438,0.571264789533561,6.0318907173667,6.47738968310694,1,0.1,1.5
1959,71,0.0114363299740136,0.000637130861021325,0.0526846405355096,0.00251009455009048,0.576700427520706,6.57273265131468,7.05409011062764,1,0.1,1.5
1959,70,0.0119049406274879,0.000632315886864397,0.0532254314298561,0.00248932368895573,0.582075867237279,7.11924675156688,7.63616597786492,1,0.1,1.5
1959,69,0.0123448861905648,0.000627130859042785,0.0537647092721794,0.00246707791701956,0.587392295682402,7.67139507700614,8.22355827354732,1,0.1,1.5
1959,68,0.0127519454795913,0.000621578439529357,0.054302867814884,0.00244336962465709,0.592651039882772,8.22914083653667,8.8162093134301,1,0.1,1.5
1959,67,0.0131219875903563,0.000615661362538424,0.0548403039518488,0.00241821147685683,0.597853523111589,8.79244848140745,9.41406283654168,1,0.1,1.5
1959,66,0.0134510081719988,0.000609382377927515,0.0553774115647968,0.00239161618812174,0.603001223753172,9.36128375961602,10.0170640602949,1,0.1,1.5
1959,65,0.0137351630507112,0.000602744155393108,0.0559145712677401,0.00236359614479778,0.60809558880987,9.9356136892145,10.6251596491047,1,0.1,1.5
1959,64,0.0139708242108946,0.000595745738523109,0.0564518014765026,0.00233414951775653,0.613134348068328,10.515403044172,11.2382939971731,1,0.1,1.5
1959,63,0.0141566193856268,0.000588384359018496,0.0569887565138803,0.00230326743623818,0.618112975503761,11.1006121991581,11.8564069726768,1,0.1,1.5
1959,62,0.0142935557971787,0.000580660849887343,0.0575252398350833,0.00227095519248258,0.623030261083291,11.6912002432059,12.4794372337601,1,0.1,1.5
1959,61,0.0143819976631218,0.000572575247648535,0.0580609901602524,0.00223721499290013,0.627883866705378,12.287123895727,13.1073211004655,1,0.1,1.5
1959,60,0.014422593205688,0.000564127703830671,0.0585957011849912,0.0022020495359583,0.632671201539034,12.8883372467523,13.7399923020045,1,0.1,1.5
1959,59,0.0144162531860736,0.000555318526117155,0.0591290233159485,0.00216546217494354,0.637389427805804,13.4947915006304,14.3773817298103,1,0.1,1.5
1959,58,0.014364130186679,0.000546148237464011,0.0596605673916881,0.00212745715026203,0.642035488086384,14.106434743713,15.0194172178967,1,0.1,1.5
1959,57,0.0142675880575216,0.000536617647312528,0.0601899108621964,0.00208803986778199,0.646606151435084,14.7232117541798,15.6660233693318,1,0.1,1.5
1959,56,0.0141281581999049,0.00052672232110775,0.0607159407768328,0.00204719541660938,0.65109105192138,15.3450571572925,16.3171144212532,1,0.1,1.5
1959,55,0.0139511180168428,0.000516504456559414,0.061242831925253,0.00200508998906437,0.655538251863605,15.9719512664552,16.9726526731168,1,0.1,1.5
1959,54,0.0137134382863921,0.000508717688912194,0.0621182634266392,0.00197239479588242,0.663589171859048,16.6073633698016,17.6362418449758,1,0.1,1.5
1959,53,0.0115438072833821,0.000495815965401268,0.0625313892893208,0.00191985469028352,0.665394419644954,17.2453312938711,18.3016362646208,1,0.1,1.5
1959,52,0.230876145667642,0.00661812121855222,1.18486795664883,0.0252037877761821,12.4288323202072,29.31410950299,30.730468584828,20,0.1,1.5
1959,51,0.230876145667642,0.00165113142175459,1.06276045982471,0.00562651341330259,10.8784121059569,40.1121428458997,41.6088806907849,20,0.1,1.5
1959,50,0.230876145667642,5.40973240719195e-10,1.18563755948399,0,12.0102930306947,52.1224358765944,53.6191737214796,20,0.1,1.5
1959,49,0.230876145667642,7.75843450946555e-44,1.30700628090209,0,13.223980239466,65.3464161160603,66.8431539609456,20,0.1,1.5
1959,48,0.230876145667642,4.03362672442066e-66,1.39358882829155,0,14.0898057133606,79.436221829421,80.9329596743062,20,0.1,1.5
1959,47,0.230876145667642,3.56754758476509e-68,1.39748739654661,0,14.1287913959112,93.5650132253321,95.0617510702173,20,0.1,1.5
1959,46,0.230876145667642,3.56754758476513e-108,1.39469507538711,0,14.1008681843162,107.665881409648,109.162619254534,20,0.1,1.5
1959,45,0.230876145667642,3.56754758476518e-148,1.3919083335677,0,14.0730007661221,121.73888217577,123.235620020656,20,0.1,1.5
1959,44,0.230876145667642,3.56754758476522e-188,1.3891271599403,0,14.0451890298481,135.784071205618,137.280809050504,20,0.1,1.5
1959,43,0.230876145667642,3.56754758476527e-228,1.38635154337909,0,14.017432864236,149.801504069854,151.29824191474,20,0.1,1.5
1959,42,0.230876145667642,3.56754758476531e-268,1.38358147278049,0,13.98973215825,163.791236228105,165.28797407299,20,0.1,1.5
1959,41,0.230876145667642,3.56754758476536e-308,1.38081693706312,0,13.9620868010763,177.753323029181,179.250060874066,20,0.1,1.5
1959,40,0.230876145667642,0,1.37805792516771,0,13.9344966821222,191.687819711303,193.184557556188,20,0.1,1.5
1959,39,0.230876145667642,0,1.37530442605712,0,13.9069616910163,205.594781402319,207.091519247204,20,0.1,1.5
1959,38,0.230876145667642,0,1.37255642871623,0,13.8794817176074,219.474263119927,220.971000964812,20,0.1,1.5
1959,37,0.230876145667642,0,1.36981392215196,0,13.8520566519647,233.326319771891,234.823057616777,20,0.1,1.5
1959,36,0.230876145667642,0,1.36707689539319,0,13.824686384377,247.151006156268,248.647744001154,20,0.1,1.5
1959,35,0.230876145667642,0,1.3643453374907,0,13.7973708053521,260.94837696162,262.445114806506,20,0.1,1.5
1959,34,0.230876145667642,0,1.36161923751716,0,13.7701098056167,274.718486767237,276.215224612122,20,0.1,1.5
1959,33,0.230876145667642,0,1.3588985845671,0,13.7429032761161,288.461390043353,289.958127888238,20,0.1,1.5
1959,32,0.230876145667642,0,1.35618336775679,0,13.715751108013,302.177141151366,303.673878996251,20,0.1,1.5
1959,31,0.230876145667642,0,1.35347357622428,0,13.6886531926879,315.865794344054,317.362532188939,20,0.1,1.5
1959,30,0.230876145667642,0,1.35076919912932,0,13.6616094217383,329.527403765792,331.024141610678,20,0.1,1.5
1959,29,0.230876145667642,0,1.34807022565332,0,13.6346196869783,343.162023452771,344.658761297656,20,0.1,1.5
1959,28,0.230876145667642,0,1.34537664499929,0,13.607683880438,356.769707333209,358.266445178094,20,0.1,1.5
1959,27,0.230876145667642,0,1.34268844639184,0,13.5808018943635,370.350509227572,371.847247072457,20,0.1,1.5
1959,26,0.230876145667642,0,1.34000561907709,0,13.553973621216,383.904482848788,385.401220693673,20,0.1,1.5
1959,25,0.230876145667642,0,1.33732815232266,0,13.5271989536717,397.43168180246,398.928419647345,20,0.1,1.5
1959,24,0.230876145667642,0,1.3346560354176,0,13.500477784621,410.932159587081,412.428897431966,20,0.1,1.5
1959,23,0.230876145667642,0,1.33198925767237,0,13.4738100071688,424.40596959425,425.902707439135,20,0.1,1.5
1959,22,0.230876145667642,0,1.32932780841879,0,13.447195514633,437.853165108883,439.349902953768,20,0.1,1.5
1959,21,0.230876145667642,0,1.32667167701,0,13.4206342005451,451.273799309428,452.770537154313,20,0.1,1.5
1959,20,0.230876145667642,0,1.3240208528204,0,13.3941259586491,464.667925268077,466.164663112962,20,0.1,1.5
1959,19,0.230876145667642,0,1.32137532524564,0,13.3676706829015,478.035595950979,479.532333795864,20,0.1,1.5
1959,18,0.230876145667642,0,1.31873508370254,0,13.3412682674705,491.376864218449,492.873602063334,20,0.1,1.5
1959,17,0.230876145667642,0,1.31610011762907,0,13.3149186067358,504.691782825185,506.18852067007,20,0.1,1.5
1959,16,0.230876145667642,0,1.31347041648432,0,13.2886215952883,517.980404420473,519.477142265358,20,0.1,1.5
1959,15,0.230876145667642,0,1.31084596974842,0,13.2623771279293,531.242781548403,532.739519393288,20,0.1,1.5
1959,14,0.230876145667642,0,1.30822676692254,0,13.2361850996705,544.478966648073,545.975704492958,20,0.1,1.5
1959,13,0.230876145667642,0,1.30561279752881,0,13.2100454057332,557.689012053806,559.185749898691,20,0.1,1.5
1959,12,0.230876145667642,0,1.3030040511103,0,13.1839579415481,570.872969995354,572.369707840239,20,0.1,1.5
1959,11,0.230876145667642,0,1.30040051723098,0,13.1579226027549,584.030892598109,585.527630442994,20,0.1,1.5
1959,10,0.230876145667642,0,1.29780218547568,0,13.1319392852019,597.162831883311,598.659569728196,20,0.1,1.5
1959,9,0.230876145667642,0,1.29520904545001,0,13.1060078849452,610.268839768256,611.765577613141,20,0.1,1.5
1959,8,0.230876145667642,0,1.29262108678039,0,13.080128298249,623.348968066505,624.84570591139,20,0.1,1.5
1959,7,0.230876145667642,0,1.29003829911393,0,13.0543004215844,636.40326848809,637.900006332975,20,0.1,1.5
1959,6,0.230876145667642,0,1.28746067211845,0,13.0285241516296,649.431792639719,650.928530484604,20,0.1,1.5
1959,5,0.230876145667642,0,1.28488819548241,0,13.0027993852692,662.434592024988,663.931329869873,20,0.1,1.5
1959,4,0.230876145667642,0,1.28232085891487,0,12.9771260195938,675.411718044582,676.908455889467,20,0.1,1.5
1959,3,0.230876145667642,0,1.27975865214544,0,12.9515039518995,688.363221996481,689.859959841367,20,0.1,1.5
1959,2,0.0115438072833821,0,0.000543787112286738,0,0.0131337426451221,688.376355739127,689.873093584012,1,0.1,1.5
1959,1,150,0,1.2920393877415,0,112.920393877415,801.296749616542,802.793487461427,99999,0.1,1.5
1960,85,0.00302291307004381,0.0462227863861605,0.0462227863861605,0,0.92647100310324,0,0,1,0.1,1.5
1960,84,0.00357226601493947,0.000461443648058789,0.0461397503693983,0.00263851076719444,0.506086461811117,0.468393450851197,0.506086461811117,1,0.1,1.5
1960,83,0.00417217271569693,0.00066250076918262,0.0467091654209596,0.00264697651213451,0.514312060551904,0.94489156122975,1.02039852236302,1,0.1,1.5
1960,82,0.00481565734026768,0.000666575217248779,0.0472744509522632,0.00264287317375473,0.520376030975604,1.42751226115172,1.54077455333862,1,0.1,1.5
1960,81,0.00549378725136755,0.000665577683489216,0.0478337570287165,0.00263696485635165,0.526326798475612,1.91616813310802,2.06710135181424,1,0.1,1.5
1960,80,0.00617346163419549,0.000664071622385962,0.0483881075482819,0.00262944834638298,0.532200980601613,2.41080556590416,2.59930233241585,1,0.1,1.5
1960,79,0.00684460455639497,0.000662176212785602,0.0489388818169662,0.00262037484407104,0.538007576345654,2.91137921590594,3.1373099087615,1,0.1,1.5
1960,78,0.00751361466098227,0.000659923293644378,0.049487806874276,0.00260986218913333,0.543770123678906,3.4178655940258,3.68108003244041,1,0.1,1.5
1960,77,0.00816621169751122,0.000657324400142471,0.0500367684097975,0.00259795730752782,0.5494987450529,3.93025066325687,4.23057877749331,1,0.1,1.5
1960,76,0.0087871703769529,0.000654391070019658,0.0505877898831968,0.00258470723183289,0.555204312142984,4.44853058637367,4.78578308963629,1,0.1,1.5
1960,75,0.00936087758225378,0.00065107772859831,0.0511384213933841,0.00256993350247821,0.560848912024349,4.97266616264833,5.34663200166064,1,0.1,1.5
1960,74,0.00990134123530219,0.000647354143275007,0.0516851838093626,0.00255351878234146,0.56640511343098,5.50259243633158,5.91303711509162,1,0.1,1.5
1960,73,0.0104302392195847,0.000643247633233388,0.0522286290937904,0.00253557296354133,0.571894730991028,6.03826469641487,6.48493184608265,1,0.1,1.5
1960,72,0.010943330463636,0.000638760393235865,0.0527690827371031,0.00251610666745971,0.577318365909523,6.57963868136069,7.06225021199217,1,0.1,1.5
1960,71,0.0114363299740136,0.000633894946132832,0.0533068957089787,0.00249513181185742,0.582676866703183,7.12667080789448,7.64492707869535,1,0.1,1.5
1960,70,0.0119049406274879,0.000628654081107577,0.0538424398089521,0.00247266136152167,0.587971299721612,7.67931837388006,8.23289837841697,1,0.1,1.5
1960,69,0.0123448861905648,0.000623040787845318,0.0543761022805071,0.00244870906377161,0.593202912864448,8.23753972869063,8.82610129128141,1,0.1,1.5
1960,68,0.0127519454795913,0.000617058190559565,0.0549082799342668,0.0024232891844211,0.598373095154959,8.80129440692529,9.42447438643637,1,0.1,1.5
1960,67,0.0131219875903563,0.000610709482839593,0.0554393727906679,0.00239641624809187,0.603483332291863,9.37054322138727,10.0279577187282,1,0.1,1.5
1960,66,0.0134510081719988,0.00060399787080971,0.0559697778706708,0.00236810481230693,0.60853516494338,9.94524831758341,10.6364928836716,1,0.1,1.5
1960,65,0.0137351630507112,0.000596926477753375,0.0564998788468128,0.00233836909184101,0.613530101353388,10.5253731461962,11.250022985025,1,0.1,1.5
1960,64,0.0139708242108946,0.000589494836824364,0.0570296936757941,0.00230720923756337,0.618465899898638,11.1108789141297,11.8684888849236,1,0.1,1.5
1960,63,0.0141566193856268,0.000581700702649729,0.0575588744972885,0.00227461849392702,0.62333804816971,11.7017224123861,12.4918269330934,1,0.1,1.5
1960,62,0.0142935557971787,0.000573545406619518,0.0580872261092204,0.00224060415422345,0.628145383131139,12.2978591647426,13.1199723162245,1,0.1,1.5
1960,61,0.0143819976631218,0.000565029500701518,0.0586144878094614,0.00220517049240717,0.632885607149527,12.8992423362863,13.752857923374,1,0.1,1.5
1960,60,0.014422593205688,0.000556153661027882,0.0591403539988622,0.00216832230625976,0.637556171682595,13.5058224750224,14.3904140950566,1,0.1,1.5
1960,59,0.0144162531860736,0.000546918728997057,0.0596644759573528,0.00213006507974679,0.642154283460121,14.1175472573433,15.0325683785167,1,0.1,1.5
1960,58,0.014364130186679,0.000537325769940148,0.0601864656225145,0.00209040521322812,0.64667693233321,14.7343612580589,15.6792453108499,1,0.1,1.5
1960,57,0.0142675880575216,0.000527376143418623,0.0607059018380557,0.00204935029781184,0.651120938012307,15.3562057632453,16.3303662488623,1,0.1,1.5
1960,56,0.0141281581999049,0.000517066077363423,0.0612216680369074,0.00200688806914132,0.65547594283514,15.9830118765213,16.9858421916974,1,0.1,1.5
1960,55,0.0139511180168428,0.000506437541831688,0.0617379801393265,0.00196318365250957,0.659790402906281,16.6147567986775,17.6456325946037,1,0.1,1.5
1960,54,0.0137134382863921,0.000498185875859727,0.0626051502992671,0.00192866642301083,0.66772803141378,17.2549324526197,18.3133606260175,1,0.1,1.5
1960,53,0.0115438072833821,0.000484921832224893,0.0630050998229628,0.00187473220374849,0.66937797669911,17.8975285406938,18.9827386027166,1,0.1,1.5
1960,52,0.230876145667642,0.00636712815623106,1.19105041679721,0.0241829535396575,12.4735636448317,30.0256214206733,31.4563022475483,20,0.1,1.5
1960,51,0.230876145667642,0.00142313966754319,1.06406081213205,0.00478731522612277,10.8771471659571,40.8343783691143,42.3334494135054,20,0.1,1.5
1960,50,0.230876145667642,5.40973240719195e-12,1.18551899572804,0,12.0091073877796,52.8434857568939,54.342556801285,20,0.1,1.5
1960,49,0.230876145667642,7.75843450946556e-46,1.306875580274,0,13.2226732331851,66.066158990079,67.56523003447,20,0.1,1.5
1960,48,0.230876145667642,4.03362672442067e-68,1.39344946940872,0,14.0884121245323,80.1545711146113,81.6536421590024,20,0.1,1.5
1960,47,0.230876145667642,3.56754758476509e-70,1.39734764780695,0,14.1273939085146,94.2819650231259,95.781036067517,20,0.1,1.5
1960,46,0.230876145667642,3.56754758476513e-110,1.39455560587957,0,14.0994734892408,108.381438512367,109.880509556758,20,0.1,1.5
1960,45,0.230876145667642,3.56754758476518e-150,1.39176914273434,0,14.0716088577885,122.453047370155,123.952118414546,20,0.1,1.5
1960,44,0.230876145667642,3.56754758476523e-190,1.38898824722431,0,14.0437999026881,136.496847272843,137.995918317234,20,0.1,1.5
1960,43,0.230876145667642,3.56754758476527e-230,1.38621290822475,0,14.0160465126926,150.512893785536,152.011964829927,20,0.1,1.5
1960,42,0.230876145667642,3.56754758476532e-270,1.38344311463322,0,13.9883485767773,164.501242362313,166.000313406704,20,0.1,1.5
1960,41,0.230876145667642,3.56754758476535e-310,1.38067885536941,0,13.9607059841392,178.461948346452,179.961019390844,20,0.1,1.5
1960,40,0.230876145667642,0,1.3779201193752,0,13.933118624197,192.39506697065,193.894138015041,20,0.1,1.5
1960,39,0.230876145667642,0,1.37516689561451,0,13.9055863865902,206.30065335724,207.799724401631,20,0.1,1.5
1960,38,0.230876145667642,0,1.37241917307336,0,13.8781091611787,220.178762518418,221.67783356281,20,0.1,1.5
1960,37,0.230876145667642,0,1.36967694075975,0,13.8506868380426,234.029449356461,235.528520400852,20,0.1,1.5
1960,36,0.230876145667642,0,1.36694018770365,0,13.8233193074816,247.852768663943,249.351839708334,20,0.1,1.5
1960,35,0.230876145667642,0,1.36420890295695,0,13.7960064600146,261.648775123957,263.147846168348,20,0.1,1.5
1960,34,0.230876145667642,0,1.36148307559341,0,13.7687481863792,275.417523310336,276.916594354727,20,0.1,1.5
1960,33,0.230876145667642,0,1.35876269470864,0,13.7415443775315,289.159067687868,290.658138732259,20,0.1,1.5
1960,32,0.230876145667642,0,1.35604774942001,0,13.7143949246452,302.873462612513,304.372533656904,20,0.1,1.5
1960,31,0.230876145667642,0,1.35333822886666,0,13.6872997191117,316.560762331625,318.059833376016,20,0.1,1.5
1960,30,0.230876145667642,0,1.35063412220941,0,13.6602586525392,330.221020984164,331.720092028555,20,0.1,1.5
1960,29,0.230876145667642,0,1.34793541863075,0,13.6332716167526,343.854292600917,345.353363645308,20,0.1,1.5
1960,28,0.230876145667642,0,1.34524210733479,0,13.606338503793,357.46063110471,358.959702149101,20,0.1,1.5
1960,27,0.230876145667642,0,1.3425541775472,0,13.5794592059171,371.040090310627,372.539161355018,20,0.1,1.5
1960,26,0.230876145667642,0,1.33987161851519,0,13.552633615597,384.592723926224,386.091794970615,20,0.1,1.5
1960,25,0.230876145667642,0,1.33719441950743,0,13.5258616255194,398.118585551743,399.617656596134,20,0.1,1.5
1960,24,0.230876145667642,0,1.33452256981405,0,13.4991431285856,411.617728680329,413.11679972472,20,0.1,1.5
1960,23,0.230876145667642,0,1.3318560587466,0,13.4724780179111,425.09020669824,426.589277742631,20,0.1,1.5
1960,22,0.230876145667642,0,1.32919487563795,0,13.4458661868246,438.536072885065,440.035143929455,20,0.1,1.5
1960,21,0.230876145667642,0,1.3265390098423,0,13.4193075288681,451.955380413933,453.454451458323,20,0.1,1.5
1960,20,0.230876145667642,0,1.32388845073512,0,13.3928019377963,465.348182351729,466.84725339612,20,0.1,1.5
1960,19,0.230876145667642,0,1.32124318771311,0,13.3663493075762,478.714531659305,480.213602703696,20,0.1,1.5
1960,18,0.230876145667642,0,1.31860321019417,0,13.3399495323868,492.054481191692,493.553552236083,20,0.1,1.5
1960,17,0.230876145667642,0,1.31596850761731,0,13.3136025066182,505.36808369831,506.867154742701,20,0.1,1.5
1960,16,0.230876145667642,0,1.31333906944267,0,13.2873081248718,518.655391823182,520.154462867573,20,0.1,1.5
1960,15,0.230876145667642,0,1.31071488515145,0,13.2610662819596,531.916458105142,533.415529149532,20,0.1,1.5
1960,14,0.230876145667642,0,1.30809594424585,0,13.2348768729036,545.151334978045,546.650406022436,20,0.1,1.5
1960,13,0.230876145667642,0,1.30548223624906,0,13.2087397929356,558.360074770981,559.859145815371,20,0.1,1.5
1960,12,0.230876145667642,0,1.30287375070519,0,13.182654937497,571.542729708478,573.041800752868,20,0.1,1.5
1960,11,0.230876145667642,0,1.30027047717926,0,13.1566222022377,584.699351910715,586.198422955106,20,0.1,1.5
1960,10,0.230876145667642,0,1.29767240525713,0,13.1306414830164,597.829993393732,599.329064438122,20,0.1,1.5
1960,9,0.230876145667642,0,1.29507952454547,0,13.1047126758998,610.934706069631,612.433777114022,20,0.1,1.5
1960,8,0.230876145667642,0,1.29249182467171,0,13.0788356771622,624.013541746794,625.512612791184,20,0.1,1.5
1960,7,0.230876145667642,0,1.28990929528402,0,13.0530103832853,637.066552130079,638.56562317447,20,0.1,1.5
1960,6,0.230876145667642,0,1.28733192605124,0,13.0272366909575,650.093788821036,651.592859865427,20,0.1,1.5
1960,5,0.230876145667642,0,1.28475970666286,0,13.0015144970737,663.09530331811,664.594374362501,20,0.1,1.5
1960,4,0.230876145667642,0,1.28219262682898,0,12.9758436987349,676.071147016845,677.570218061236,20,0.1,1.5
1960,3,0.230876145667642,0,1.27963067628023,0,12.9502241932474,689.021371210092,690.520442254483,20,0.1,1.5
1960,2,0.0115438072833821,0,0.000543732733575509,0,0.0131331988580098,689.03450440895,690.533575453341,1,0.1,1.5
1960,1,150,0,1.29191018380272,0,112.919101838027,801.953606246977,803.452677291368,99999,0.1,1.5
1961,86,0.00252911276352324,0.0462948410767825,0.0462948410767825,0,0.927582896711332,0,0,1,0.1,1.5
1961,85,0.00302291307004381,0.000462227863861605,0.0462181641075219,0.0026448991561546,0.506603468753216,0.468819195093864,0.506603468753216,1,0.1,1.5
1961,84,0.00357226601493947,0.000664242128279198,0.0467947640861599,0.00265356592139863,0.514879657412426,0.945790767914882,1.02148312616564,1,0.1,1.5
1961,83,0.00417217271569693,0.000668369135725453,0.0473662386324511,0.00264955389845708,0.520978296136856,1.42891829407378,1.5424614223025,1,0.1,1.5
1961,82,0.00481565734026768,0.000667384045611171,0.0479304418006066,0.00264368548372314,0.526955632170782,1.9181069907628,2.06941705447328,1,0.1,1.5
1961,81,0.00549378725136755,0.000665896990922804,0.0484882148671016,0.00263623798766751,0.532864186095453,2.41331063417729,2.60228124056873,1,0.1,1.5
1961,80,0.00617346163419549,0.000664002802819605,0.0490406308241228,0.00262716316769824,0.538692879754577,2.91447261153618,3.14097412032331,1,0.1,1.5
1961,79,0.00684460455639497,0.000661715473145615,0.0495890816398023,0.0026165083654086,0.544449731768151,3.42154365236992,3.68542385209146,1,0.1,1.5
1961,78,0.00751361466098227,0.000659064780219776,0.0501353236408719,0.00260439291826708,0.550158573769672,3.93449661302149,4.23558242586113,1,0.1,1.5
1961,77,0.00816621169751122,0.000656062570883379,0.0506812540598385,0.00259086525005314,0.555829668153938,4.45331392046039,4.79141209401507,1,0.1,1.5
1961,76,0.0087871703769529,0.000652720718658419,0.0512289079121667,0.00257597376186324,0.561474025062361,4.97798832035327,5.35288611907743,1,0.1,1.5
1961,75,0.00936087758225378,0.000648994152905537,0.0517757909268643,0.0025595422075409,0.56705332453169,5.50847675620581,5.91993944360912,1,0.1,1.5
1961,74,0.00990134123530219,0.000644853237018115,0.0523183949865671,0.00254145578392238,0.572539887591611,6.04471013259853,6.49247933120073,1,0.1,1.5
1961,73,0.0104302392195847,0.000640325717217666,0.0528572994717663,0.00252182605569532,0.57795583121283,6.58663987730142,7.07043516241356,1,0.1,1.5
1961,72,0.010943330463636,0.000635414270797286,0.0533928324956943,0.00250066561351082,0.583301815786066,7.13421789860876,7.65373697819963,1,0.1,1.5
1961,71,0.0114363299740136,0.000630121902425684,0.0539253479723721,0.00247798833641345,0.588578752107989,7.68739681733942,8.24231573030762,1,0.1,1.5
1961,70,0.0119049406274879,0.000624451881191493,0.0544552209053516,0.00245380913780619,0.593787771204797,8.24613017228984,8.83610350151242,1,0.1,1.5
1961,69,0.0123448861905648,0.000618407673821355,0.054982841936222,0.00242814369729631,0.598930187331709,8.81037259251732,9.43503368884412,1,0.1,1.5
1961,68,0.0127519454795913,0.000611992878010872,0.0555086114023786,0.00240100819405984,0.604007456848287,9.3800799323076,10.0390411456924,1,0.1,1.5
1961,67,0.0131219875903563,0.000605211156851363,0.0560329329154118,0.00237241904565965,0.609021133101816,9.95520936475714,10.6480622787942,1,0.1,1.5
1961,66,0.0134510081719988,0.00059806618178483,0.0565562070959605,0.00234239268150925,0.613972824151775,10.5357194363159,11.262035102946,1,0.1,1.5
1961,65,0.0137351630507112,0.000590561537737786,0.0570788211318883,0.00231094516958007,0.618864104485975,11.1215700383793,11.880899207432,1,0.1,1.5
1961,64,0.0139708242108946,0.000582697257759086,0.0576007930158173,0.00227807867451336,0.623692766607504,11.7127188239224,12.5045919740395,1,0.1,1.5
1961,63,0.0141566193856268,0.000574471630508251,0.0581217732333205,0.00224378859262789,0.628454317647199,12.3091190188177,13.1330462916867,1,0.1,1.5
1961,62,0.0142935557971787,0.000565886492622059,0.0586415684251654,0.00220808423772261,0.633147646914888,12.9107226051937,13.7661939386016,1,0.1,1.5
1961,61,0.0143819976631218,0.000556942918108808,0.0591599189837822,0.00217097196950518,0.637770502739637,13.5174792226547,14.4039644413412,1,0.1,1.5
1961,60,0.014422593205688,0.000547642113175219,0.0596765205400273,0.00213245869864028,0.642320384364012,14.1293359113239,15.0462848257052,1,0.1,1.5
1961,59,0.0144162531860736,0.000537985457226667,0.0601910257796938,0.0020925520484886,0.646794548519281,14.7462368591504,15.6930793742245,1,0.1,1.5
1961,58,0.014364130186679,0.000527974561006432,0.0607030482792593,0.00205126058293031,0.651190037807066,15.3681231743442,16.3442694120316,1,0.1,1.5
1961,57,0.0142675880575216,0.000517611335887147,0.0612121688223248,0.00200859407639504,0.655503728045158,15.994932701298,16.9997731400767,1,0.1,1.5
1961,56,0.0141281581999049,0.000506892678058965,0.0617172678873891,0.00196454292503659,0.659725276716844,16.6265930790858,17.6594984167936,1,0.1,1.5
1961,55,0.0139511180168428,0.00049586028854571,0.06222260225444,0.00191927101551721,0.66390352813895,17.2630784498602,18.3234019449325,1,0.1,1.5
1961,54,0.0137134382863921,0.000487148464511305,0.0630810563899899,0.00188295512438297,0.671723699655697,17.9079027905961,18.9951256445882,1,0.1,1.5
1961,53,0.0115438072833821,0.000473532269259372,0.0634674823639176,0.0018276714700081,0.673215610282712,18.5550088084502,19.6683412548709,1,0.1,1.5
1961,52,0.230876145667642,0.00610940966647667,1.19697705014044,0.0231365750121512,12.5153045286879,30.7397908369645,32.1836457835588,20,0.1,1.5
1961,51,0.230876145667642,0.00121106020320612,1.06515123485737,0.00401253071477353,10.8748622484048,41.5573312180153,43.0585080319636,20,0.1,1.5
1961,50,0.230876145667642,5.40973240719195e-14,1.18540044382846,0,12.0079218687303,53.5652530867456,55.0664299006938,20,0.1,1.5
1961,49,0.230876145667642,7.75843450946556e-48,1.30674489271597,0,13.2213663576048,66.7866194443504,68.2877962582986,20,0.1,1.5
1961,48,0.230876145667642,4.03362672442067e-70,1.39331012446178,0,14.0870186750629,80.8736381194133,82.3748149333616,20,0.1,1.5
1961,47,0.230876145667642,3.56754758476509e-72,1.39720791304217,0,14.1259965608668,94.9996346802801,96.5008114942284,20,0.1,1.5
1961,46,0.230876145667642,3.56754758476514e-112,1.39441615031898,0,14.0980789336349,109.097713613915,110.598890427863,20,0.1,1.5
1961,45,0.230876145667642,3.56754758476518e-152,1.39162996582007,0,14.0702170886458,123.167930702561,124.669107516509,20,0.1,1.5
1961,44,0.230876145667642,3.56754758476523e-192,1.38884934839958,0,14.0424109144409,137.210341617002,138.71151843095,20,0.1,1.5
1961,43,0.230876145667642,3.56754758476527e-232,1.38607428693393,0,14.0146602997844,151.225001916786,152.726178730734,20,0.1,1.5
1961,42,0.230876145667642,3.56754758476532e-272,1.38330477032175,0,13.9869651336626,165.211967050449,166.713143864397,20,0.1,1.5
1961,41,0.230876145667642,3.56754758476752e-312,1.38054078748388,0,13.9593253052839,179.171292355733,180.672469169681,20,0.1,1.5
1961,40,0.230876145667642,0,1.37778232736326,0,13.9317407040777,193.10303305981,194.604209873759,20,0.1,1.5
1961,39,0.230876145667642,0,1.37502937892495,0,13.9042112196946,207.007244279505,208.508421093453,20,0.1,1.5
1961,38,0.230876145667642,0,1.37228193115605,0,13.8767367420056,220.88398102151,222.385157835459,20,0.1,1.5
1961,37,0.230876145667642,0,1.36953997306567,0,13.8493171611018,234.733298182612,236.234474996561,20,0.1,1.5
1961,36,0.230876145667642,0,1.36680349368488,0,13.8219523672939,248.555250549906,250.056427363855,20,0.1,1.5
1961,35,0.230876145667642,0,1.36407248206665,0,13.7946422511116,262.349892801018,263.851069614966,20,0.1,1.5
1961,34,0.230876145667642,0,1.36134692728585,0,13.7673867033036,276.117279504321,277.61845631827,20,0.1,1.5
1961,33,0.230876145667642,0,1.35862681843917,0,13.7401856148368,289.857465119158,291.358641933107,20,0.1,1.5
1961,32,0.230876145667642,0,1.35591214464507,0,13.7130388768958,303.570503996054,305.071680810002,20,0.1,1.5
1961,31,0.230876145667642,0,1.35320289504377,0,13.6859463808828,317.256450376937,318.757627190885,20,0.1,1.5
1961,30,0.230876145667642,0,1.35049905879719,0,13.658908018417,330.915358395354,332.416535209302,20,0.1,1.5
1961,29,0.230876145667642,0,1.34780062508889,0,13.631923681334,344.547282076688,346.048458890636,20,0.1,1.5
1961,28,0.230876145667642,0,1.34510758312406,0,13.6049932616857,358.152275338373,359.653452152322,20,0.1,1.5
1961,27,0.230876145667642,0,1.34241992212945,0,13.5781166517396,371.730391990113,373.231568804061,20,0.1,1.5
1961,26,0.230876145667642,0,1.33973763135333,0,13.5512937439784,385.281685734092,386.78286254804,20,0.1,1.5
1961,25,0.230876145667642,0,1.33706070006548,0,13.5245244310998,398.806210165191,400.30738697914,20,0.1,1.5
1961,24,0.230876145667642,0,1.33438911755707,0,13.4978086060158,412.304018771207,413.805195585156,20,0.1,1.5
1961,23,0.230876145667642,0,1.33172287314072,0,13.4711461618523,425.77516493306,427.276341747008,20,0.1,1.5
1961,22,0.230876145667642,0,1.32906195615038,0,13.4445369919489,439.219701925009,440.720878738957,20,0.1,1.5
1961,21,0.230876145667642,0,1.32640635594131,0,13.4179809898582,452.637682914867,454.138859728815,20,0.1,1.5
1961,20,0.230876145667642,0,1.32375606189005,0,13.3914780493455,466.029160964212,467.530337778161,20,0.1,1.5
1961,19,0.230876145667642,0,1.32111106339434,0,13.3650280643885,479.394189028601,480.895365842549,20,0.1,1.5
1961,18,0.230876145667642,0,1.31847134987315,0,13.3386309291766,492.732819957777,494.233996771726,20,0.1,1.5
1961,17,0.230876145667642,0,1.31583691076655,0,13.3122865381106,506.045106495888,507.546283309836,20,0.1,1.5
1961,16,0.230876145667642,0,1.31320773553573,0,13.2859947858024,519.33110128169,520.832278095639,20,0.1,1.5
1961,15,0.230876145667642,0,1.31058381366293,0,13.2597555670744,532.590856848765,534.092033662713,20,0.1,1.5
1961,14,0.230876145667642,0,1.30796513465142,0,13.2335687769593,545.824425625724,547.325602439672,20,0.1,1.5
1961,13,0.230876145667642,0,1.30535168802543,0,13.2074343106994,559.031859936423,560.533036750372,20,0.1,1.5
1961,12,0.230876145667642,0,1.30274346333012,0,13.1813520637463,572.21321200017,573.714388814118,20,0.1,1.5
1961,11,0.230876145667642,0,1.30014045013154,0,13.1553219317605,585.36853393193,586.869710745879,20,0.1,1.5
1961,10,0.230876145667642,0,1.2975426380166,0,13.1293438106111,598.497877742541,599.99905455649,20,0.1,1.5
1961,9,0.230876145667642,0,1.29495001659301,0,13.1034175963752,611.601295338916,613.102472152865,20,0.1,1.5
1961,8,0.230876145667642,0,1.29236257548924,0,13.0775431853375,624.678838524254,626.180015338203,20,0.1,1.5
1961,7,0.230876145667642,0,1.28978030435449,0,13.05172047399,637.730558998244,639.231735812193,20,0.1,1.5
1961,6,0.230876145667642,0,1.28720319285864,0,13.0259493590314,650.756508357275,652.257685171224,20,0.1,1.5
1961,5,0.230876145667642,0,1.2846312306922,0,13.0002297373671,663.756738094642,665.257914908591,20,0.1,1.5
1961,4,0.230876145667642,0,1.28206440756629,0,12.974561506108,676.73129960075,678.232476414699,20,0.1,1.5
1961,3,0.230876145667642,0,1.2795027132126,0,12.9489445625711,689.680244163321,691.18142097727,20,0.1,1.5
1961,2,0.0115438072833821,0,0.000543678360302151,0,0.0131326551252762,689.693376818447,691.194553632395,1,0.1,1.5
1961,1,150,0,1.29178099278434,0,112.917809927843,802.61118674629,804.112363560239,99999,0.1,1.5
1962,87,0.00209388679772291,0.046359872195461,0.046359872195461,0,0.928593368441035,0,0,1,0.1,1.5
1962,86,0.00252911276352324,0.000462948410767825,0.0462902115926748,0.00265068429170348,0.507084593663016,0.469217675210109,0.507084593663016,1,0.1,1.5
1962,85,0.00302291307004381,0.000665847067677266,0.0468747670801498,0.00265957644146246,0.515415366022049,0.946639092068409,1.02249995968507,1,0.1,1.5
1962,84,0.00357226601493947,0.000670033901632448,0.047453476090101,0.00265569337877168,0.521555087433556,1.43025570266237,1.54405504711862,1,0.1,1.5
1962,83,0.00417217271569693,0.000669072165971525,0.0480238904832022,0.00264990894335119,0.527566917016742,1.91996677763124,2.07162196413536,1,0.1,1.5
1962,82,0.00481565734026768,0.000667595211386896,0.0485865701273574,0.00264249585898948,0.533502032456994,2.41571886924552,2.60512399659236,1,0.1,1.5
1962,81,0.00549378725136755,0.000665718466826105,0.0491424255425318,0.00263348461211018,0.539365173672255,2.91746283417335,3.14448917026461,1,0.1,1.5
1962,80,0.00617346163419549,0.000663430819952756,0.049692517552965,0.00262282314684598,0.54514402691644,3.42513795899199,3.68963319718105,1,0.1,1.5
1962,79,0.00684460455639497,0.000660744246083605,0.0502382498229905,0.00261056061863626,0.550846733518379,3.93869096938699,4.24047993069943,1,0.1,1.5
1962,78,0.00751361466098227,0.000657688877368967,0.0507814083380746,0.00259681797846509,0.556497448287448,4.45809101798208,4.79697737898688,1,0.1,1.5
1962,77,0.00816621169751122,0.000654276938222118,0.0513239022469458,0.0025816451851725,0.562106578485817,4.98331695096544,5.3590839574727,1,0.1,1.5
1962,76,0.0087871703769529,0.000650520647652395,0.0518677784618413,0.00256509203697927,0.567685276636419,5.51435805564501,5.92676923410912,1,0.1,1.5
1962,75,0.00936087758225378,0.00064637549341428,0.0524104988996569,0.00254698471549418,0.573194824921178,6.05116738463056,6.4999640590303,1,0.1,1.5
1962,74,0.00990134123530219,0.000641812478350777,0.052948527093049,0.00252721112039116,0.578607305876454,6.59367167450142,7.07857136490675,1,0.1,1.5
1962,73,0.0104302392195847,0.000636859771096006,0.053482470255743,0.00250588446284897,0.583945142550717,7.14181846758287,7.66251650745747,1,0.1,1.5
1962,72,0.010943330463636,0.000631520546085679,0.0540126596158224,0.00248301935462993,0.589209060327647,7.69555582284437,8.25172556778511,1,0.1,1.5
1962,71,0.0114363299740136,0.000625798303127619,0.0545394525216783,0.00245863168251426,0.594400037980938,8.25483255107511,8.84612560576605,1,0.1,1.5
1962,70,0.0119049406274879,0.000619696803263463,0.0550632276677126,0.002432738349676,0.599519276790124,8.81959842286986,9.44564488255618,1,0.1,1.5
1962,69,0.0123448861905648,0.000613220001062291,0.0555843795763524,0.00240535700401305,0.604568162815663,9.38980434277105,10.0502130453718,1,0.1,1.5
1962,68,0.0127519454795913,0.000606371977295069,0.0561033125897533,0.00237650576907957,0.609548225072301,9.96540248542793,10.6597612704441,1,0.1,1.5
1962,67,0.0131219875903563,0.000599156872983426,0.0566204343835351,0.00234620298161367,0.614461089743714,10.54634638972,11.2742223601879,1,0.1,1.5
1962,66,0.0134510081719988,0.00059157883219516,0.0571361496456282,0.00231446696456512,0.619308437339067,11.1325910132796,11.8935307975269,1,0.1,1.5
1962,65,0.0137351630507112,0.000583641907772396,0.0576508495421702,0.0022813156565182,0.624091913531112,11.7240927031462,12.517622711058,1,0.1,1.5
1962,64,0.0139708242108946,0.000575346641205932,0.0581645526051441,0.0022467532622126,0.628809350445229,12.3208055784169,13.1464320615033,1,0.1,1.5
1962,63,0.0141566193856268,0.000566691864462056,0.0586769082041541,0.00221077735880473,0.633456280640457,12.9226793253602,13.7798883421437,1,0.1,1.5
1962,62,0.0142935557971787,0.000557679924356872,0.0591877253277535,0.00217339929213688,0.638031651035464,13.5296624150794,14.4179199931792,1,0.1,1.5
1962,61,0.0143819976631218,0.000548312421557384,0.0596967459842602,0.00213462751778883,0.642533261325811,14.1417009975796,15.060453254505,1,0.1,1.5
1962,60,0.014422593205688,0.000538591095791822,0.0602036675626334,0.00209447106463635,0.646958663930468,14.758738646301,15.7074119184355,1,0.1,1.5
1962,59,0.0144162531860736,0.000528517866694417,0.060708144689238,0.00205293969575226,0.651305170956024,15.3807161073177,16.3587170893915,1,0.1,1.5
1962,58,0.014364130186679,0.000518094891342641,0.0612097931201639,0.00201004413357564,0.655569883100123,16.0075710742239,17.0142869724916,1,0.1,1.5
1962,57,0.0142675880575216,0.000507324632457631,0.0617081961245413,0.00196579632529905,0.6597497375888,16.6392380071656,17.6740367100804,1,0.1,1.5
1962,56,0.0141281581999049,0.000496204658039736,0.0622022318918595,0.00192018933249385,0.663834413810746,17.2756411447978,18.3378711238912,1,0.1,1.5
1962,55,0.0139511180168428,0.000484776356764759,0.0626961977480939,0.00187338562541529,0.667873138184795,17.916751631191,19.0057442620759,1,0.1,1.5
1962,54,0.0137134382863921,0.000475610265740855,0.0635454870654466,0.00183529883046538,0.675571820223737,18.5661048966938,19.6813160822997,1,0.1,1.5
1962,53,0.0115438072833821,0.000461653190194618,0.0639180534831832,0.00177871441512554,0.676903144186398,19.2175978349498,20.3582192264861,1,0.1,1.5
1962,52,0.230876145667642,0.00584523784970256,1.20264149618847,0.0220659873135334,12.5540131610201,31.4563826057766,32.9122323875062,20,0.1,1.5
1962,51,0.230876145667642,0.00101524328072544,1.06604785241258,0.00330345277844045,10.8717405699273,42.2809309931547,43.7839729574335,20,0.1,1.5
1962,50,0.230876145667642,5.40973240719196e-16,1.18528190378408,0,12.0067364682859,54.2876674614406,55.7907094257194,20,0.1,1.5
1962,49,0.230876145667642,7.75843450946557e-50,1.3066142182267,0,13.2200596127121,67.5077270741527,69.0107690384315,20,0.1,1.5
1962,48,0.230876145667642,4.03362672442067e-72,1.39317079344934,0,14.0856253649385,81.5933524390912,83.0963944033699,20,0.1,1.5
1962,47,0.230876145667642,3.5675475847651e-74,1.39706819225087,0,14.1245993529538,95.7179517920449,97.2209937563237,20,0.1,1.5
1962,46,0.230876145667642,3.56754758476514e-114,1.39427670870395,0,14.0966845174846,109.81463630953,111.317678273808,20,0.1,1.5
1962,45,0.230876145667642,3.56754758476518e-154,1.39149080282349,0,14.06882545868,123.88346176821,125.386503732488,20,0.1,1.5
1962,44,0.230876145667642,3.56754758476523e-194,1.38871046346474,0,14.0410220650925,137.924483833302,139.427525797581,20,0.1,1.5
1962,43,0.230876145667642,3.56754758476527e-234,1.38593567950524,0,14.0132742254975,151.937758058799,153.440800023078,20,0.1,1.5
1962,42,0.230876145667642,3.56754758476532e-274,1.38316643984472,0,13.9855818288923,165.923339887692,167.426381851971,20,0.1,1.5
1962,41,0.230876145667642,3.56754758457978e-314,1.38040273340513,0,13.9579447644964,179.881284652188,181.384326616467,20,0.1,1.5
1962,40,0.230876145667642,0,1.37764454913052,0,13.9303629217503,193.811647573938,195.314689538217,20,0.1,1.5
1962,39,0.230876145667642,0,1.37489187598706,0,13.9028361903157,207.714483764254,209.217525728533,20,0.1,1.5
1962,38,0.230876145667642,0,1.37214470296294,0,13.8753644600745,221.589848224329,223.092890188607,20,0.1,1.5
1962,37,0.230876145667642,0,1.36940301906837,0,13.8479476211288,235.437795845457,236.940837809736,20,0.1,1.5
1962,36,0.230876145667642,0,1.36666681333551,0,13.8205855638002,249.258381409258,250.761423373536,20,0.1,1.5
1962,35,0.230876145667642,0,1.36393607481845,0,13.7932781786295,263.051659587887,264.554701552166,20,0.1,1.5
1962,34,0.230876145667642,0,1.36121079259312,0,13.7660253563763,276.817684944263,278.320726908542,20,0.1,1.5
1962,33,0.230876145667642,0,1.35849095575732,0,13.7388269880183,290.556511932282,292.059553896561,20,0.1,1.5
1962,32,0.230876145667642,0,1.3557765534306,0,13.7116829647511,304.268194897033,305.771236861312,20,0.1,1.5
1962,31,0.230876145667642,0,1.35306757475427,0,13.6845931779877,317.952788075021,319.455830039299,20,0.1,1.5
1962,30,0.230876145667642,0,1.35036400889131,0,13.6575575193582,331.610345594379,333.113387558658,20,0.1,1.5
1962,29,0.230876145667642,0,1.34766584502638,0,13.6305758807089,345.240921475088,346.743963439366,20,0.1,1.5
1962,28,0.230876145667642,0,1.34497307236575,0,13.6036481541026,358.84456962919,360.347611593469,20,0.1,1.5
1962,27,0.230876145667642,0,1.34228568013724,0,13.5767742318175,372.421343861008,373.924385825287,20,0.1,1.5
1962,26,0.230876145667642,0,1.3396036575902,0,13.5499540063471,385.971297867355,387.474339831634,20,0.1,1.5
1962,25,0.230876145667642,0,1.33692699399547,0,13.5231873703998,399.494485237755,400.997527202033,20,0.1,1.5
1962,24,0.230876145667642,0,1.33425567864532,0,13.4964742168983,412.990959454653,414.494001418932,20,0.1,1.5
1962,23,0.230876145667642,0,1.33158970085341,0,13.4698144389792,426.460773893632,427.963815857911,20,0.1,1.5
1962,22,0.230876145667642,0,1.32892904995477,0,13.4432079299928,439.903981823625,441.407023787904,20,0.1,1.5
1962,21,0.230876145667642,0,1.32627371530572,0,13.4166545835023,453.320636407127,454.823678371406,20,0.1,1.5
1962,20,0.230876145667642,0,1.32362368628386,0,13.3901542932837,466.710790700411,468.21383266469,20,0.1,1.5
1962,19,0.230876145667642,0,1.320978952288,0,13.3637069533251,480.074497653736,481.577539618015,20,0.1,1.5
1962,18,0.230876145667642,0,1.31833950273816,0,13.3373124578267,493.411810111563,494.914852075841,20,0.1,1.5
1962,17,0.230876145667642,0,1.31570532707547,0,13.3109707011998,506.722780812763,508.225822777041,20,0.1,1.5
1962,16,0.230876145667642,0,1.31307641476217,0,13.2846815780668,520.00746239083,521.510504355108,20,0.1,1.5
1962,15,0.230876145667642,0,1.31045275528157,0,13.2584449832608,533.26590737409,534.768949338369,20,0.1,1.5
1962,14,0.230876145667642,0,1.30783433813796,0,13.2322608118247,546.498168185915,548.001210150194,20,0.1,1.5
1962,13,0.230876145667642,0,1.30522115285663,0,13.2061289590114,559.704297144926,561.207339109205,20,0.1,1.5
1962,12,0.230876145667642,0,1.30261318898379,0,13.1800493202829,572.884346465209,574.387388429488,20,0.1,1.5
1962,11,0.230876145667642,0,1.30001043608653,0,13.1540217913104,586.03836825652,587.541410220798,20,0.1,1.5
1962,10,0.230876145667642,0,1.2974128837528,0,13.1280462679731,599.166414524493,600.669456488771,20,0.1,1.5
1962,9,0.230876145667642,0,1.29482052159135,0,13.1021226463586,612.268537170851,613.77157913513,20,0.1,1.5
1962,8,0.230876145667642,0,1.29223333923169,0,13.076250822762,625.344787993613,626.847829957892,20,0.1,1.5
1962,7,0.230876145667642,0,1.28965132632406,0,13.0504306936856,638.395218687299,639.898260651578,20,0.1,1.5
1962,6,0.230876145667642,0,1.28707447253935,0,13.0246621558386,651.419880843137,652.922922807416,20,0.1,1.5
1962,5,0.230876145667642,0,1.28450276756913,0,12.9989451061364,664.418825949274,665.921867913553,20,0.1,1.5
1962,4,0.230876145667642,0,1.28193620112554,0,12.9732794417005,677.392105390974,678.895147355253,20,0.1,1.5
1962,3,0.230876145667642,0,1.27937476294128,0,12.9476650598579,690.339770450832,691.842812415111,20,0.1,1.5
1962,2,0.0115438072833821,0,0.000543623992466121,0,0.0131321114469159,690.352902562279,691.855944526558,1,0.1,1.5
1962,1,150,0,1.29165181468506,0,112.916518146851,803.26942070913,804.772462673408,99999,0.1,1.5
1963,88,0.00170280607384191,0.0464174724262553,0.0464174724262553,0,0.929484652574333,0,0,1,0.1,1.5
1963,87,0.00209388679772291,0.00046359872195461,0.0463552362082415,0.00265595615608877,0.507526504635044,0.469584273833776,0.507526504635044,1,0.1,1.5
1963,86,0.00252911276352324,0.000667300557033547,0.0469482536444414,0.00266509115668568,0.515914348000228,0.947425891024208,1.02344085263527,1,0.1,1.5
1963,85,0.00302291307004381,0.000671552581042389,0.0475349737138074,0.00266136776021526,0.522100077760174,1.43150642935273,1.54554093039545,1,0.1,1.5
1963,84,0.00357226601493947,0.000670623683709244,0.0481126540871849,0.00265570520781034,0.528152934211429,1.9217207177383,2.07369386460687,1,0.1,1.5
1963,83,0.00417217271569693,0.000669167957497512,0.0486815653299916,0.00264837060272585,0.534122647105249,2.41800949909032,2.60781651171212,1,0.1,1.5
1963,82,0.00481565734026768,0.000667299916861238,0.049242335435092,0.00263938827358733,0.540012338511911,2.9203162908367,3.14782885022403,1,0.1,1.5
1963,81,0.00549378725136755,0.000665028337695807,0.0497958824530051,0.00262878480509594,0.545825701385481,3.42858792357796,3.69365455160952,1,0.1,1.5
1963,80,0.00617346163419549,0.000662340094911023,0.0503432540879212,0.0026165101250889,0.551550298990484,3.94275950649574,4.2452048506,1,0.1,1.5
1963,79,0.00684460455639497,0.000659247597119901,0.0508858661526673,0.002602615382694,0.557194426954906,4.46277371369788,4.80239927755491,1,0.1,1.5
1963,78,0.00751361466098227,0.000655781383389962,0.051425534691857,0.00258722313158485,0.562782567644337,4.988595950891,5.36518184519924,1,0.1,1.5
1963,77,0.00816621169751122,0.000651954065675347,0.0519641811530142,0.00257038489802201,0.568325277576027,5.52020144420957,5.93350712277527,1,0.1,1.5
1963,76,0.0087871703769529,0.000647778215721342,0.0525038646932399,0.00255215190385118,0.573833855586408,6.05757598688382,6.50734097836168,1,0.1,1.5
1963,75,0.00936087758225378,0.000643209933807687,0.0530420040286404,0.00253235296253099,0.579269195572617,6.60066871156313,7.08661017393429,1,0.1,1.5
1963,74,0.00990134123530219,0.000638220904881297,0.0535750350204375,0.00251087883624703,0.584603151070728,7.14940216497319,7.67121332500502,1,0.1,1.5
1963,73,0.0104302392195847,0.000632839713423202,0.0541035931244297,0.0024878443551611,0.589858454836744,7.70371998616478,8.26107177984177,1,0.1,1.5
1963,72,0.010943330463636,0.000627070044118338,0.0546280131885183,0.00246326619890804,0.595035903096048,8.26356637213357,8.85610768293781,1,0.1,1.5
1963,71,0.0114363299740136,0.000620915903659841,0.0551486564970547,0.00243716230319513,0.60013654832118,8.82888631612339,9.45624423125899,1,0.1,1.5
1963,70,0.0119049406274879,0.000614381555451634,0.0556659059323648,0.00240955159668617,0.605161667630102,9.39962581808654,10.0614058988891,1,0.1,1.5
1963,69,0.0123448861905648,0.000607471451013886,0.0561801603893981,0.00238045372597074,0.610112724330744,9.9757320606177,10.6715186232198,1,0.1,1.5
1963,68,0.0127519454795913,0.000600190162042844,0.0566918287007643,0.00234988878425456,0.61499132538953,10.5571535462322,11.2865099486094,1,0.1,1.5
1963,67,0.0131219875903563,0.000592542314133253,0.0572013230855002,0.00231787704779891,0.619799174977509,11.1438401919554,11.9063091235869,1,0.1,1.5
1963,66,0.0134510081719988,0.000584532529463231,0.0577090527718049,0.0022844387487244,0.624538031061505,11.7357433837494,12.5308471546484,1,0.1,1.5
1963,65,0.0137351630507112,0.000576165333207273,0.0582154133713455,0.00224959370750658,0.629209615377048,12.3328159461621,13.1600567700254,1,0.1,1.5
1963,64,0.0139708242108946,0.00056744178196521,0.0587204244654367,0.00221334818836452,0.633811805115061,12.9350084914434,13.7938685751405,1,0.1,1.5
1963,63,0.0141566193856268,0.000558361258345803,0.0592237348530349,0.00217570197077706,0.638340164096278,13.5422671988143,14.4322087392368,1,0.1,1.5
1963,62,0.0142935557971787,0.00054892662227779,0.059725156378255,0.0021366684371894,0.642793702020438,14.1545370660177,15.0750024412572,1,0.1,1.5
1963,61,0.0143819976631218,0.000539140003662782,0.060224433189109,0.00209625814192923,0.647170275254502,14.7717607963875,15.7221727165117,1,0.1,1.5
1963,60,0.014422593205688,0.000529003677117005,0.0607212649620362,0.0020544822300544,0.651467494672292,15.3938785449162,16.373640211184,1,0.1,1.5
1963,59,0.0144162531860736,0.000518520102605009,0.0612153087987071,0.00201135259724498,0.655682733002575,16.0208276693867,17.0293229441866,1,0.1,1.5
1963,58,0.014364130186679,0.000507691982307337,0.0617061831742458,0.00196688211206655,0.659813154243316,16.6525425077433,17.6891360984299,1,0.1,1.5
1963,57,0.0142675880575216,0.000496522327649338,0.0621934743862537,0.00192108487643219,0.663855762174028,17.288954200254,18.3529918606039,1,0.1,1.5
1963,56,0.0141281581999049,0.00048500937970386,0.0626760590017937,0.00187395661338239,0.667800264710851,17.9299836562023,19.0207921253148,1,0.1,1.5
1963,55,0.0139511180168428,0.000473194169921471,0.0631582745346729,0.00182565820185687,0.671696263845603,18.5755990885928,19.6924883891604,1,0.1,1.5
1963,54,0.0137134382863921,0.000463580810273754,0.0639979572243564,0.00178583028947615,0.679269533815461,19.22935676113,20.3717579229758,1,0.1,1.5
1963,53,0.0115438072833821,0.000449295135683331,0.0643563402816163,0.00172799446978222,0.680437860977854,19.8851089868253,21.0521957839537,1,0.1,1.5
1963,52,0.230876145667642,0.00557494920688037,1.20803772886723,0.0209735963406518,12.5896670160527,32.1751531980115,33.6418628000064,20,0.1,1.5
1963,51,0.230876145667642,0.000836015627417367,1.06676711082195,0.00266131298953879,10.8679674519321,43.0051018929502,44.5098302519385,20,0.1,1.5
1963,50,0.230876145667642,5.40973240719196e-18,1.1851633755937,0,12.0055511863821,55.0106530793323,56.5153814383206,20,0.1,1.5
1963,49,0.230876145667642,7.75843450946557e-52,1.30648355680488,0,13.2187529984938,68.2294060778262,69.7341344368145,20,0.1,1.5
1963,48,0.230876145667642,4.03362672442067e-74,1.39303147636999,0,14.084232194145,82.3136382719712,83.8183666309595,20,0.1,1.5
1963,47,0.230876145667642,3.5675475847651e-76,1.39692848543164,0,14.1232022847615,96.4368405567327,97.941568915721,20,0.1,1.5
1963,46,0.230876145667642,3.56754758476514e-116,1.39413728103308,0,14.0952902407759,110.532130797509,112.036859156497,20,0.1,1.5
1963,45,0.230876145667642,3.56754758476519e-156,1.39135165374321,0,14.0674339678772,124.599564765386,126.104293124374,20,0.1,1.5
1963,44,0.230876145667642,3.56754758476523e-196,1.3885715924184,0,14.0396333546291,138.639198120015,140.143926479003,20,0.1,1.5
1963,43,0.230876145667642,3.56754758476528e-236,1.38579708593729,0,14.0118882898179,152.651086409833,154.155814768821,20,0.1,1.5
1963,42,0.230876145667642,3.56754758476532e-276,1.38302812320074,0,13.9841986624525,166.635285072285,168.140013431274,20,0.1,1.5
1963,41,0.230876145667642,3.56754758507384e-316,1.38026469313179,0,13.956564361763,180.591849434048,182.096577793036,20,0.1,1.5
1963,40,0.230876145667642,0,1.37750678467561,0,13.9289852772012,194.520834711249,196.025563070238,20,0.1,1.5
1963,39,0.230876145667642,0,1.37475438679946,0,13.9014612984397,208.422296009689,209.927024368677,20,0.1,1.5
1963,38,0.230876145667642,0,1.37200748849264,0,13.8739923153715,222.29628832506,223.801016684049,20,0.1,1.5
1963,37,0.230876145667642,0,1.36926607876646,0,13.8465782181097,236.14286654317,237.647594902159,20,0.1,1.5
1963,36,0.230876145667642,0,1.36653014665418,0,13.8192188969869,249.962085440157,251.466813799145,20,0.1,1.5
1963,35,0.230876145667642,0,1.36379968121096,0,13.7919142425547,263.753999682712,265.2587280417,20,0.1,1.5
1963,34,0.230876145667642,0,1.36107467151387,0,13.7646641455838,277.518663828296,279.023392187284,20,0.1,1.5
1963,33,0.230876145667642,0,1.35835510666175,0,13.7374684970626,291.256132325358,292.760860684346,20,0.1,1.5
1963,32,0.230876145667642,0,1.35564097577526,0,13.7103271881977,304.966459513556,306.471187872544,20,0.1,1.5
1963,31,0.230876145667642,0,1.35293226799679,0,13.683240110413,318.649699623969,320.154427982957,20,0.1,1.5
1963,30,0.230876145667642,0,1.35022897249042,0,13.6562071553493,332.305906779318,333.810635138306,20,0.1,1.5
1963,29,0.230876145667642,0,1.34753107844188,0,13.6292282148639,345.935134994182,347.43986335317,20,0.1,1.5
1963,28,0.230876145667642,0,1.34483857505851,0,13.6023031810302,359.537438175212,361.042166534201,20,0.1,1.5
1963,27,0.230876145667642,0,1.34215145156922,0,13.5754319461373,373.11287012135,374.617598480338,20,0.1,1.5
1963,26,0.230876145667642,0,1.33946969722444,0,13.5486144026895,386.661484524039,388.166212883027,20,0.1,1.5
1963,25,0.230876145667642,0,1.33679330129607,0,13.5218504434058,400.183334967445,401.688063326433,20,0.1,1.5
1963,24,0.230876145667642,0,1.33412225307745,0,13.4951399612196,413.678474928665,415.183203287653,20,0.1,1.5
1963,23,0.230876145667642,0,1.33145654188333,0,13.4684828492783,427.146957777943,428.651686136931,20,0.1,1.5
1963,22,0.230876145667642,0,1.32879615704977,0,13.4418790009428,440.588836778886,442.093565137874,20,0.1,1.5
1963,21,0.230876145667642,0,1.32614108793419,0,13.415328309787,454.004165088673,455.508893447661,20,0.1,1.5
1963,20,0.230876145667642,0,1.32349132391523,0,13.3888306695974,467.39299575827,468.897724117258,20,0.1,1.5
1963,19,0.230876145667642,0,1.32084685439277,0,13.3623859743728,480.755381732643,482.260110091631,20,0.1,1.5
1963,18,0.230876145667642,0,1.31820766878789,0,13.335994118324,494.091375850967,495.596104209955,20,0.1,1.5
1963,17,0.230876145667642,0,1.31557375654276,0,13.3096549958727,507.40103084684,508.905759205828,20,0.1,1.5
1963,16,0.230876145667642,0,1.3129451071207,0,13.2833685016521,520.684399348492,522.18912770748,20,0.1,1.5
1963,15,0.230876145667642,0,1.31032171000604,0,13.2571345305055,533.941533878997,535.446262237985,20,0.1,1.5
1963,14,0.230876145667642,0,1.30770355470414,0,13.2309529774865,547.172486856484,548.677215215472,20,0.1,1.5
1963,13,0.230876145667642,0,1.30509063074134,0,13.2048237378585,560.377310594342,561.88203895333,20,0.1,1.5
1963,12,0.230876145667642,0,1.30248292766489,0,13.178746707094,573.556057301436,575.060785660424,20,0.1,1.5
1963,11,0.230876145667642,0,1.29988043504292,0,13.1527217808743,586.708779082311,588.213507441299,20,0.1,1.5
1963,10,0.230876145667642,0,1.29728314246443,0,13.1267488550894,599.8355279374,601.340256296388,20,0.1,1.5
1963,9,0.230876145667642,0,1.29469103953919,0,13.100827825837,612.936355763237,614.441084122225,20,0.1,1.5
1963,8,0.230876145667642,0,1.29210411589777,0,13.0749585894228,626.01131435266,627.516042711648,20,0.1,1.5
1963,7,0.230876145667642,0,1.28952236119142,0,13.0491410423593,639.060455395019,640.565183754007,20,0.1,1.5
1963,6,0.230876145667642,0,1.2869457650921,0,13.023375081366,652.083830476385,653.588558835373,20,0.1,1.5
1963,5,0.230876145667642,0,1.28437431729237,0,12.9976606033688,665.081491079754,666.586219438742,20,0.1,1.5
1963,4,0.230876145667642,0,1.28180800750542,0,12.9719975054993,678.053488585253,679.558216944241,20,0.1,1.5
1963,3,0.230876145667642,0,1.27924682546499,0,12.946385685095,690.999874270348,692.504602629336,20,0.1,1.5
1963,2,0.0115438072833821,0,0.000543569630066875,0,0.0131315678229235,691.013005838171,692.517734197159,1,0.1,1.5
1963,1,150,0,1.29152264950359,0,112.915226495036,803.928232333207,805.432960692195,99999,0.1,1.5
1964,89,0.00134841444488856,0.0464695522628737,0.0464695522628737,0,0.930289988220732,0,0,1,0.1,1.5
1964,88,0.00170280607384191,0.000464174724262553,0.0464128306790126,0.00266069959125967,0.507915252242832,0.46990525808198,0.507915252242832,1,0.1,1.5
1964,87,0.00209388679772291,0.000668625026241739,0.0470145897236428,0.00267015056684591,0.51637308012846,0.948133330112641,1.02428833237129,1,0.1,1.5
1964,86,0.00252911276352324,0.000672945794741755,0.0476098316082484,0.00266661063231217,0.522608286810043,1.43264717931822,1.54689661918134,1,0.1,1.5
1964,85,0.00302291307004381,0.000672057465864239,0.0481955621564898,0.00266110103035743,0.528707200608676,1.92333865092179,2.07560381979001,1,0.1,1.5
1964,84,0.00357226601493947,0.000670632538789677,0.0487717691237287,0.00265388293328382,0.534718140634436,2.4201441782236,2.61032196042445,1,0.1,1.5
1964,83,0.00417217271569693,0.000668784330256439,0.0493387898241401,0.00264497361300605,0.540642527349754,2.9230013682447,3.1509644877742,1,0.1,1.5
1964,82,0.00481565734026768,0.000666520067565444,0.0498972582699453,0.00263439355535909,0.54648241524994,3.43184958984665,3.69744690302414,1,0.1,1.5
1964,81,0.00549378725136755,0.000663846484650943,0.0504480990660337,0.00262217122898753,0.552241569326628,3.94663157018775,4.24968847235077,1,0.1,1.5
1964,80,0.00617346163419549,0.000660750932221336,0.0509923472937846,0.00260825880028202,0.557907463353552,4.46727819353727,4.80759593570432,1,0.1,1.5
1964,79,0.00684460455639497,0.000657246321644699,0.0515314314117255,0.00259270946070616,0.563488553619482,4.99372804057523,5.3710844893238,1,0.1,1.5
1964,78,0.00751361466098227,0.000653363596730113,0.052067197921284,0.00257564735069612,0.569009653773598,5.52594273219603,5.9400941430974,1,0.1,1.5
1964,77,0.00816621169751122,0.000649115765162256,0.0526015809594044,0.00255712559311976,0.574481473993337,6.06389384057337,6.51457561709074,1,0.1,1.5
1964,76,0.0087871703769529,0.000644515758120008,0.0531366522827334,0.00253719685678017,0.579915463375743,6.60756363456654,7.09449108046648,1,0.1,1.5
1964,75,0.00936087758225378,0.000639520339970824,0.0536697880688703,0.00251569278374439,0.585272137482453,7.15689730370979,7.67976321794893,1,0.1,1.5
1964,74,0.00990134123530219,0.00063410191811057,0.0541973972259972,0.00249250715103275,0.590523130612699,7.71181318930773,8.27028634856163,1,0.1,1.5
1964,73,0.0104302392195847,0.000628289485924507,0.0547201438539075,0.00246775637663544,0.59569148873474,8.27225101551911,8.86597783729637,1,0.1,1.5
1964,72,0.010943330463636,0.000622087250168194,0.0552383669369265,0.00244145924933882,0.60077808478964,8.83815111103248,9.46675592208601,1,0.1,1.5
1964,71,0.0114363299740136,0.000615499734835381,0.0557524322072037,0.0024136357892814,0.605784050678515,9.40945465043555,10.0725399727645,1,0.1,1.5
1964,70,0.0119049406274879,0.000608531714726058,0.0562627272409431,0.00238430698048174,0.61071074493428,9.98610386707723,10.6832507176988,1,0.1,1.5
1964,69,0.0123448861905648,0.000601188146002823,0.0567696558048518,0.00235349449261431,0.61555971353008,10.5680422307128,11.2988104312289,1,0.1,1.5
1964,68,0.0127519454795913,0.00059347409768407,0.0572736317139578,0.00232122040765881,0.620332646640796,11.1552145858156,11.9191430778697,1,0.1,1.5
1964,67,0.0131219875903563,0.00058539468509106,0.0577750722151414,0.00228750695548247,0.625031331521835,11.7475672465449,12.5441744093915,1,0.1,1.5
1964,66,0.0134510081719988,0.000576955012475733,0.0582743915537088,0.00225237628663363,0.629657608537944,12.345048050988,13.1738320179295,1,0.1,1.5
1964,65,0.0137351630507112,0.000568160080208719,0.058771990256885,0.00221585010829054,0.634213280285086,12.9476063297261,13.8080452982145,1,0.1,1.5
1964,64,0.0139708242108946,0.000559011464910781,0.0592678894700813,0.00217793675653698,0.638696274393427,13.5551892218833,14.446741572608,1,0.1,1.5
1964,63,0.0141566193856268,0.000549509105277723,0.0597617379722439,0.00213863822726364,0.643102191707495,14.1677394389156,15.0898437643155,1,0.1,1.5
1964,62,0.0142935557971787,0.000539656375520128,0.0602533509719145,0.00209796993698806,0.647430109772295,14.7851985495881,15.7372738740878,1,0.1,1.5
1964,61,0.0143819976631218,0.000529455935518935,0.0607424752812723,0.00205594453436119,0.651677946815154,15.4075058601981,16.3889518209029,1,0.1,1.5
1964,60,0.014422593205688,0.000518910594284769,0.0612288133930536,0.00201257527122736,0.655843377313757,16.0345981622086,17.0447951982167,1,0.1,1.5
1964,59,0.0144162531860736,0.000508023350337295,0.0617120254171385,0.00196787616133717,0.659923839722671,16.6664094853407,17.7047190379393,1,0.1,1.5
1964,58,0.014364130186679,0.000496797447839712,0.062191733083945,0.0019218621994895,0.663916566387388,17.3028708774497,18.3686356043267,1,0.1,1.5
1964,57,0.0142675880575216,0.000485236442384541,0.0626675262579231,0.00187454961681287,0.667818632614941,17.9439102298244,19.0364542369417,1,0.1,1.5
1964,56,0.0141281581999049,0.000473339247142636,0.0631382805492392,0.00182593678543613,0.671619781317604,18.5894451999215,19.7080740182593,1,0.1,1.5
1964,55,0.0139511180168428,0.000461146492163432,0.0636083732576836,0.00177618281808591,0.675369983101403,19.2394411427646,20.3834440013607,1,0.1,1.5
1964,54,0.0137134382863921,0.000451093380471774,0.064438015001003,0.00173464608208263,0.682814034321142,19.8974745187702,21.0662580356818,1,0.1,1.5
1964,53,0.0115438072833821,0.000436491568802389,0.0647819032650337,0.00167560973370369,0.683817101770668,20.5573543386308,21.7500751374525,1,0.1,1.5
1964,52,0.230876145667642,0.00529914857723174,1.21316032417951,0.0198613182380212,12.6222452756985,32.8958664966433,34.372320413151,20,0.1,1.5
1964,51,0.230876145667642,0.000673688403658871,1.06732576235825,0.00208708158972616,10.863727389346,43.7297784347075,45.236047802497,20,0.1,1.5
1964,50,0.230876145667642,5.40973240719196e-20,1.18504485925614,0,12.0043660230065,55.734144457714,57.2404138255035,20,0.1,1.5
1964,49,0.230876145667642,7.75843450946557e-54,1.30635290844919,0,13.217446514937,68.9515909726511,70.4578603404406,20,0.1,1.5
1964,48,0.230876145667642,4.03362672442068e-76,1.39289217322236,0,14.0828391626686,83.0344301353197,84.5406995031092,20,0.1,1.5
1964,47,0.230876145667642,3.5675475847651e-78,1.3967887925831,0,14.1218053562761,97.1562354915958,98.6625048593853,20,0.1,1.5
1964,46,0.230876145667642,3.56754758476514e-118,1.39399786730498,0,14.0938961034949,111.250131595091,112.75640096288,20,0.1,1.5
1964,45,0.230876145667642,3.56754758476519e-158,1.39121251857783,0,14.0660426162234,125.316174211314,126.822443579104,20,0.1,1.5
1964,44,0.230876145667642,3.56754758476523e-198,1.38843273525915,0,14.0382447830366,139.354418994351,140.86068836214,20,0.1,1.5
1964,43,0.230876145667642,3.56754758476528e-238,1.38565850622869,0,14.010502492732,153.364921487083,154.871190854872,20,0.1,1.5
1964,42,0.230876145667642,3.56754758476533e-278,1.38288982038842,0,13.9828156343293,167.347737121412,168.854006489202,20,0.1,1.5
1964,41,0.230876145667642,3.56754921549047e-318,1.38012666666247,0,13.9551840970698,181.302921218482,182.809190586271,20,0.1,1.5
1964,40,0.230876145667642,0,1.37736903399714,0,13.9276077704165,195.230528988898,196.736798356688,20,0.1,1.5
1964,39,0.230876145667642,0,1.37461691136078,0,13.9000865440529,209.130615532951,210.636884900741,20,0.1,1.5
1964,38,0.230876145667642,0,1.37187028774379,0,13.872620307883,223.003235840834,224.509505208624,20,0.1,1.5
1964,37,0.230876145667642,0,1.36912915215858,0,13.8452089520309,236.848444792865,238.354714160655,20,0.1,1.5
1964,36,0.230876145667642,0,1.36639349363951,0,13.8178523668402,250.666297159705,252.172566527495,20,0.1,1.5
1964,35,0.230876145667642,0,1.36366330124284,0,13.7905504428735,264.456847602579,265.963116970368,20,0.1,1.5
1964,34,0.230876145667642,0,1.36093856404671,0,13.7633030709122,278.220150673491,279.726420041281,20,0.1,1.5
1964,33,0.230876145667642,0,1.35821927115108,0,13.7361101419559,291.956260815447,293.462530183236,20,0.1,1.5
1964,32,0.230876145667642,0,1.35550541167768,0,13.7089715472219,305.665232362669,307.171501730458,20,0.1,1.5
1964,31,0.230876145667642,0,1.35279697476999,0,13.681887178145,319.347119540814,320.853388908603,20,0.1,1.5
1964,30,0.230876145667642,0,1.35009394959317,0,13.6548569263768,333.001976467191,334.50824583498,20,0.1,1.5
1964,29,0.230876145667642,0,1.34739632533403,0,13.6278806837854,346.629857150976,348.136126518766,20,0.1,1.5
1964,28,0.230876145667642,0,1.34470409120101,0,13.6009583424551,360.230815493431,361.737084861221,20,0.1,1.5
1964,27,0.230876145667642,0,1.34201723642407,0,13.5740897946857,373.804905288117,375.311174655907,20,0.1,1.5
1964,26,0.230876145667642,0,1.33933575025472,0,13.5472749329923,387.35218022111,388.858449588899,20,0.1,1.5
1964,25,0.230876145667642,0,1.33665962196594,0,13.5205136501045,400.872693871214,402.378963239003,20,0.1,1.5
1964,24,0.230876145667642,0,1.33398884085214,0,13.4938058389665,414.366499710181,415.87276907797,20,0.1,1.5
1964,23,0.230876145667642,0,1.33132339622914,0,13.4671513927365,427.833651102917,429.339920470706,20,0.1,1.5
1964,22,0.230876145667642,0,1.32866327743407,0,13.4405502047858,441.274201307703,442.780470675492,20,0.1,1.5
1964,21,0.230876145667642,0,1.32600847382539,0,13.414002168699,454.688203476402,456.194472844191,20,0.1,1.5
1964,20,0.230876145667642,0,1.32335897478284,0,13.3875071782735,468.075710654676,469.581980022465,20,0.1,1.5
1964,19,0.230876145667642,0,1.32071476970734,0,13.3610651275184,481.436775782194,482.943045149983,20,0.1,1.5
1964,18,0.230876145667642,0,1.31807584802101,0,13.3346759106552,494.771451692849,496.277721060638,20,0.1,1.5
1964,17,0.230876145667642,0,1.31544219916711,0,13.3083394221162,508.079791114965,509.586060482754,20,0.1,1.5
1964,16,0.230876145667642,0,1.31281381260999,0,13.282055556545,521.36184667151,522.868116039299,20,0.1,1.5
1964,15,0.230876145667642,0,1.31019067783504,0,13.2558242087955,534.617670880306,536.123940248095,20,0.1,1.5
1964,14,0.230876145667642,0,1.30757278434867,0,13.2296452739318,547.847316154238,549.353585522027,20,0.1,1.5
1964,13,0.230876145667642,0,1.30496012167827,0,13.2035186472278,561.050834801465,562.557104169254,20,0.1,1.5
1964,12,0.230876145667642,0,1.30235267937212,0,13.1774442241663,574.228279025632,575.734548393421,20,0.1,1.5
1964,11,0.230876145667642,0,1.29975044699942,0,13.1514219004393,587.379700926071,588.88597029386,20,0.1,1.5
1964,10,0.230876145667642,0,1.29715341415018,0,13.1254515719469,600.505152498018,602.011421865807,20,0.1,1.5
1964,9,0.230876145667642,0,1.29456157043524,0,13.0995331347975,613.604685632815,615.110955000604,20,0.1,1.5
1964,8,0.230876145667642,0,1.29197490548618,0,13.0736664853069,626.678352118122,628.184621485911,20,0.1,1.5
1964,7,0.230876145667642,0,1.2893934089553,0,13.0478515199981,639.72620363812,641.23247300591,20,0.1,1.5
1964,6,0.230876145667642,0,1.28681707051559,0,13.022088135601,652.748291773721,654.25456114151,20,0.1,1.5
1964,5,0.230876145667642,0,1.28424587986064,0,12.9963762290515,665.744668002773,667.250937370562,20,0.1,1.5
1964,4,0.230876145667642,0,1.28167982670467,0,12.9707156974918,678.715383700264,680.221653068054,20,0.1,1.5
1964,3,0.230876145667642,0,1.27911890078244,0,12.9451064382695,691.660490138534,693.166759506323,20,0.1,1.5
1964,2,0.0115438072833821,0,0.000543515273103868,0,0.0131310242532934,691.673621162787,693.179890530577,1,0.1,1.5
1964,1,150,0,1.29139349723864,0,112.913934972386,804.587556135174,806.093825502963,99999,0.1,1.5
1965,90,0.0010414617850305,0.0465171422405571,0.0465171422405571,0,0.931037152667828,0,0,1,0.1,1.5
1965,89,0.00134841444488856,0.000464695522628737,0.0464649053076474,0.00266490814265392,0.508265067589648,0.47019495126602,0.508265067589648,1,0.1,1.5
1965,88,0.00170280607384191,0.000669816645057543,0.0470733642937597,0.00267459009257235,0.516775443331291,0.94876196470342,1.02504051092094,1,0.1,1.5
1965,87,0.00209388679772291,0.000674223891973894,0.0476774259063819,0.00267131270061276,0.523074032524127,1.43367438721879,1.54811454344507,1,0.1,1.5
1965,86,0.00252911276352324,0.000673382116025459,0.0482717232831656,0.00266598080191494,0.529222569194949,1.92481151638639,2.07733711264001,1,0.1,1.5
1965,85,0.00302291307004381,0.000671995832248001,0.0488560178578635,0.00265891111148806,0.535279856730974,2.42210692866753,2.61261696937099,1,0.1,1.5
1965,84,0.00357226601493947,0.000670177058708851,0.0494303626801373,0.00265011366383493,0.541245674691301,2.92549383673262,3.15386264406229,1,0.1,1.5
1965,83,0.00417217271569693,0.000667931246554076,0.0499950993484092,0.00263960193439064,0.547120353489487,3.43490559115938,3.70098299755178,1,0.1,1.5
1965,82,0.00481565734026768,0.000665263589515427,0.0505508669329581,0.00262739839903713,0.552906006294968,3.95027733461096,4.25388900384675,1,0.1,1.5
1965,81,0.00549378725136755,0.000662181272093393,0.051098597063374,0.00261353360840686,0.558606502594731,4.47154764279988,4.81249550644148,1,0.1,1.5
1965,80,0.00617346163419549,0.000658672209392718,0.0516393127591257,0.00259796209066176,0.564209234926959,4.99864313357453,5.37670474136844,1,0.1,1.5
1965,79,0.00684460455639497,0.000654749828392987,0.0521744556337609,0.00258073911827308,0.569722826015417,5.53149825790033,5.94642756738385,1,0.1,1.5
1965,78,0.00751361466098227,0.00065044547364133,0.052705903039166,0.00256199039258298,0.575172424319913,6.07007081946906,6.52159999170377,1,0.1,1.5
1965,77,0.00816621169751122,0.000645772555931562,0.0532356021995884,0.00254177065537941,0.580568898049437,6.61432870815593,7.1021688897532,1,0.1,1.5
1965,76,0.0087871703769529,0.000640744371776244,0.0537656378317002,0.00252013403888514,0.585923850460616,7.16425064377533,7.68809274021382,1,0.1,1.5
1965,75,0.00936087758225378,0.000635318399335807,0.0542933442859995,0.00249691521137252,0.591197429213511,7.71977785568352,8.27929016942733,1,0.1,1.5
1965,74,0.00990134123530219,0.000629467806939293,0.0548151042740328,0.00247201111440012,0.596361059458019,8.28082447065011,8.87565122888535,1,0.1,1.5
1965,73,0.0104302392195847,0.000623221989018106,0.055331610933681,0.0024455397118035,0.60143810363724,8.84732629269016,9.47708933252259,1,0.1,1.5
1965,72,0.010943330463636,0.000616585684836386,0.0558432079125675,0.00241752193540004,0.606429517265035,9.41921978230662,10.0835188497876,1,0.1,1.5
1965,71,0.0114363299740136,0.000609563944668704,0.0563502659113034,0.00238797991763717,0.611336517365785,9.99644230084902,10.6948553671534,1,0.1,1.5
1965,70,0.0119049406274879,0.000602162062267697,0.0568531777133395,0.00235693671992792,0.616160549411462,10.5789323256901,11.3110159165649,1,0.1,1.5
1965,69,0.0123448861905648,0.000594385504613606,0.0573523524624249,0.00232441605143996,0.620903247389428,11.1666296294875,11.9319191639543,1,0.1,1.5
1965,68,0.0127519454795913,0.000586239842891542,0.0578482094527011,0.00229044199394248,0.625566389855785,11.7594754194298,12.5574855538101,1,0.1,1.5
1965,67,0.0131219875903563,0.000577730685721528,0.0583411714467905,0.00225503873678764,0.63015185214899,12.3574124324819,13.1876374059591,1,0.1,1.5
1965,66,0.0134510081719988,0.000568863621783164,0.0588316581862118,0.00221823034994546,0.634661561860503,12.9603849893431,13.8222989678196,1,0.1,1.5
1965,65,0.0137351630507112,0.000559644127874723,0.059320075584932,0.00218004042380097,0.639097407120936,13.5683389618383,14.4613963749405,1,0.1,1.5
1965,64,0.0139708242108946,0.000550074303783353,0.0598064468702686,0.00214047937059129,0.643457371270515,14.1812180563861,15.104853746211,1,0.1,1.5
1965,63,0.0141566193856268,0.000540154647868686,0.0602904213552626,0.00209955140857228,0.64773709783943,14.7989615626745,15.7525908440505,1,0.1,1.5
1965,62,0.0142935557971787,0.000529889048002217,0.0607718181210643,0.00205727397729094,0.651935737135798,15.4215076715633,16.4045265811863,1,0.1,1.5
1965,61,0.0143819976631218,0.000519280692945487,0.0612503871673345,0.00201366180677057,0.656051274284461,16.0487923486082,17.0605778554707,1,0.1,1.5
1965,60,0.014422593205688,0.000508332923749688,0.0617258343295211,0.00196873023763705,0.660081452350363,16.680749083278,17.7206593078211,1,0.1,1.5
1965,59,0.0144162531860736,0.000497049273837665,0.062197823254931,0.00192249537850876,0.664023780438052,17.3173086440231,18.3846830882591,1,0.1,1.5
1965,58,0.014364130186679,0.000485433524350772,0.062665979460509,0.00187497432180946,0.667875564094138,17.9583988606628,19.0525586523533,1,0.1,1.5
1965,57,0.0142675880575216,0.000473489768627062,0.0631298969095005,0.00182618539363186,0.671633954919126,18.6039444528158,19.7241926072724,1,0.1,1.5
1965,56,0.0141281581999049,0.000461217588830459,0.0635884509175433,0.00177612959403667,0.675288737111817,19.2538599100128,20.3994813443842,1,0.1,1.5
1965,55,0.0139511180168428,0.000448657169443112,0.0640460581248793,0.00172496408624459,0.678890242376995,19.9081078083006,21.0783715867612,1,0.1,1.5
1965,54,0.0137134382863921,0.000438172454325375,0.0648652327200236,0.00168175571362498,0.686201425557632,20.570284152235,21.7645730123188,1,0.1,1.5
1965,53,0.0115438072833821,0.000423267349113946,0.0651943275081331,0.0016215744820256,0.687037169837948,21.2341559723297,22.4516101821568,1,0.1,1.5
1965,52,0.230876145667642,0.00501832104527762,1.2180043377066,0.0187301086393608,12.6517169985261,33.6182999902935,35.1033271806829,20,0.1,1.5
1965,51,0.230876145667642,0.000528507281468128,1.06774080017945,0.00158151086335105,10.8592035173878,44.4549104953477,45.9625306980707,20,0.1,1.5
1965,50,0.230876145667642,5.40973240719196e-22,1.18492635477022,0,12.0031809781473,56.458091473495,57.965711676218,20,0.1,1.5
1965,49,0.230876145667642,7.75843450946558e-56,1.30622227315835,0,13.2161401620286,69.6742316355236,71.1818518382466,20,0.1,1.5
1965,48,0.230876145667642,4.03362672442068e-78,1.39275288400503,0,14.0814462704954,83.755677906019,85.263298108742,20,0.1,1.5
1965,47,0.230876145667642,3.5675475847651e-80,1.39664911370384,0,14.1204085674835,97.8760864735025,99.3837066762255,20,0.1,1.5
1965,46,0.230876145667642,3.56754758476514e-120,1.39385846751825,0,14.0925021056276,111.96858857913,113.476208781853,20,0.1,1.5
1965,45,0.230876145667642,3.56754758476519e-160,1.39107339732598,0,14.0646514037048,126.033239982835,127.540860185558,20,0.1,1.5
1965,44,0.230876145667642,3.56754758476524e-200,1.38829389198563,0,14.0368563503014,140.070096333136,141.577716535859,20,0.1,1.5
1965,43,0.230876145667642,3.56754758476528e-240,1.38551994037807,0,14.0091168342258,154.079213167362,155.586833370085,20,0.1,1.5
1965,42,0.230876145667642,3.56754758476533e-280,1.38275153140638,0,13.9814327445089,168.060645911871,169.568266114594,20,0.1,1.5
1965,41,0.230876145667642,3.56764802861964e-320,1.37998865399581,0,13.9538039704032,182.014449882274,183.522070084997,20,0.1,1.5
1965,40,0.230876145667642,0,1.37723129709374,0,13.9262304013825,195.940680283657,197.44830048638,20,0.1,1.5
1965,39,0.230876145667642,0,1.37447944966964,0,13.8987119271415,209.839392210798,211.347012413521,20,0.1,1.5
1965,38,0.230876145667642,0,1.37173310071502,0,13.8712484375953,223.710640648393,225.218260851116,20,0.1,1.5
1965,37,0.230876145667642,0,1.36899223924337,0,13.8438398228788,237.554480471272,239.062100673995,20,0.1,1.5
1965,36,0.230876145667642,0,1.36625685429015,0,13.8164859733466,251.370966444619,252.878586647342,20,0.1,1.5
1965,35,0.230876145667642,0,1.36352693491272,0,13.7891867795723,265.160153224191,266.667773426914,20,0.1,1.5
1965,34,0.230876145667642,0,1.36080247019031,0,13.7619421323482,278.922095356539,280.429715559262,20,0.1,1.5
1965,33,0.230876145667642,0,1.35808344922397,0,13.7347519226848,292.656847279224,294.164467481947,20,0.1,1.5
1965,32,0.230876145667642,0,1.35536986113652,0,13.7076160418103,306.364463321034,307.872083523757,20,0.1,1.5
1965,31,0.230876145667642,0,1.35266169507251,0,13.6805343811702,320.044997702205,321.552617904927,20,0.1,1.5
1965,30,0.230876145667642,0,1.34995894019821,0,13.6535068324272,333.698504534632,335.206124737355,20,0.1,1.5
1965,29,0.230876145667642,0,1.3472615857015,0,13.6265332874601,347.325037822092,348.832658024815,20,0.1,1.5
1965,28,0.230876145667642,0,1.34456962079188,0,13.5996136383639,360.924651460456,362.432271663179,20,0.1,1.5
1965,27,0.230876145667642,0,1.34188303470042,0,13.5727477774493,374.497399237905,376.005019440628,20,0.1,1.5
1965,26,0.230876145667642,0,1.33920181667969,0,13.545935597242,388.043334835147,389.55095503787,20,0.1,1.5
1965,25,0.230876145667642,0,1.33652595600374,0,13.5191769904825,401.56251182563,403.070132028353,20,0.1,1.5
1965,24,0.230876145667642,0,1.33385544196806,0,13.4924718501257,415.054983675756,416.562603878478,20,0.1,1.5
1965,23,0.230876145667642,0,1.33119026388951,0,13.4658200693402,428.520803745096,430.028423947819,20,0.1,1.5
1965,22,0.230876145667642,0,1.32853041110632,0,13.4392215415083,441.960025286604,443.467645489327,20,0.1,1.5
1965,21,0.230876145667642,0,1.32587587297801,0,13.4126761602252,455.372701446829,456.880321649552,20,0.1,1.5
1965,20,0.230876145667642,0,1.32322663888536,0,13.3861838192987,468.758885266128,470.266505468851,20,0.1,1.5
1965,19,0.230876145667642,0,1.32058269823036,0,13.3597444127487,482.118629678877,483.626249881599,20,0.1,1.5
1965,18,0.230876145667642,0,1.31794404043621,0,13.3333578348072,495.451987513684,496.959607716407,20,0.1,1.5
1965,17,0.230876145667642,0,1.31531065494719,0,13.307023979917,508.759011493601,510.266631696324,20,0.1,1.5
1965,16,0.230876145667642,0,1.31268253122873,0,13.2807427427323,522.039754236333,523.547374439056,20,0.1,1.5
1965,15,0.230876145667642,0,1.31005965876726,0,13.2545140181176,535.294268254451,536.801888457174,20,0.1,1.5
1965,14,0.230876145667642,0,1.30744202707024,0,13.2283377011475,548.522605955598,550.030226158321,20,0.1,1.5
1965,13,0.230876145667642,0,1.3048296256661,0,13.2022136871061,561.724819642705,563.232439845427,20,0.1,1.5
1965,12,0.230876145667642,0,1.30222244410418,0,13.1761418714869,574.900961514192,576.408581716914,20,0.1,1.5
1965,11,0.230876145667642,0,1.29962047195472,0,13.1501221499923,588.051083664184,589.558703866906,20,0.1,1.5
1965,10,0.230876145667642,0,1.29702369880877,0,13.1241544185328,601.175238082717,602.682858285439,20,0.1,1.5
1965,9,0.230876145667642,0,1.2944321142782,0,13.0982385732271,614.273476655944,615.781096858666,20,0.1,1.5
1965,8,0.230876145667642,0,1.29184570799563,0,13.0723745104014,627.345851166345,628.853471369068,20,0.1,1.5
1965,7,0.230876145667642,0,1.28926446961441,0,13.0465621265892,640.392413292934,641.900033495657,20,0.1,1.5
1965,6,0.230876145667642,0,1.28668838880853,0,13.0208013185304,653.413214611464,654.920834814187,20,0.1,1.5
1965,5,0.230876145667642,0,1.28411745527266,0,12.9950919831716,666.408306594636,667.915926797359,20,0.1,1.5
1965,4,0.230876145667642,0,1.281551658722,0,12.9694340176651,679.377740612301,680.885360815024,20,0.1,1.5
1965,3,0.230876145667642,0,1.27899098889236,0,12.9438273193687,692.32156793167,693.829188134393,20,0.1,1.5
1965,2,0.0115438072833821,0,0.000543460921576558,0,0.0131304807380203,692.334698412408,693.842318615131,1,0.1,1.5
1965,1,150,0,1.29126435788892,0,112.912643578889,805.247341991297,806.75496219402,99999,0.1,1.5
1966,91,0.000790773523234668,0.0465588592017387,0.0465588592017387,0,0.931704366383597,0,0,1,0.1,1.5
1966,90,0.0010414617850305,0.000465171422405571,0.046512490526333,0.00266860887584207,0.508593911284674,0.470470927344073,0.508593911284674,1,0.1,1.5
1966,89,0.00134841444488856,0.000670873990889768,0.0471264858527801,0.00267841428384626,0.517135602597761,0.94934346874403,1.02572951388243,1,0.1,1.5
1966,88,0.00170280607384191,0.000675345689593663,0.0477373044804734,0.00267531978612796,0.52348055983744,1.43460517449393,1.54921007371988,1,0.1,1.5
1966,87,0.00209388679772291,0.000674570414072929,0.0483404863389445,0.00267024573679371,0.529692859730471,1.92615166655592,2.07890293345035,1,0.1,1.5
1966,86,0.00252911276352324,0.000673229021638989,0.048933391311316,0.0026633501285486,0.535800137484498,2.42390394506115,2.61470307093484,1,0.1,1.5
1966,85,0.00302291307004381,0.000671447736194495,0.0495158600339498,0.00265469738530609,0.541812601442987,2.92779229814262,3.15651567237783,1,0.1,1.5
1966,84,0.00357226601493947,0.000669230186545822,0.050087948059828,0.00264429377809712,0.547728918541752,3.43774559128299,3.70424459091958,1,0.1,1.5
1966,83,0.00417217271569693,0.0006665797960632,0.050650000322072,0.00263215486270753,0.553549461982877,3.95369284094147,4.25779405290246,1,0.1,1.5
1966,82,0.00481565734026768,0.000663502235654437,0.0512026614460241,0.00261830530936375,0.559276436605969,4.4755649159851,4.81707048950843,1,0.1,1.5
1966,81,0.00549378725136755,0.000660005214822648,0.0517468706057694,0.00260277781236075,0.564913823216748,5.00329619902527,5.38198431272518,1,0.1,1.5
1966,80,0.00617346163419549,0.000656077244759367,0.0522836393505152,0.00258552937825083,0.570448941017222,5.53680900606748,5.9524332537424,1,0.1,1.5
1966,79,0.00684460455639497,0.000651732277852199,0.0528144229677658,0.00256661739149396,0.575890584896071,6.07603362822792,6.52832383863847,1,0.1,1.5
1966,78,0.00751361466098227,0.000647002052882157,0.0533411300470078,0.0025461690785278,0.581264241418523,6.62092402566747,7.10958808005699,1,0.1,1.5
1966,77,0.00816621169751122,0.000641900389404168,0.0538657213032133,0.00252424081501625,0.58658094112951,7.17144438372532,7.6961690211865,1,0.1,1.5
1966,76,0.0087871703769529,0.000636440953439048,0.0543902947776383,0.00250088820577496,0.591852445263622,7.72756985462073,8.28802146645013,1,0.1,1.5
1966,75,0.00936087758225378,0.000630581986836488,0.0549121437544141,0.00247594914176152,0.597038544492506,8.28923769708807,8.88506001094263,1,0.1,1.5
1966,74,0.00990134123530219,0.000624297456669423,0.0554276255422054,0.00244932387453229,0.602110465210363,8.85635782123369,9.487170476153,1,0.1,1.5
1966,73,0.0104302392195847,0.000617617147841056,0.0559374627005385,0.00242113186093927,0.60709188931027,9.42886211253054,10.0942623654633,1,0.1,1.5
1966,72,0.010943330463636,0.000610546340698373,0.0564420040756262,0.00239139620165237,0.611983860686418,10.0066831703362,10.7062462261497,1,0.1,1.5
1966,71,0.0114363299740136,0.000603090618855979,0.0569416258641215,0.00236014116106681,0.616787687113405,10.5897545551487,11.3230339132631,1,0.1,1.5
1966,70,0.0119049406274879,0.000595255800604656,0.0574367265755501,0.00232739189163289,0.621504906441295,11.1780110059952,11.9445388197044,1,0.1,1.5
1966,69,0.0123448861905648,0.000587047867906126,0.0579277212400386,0.00229317414991466,0.626137245919557,11.7713886212017,12.5706760656239,1,0.1,1.5
1966,68,0.0127519454795913,0.000578472896914536,0.0584150351302415,0.00225751401989383,0.630686577542152,12.3698249984596,13.2013626431661,1,0.1,1.5
1966,67,0.0131219875903563,0.000569536991054124,0.0588990970138427,0.00222043764764636,0.635154869599392,12.9732593302355,13.8365175127655,1,0.1,1.5
1966,66,0.0134510081719988,0.000560246223704197,0.0593803326078796,0.00218197101489397,0.639544141595656,13.5816324573327,14.4760616543611,1,0.1,1.5
1966,65,0.0137351630507112,0.00055060654722899,0.0598591536833237,0.00214213958307594,0.64385637171661,14.1948868350054,15.1199180260777,1,0.1,1.5
1966,64,0.0139708242108946,0.000540620585685657,0.0603355860682293,0.00210095583633786,0.64808960415124,14.8129627843518,15.768007630229,1,0.1,1.5
1966,63,0.0141566193856268,0.000530289398621757,0.0608092801652701,0.00205842621265752,0.652239530648253,15.4357962262478,16.4202471608772,1,0.1,1.5
1966,62,0.0142935557971787,0.000519617384802758,0.0612800594335749,0.00201457015475488,0.656305379021252,16.0633220316297,17.0765525398985,1,0.1,1.5
1966,61,0.0143819976631218,0.000508608258622099,0.0617476775803104,0.00196940445224985,0.660285206149261,16.6954728884611,17.7368377460478,1,0.1,1.5
1966,60,0.014422593205688,0.00049726588864676,0.0622118443054974,0.00192294650769035,0.664176828474144,17.3321790525396,18.4010145745219,1,0.1,1.5
1966,59,0.0144162531860736,0.000485594337365567,0.0626722273172328,0.00187521449248293,0.667977830467408,17.973368104543,19.0689924049893,1,0.1,1.5
1966,58,0.014364130186679,0.000473597915695872,0.0631284564430153,0.0018262275591923,0.67168559550955,18.6189647349212,19.7406780004989,1,0.1,1.5
1966,57,0.0142675880575216,0.000461281246094236,0.0635801302682175,0.00177600608576863,0.675297356025779,19.268890575436,20.4159753565246,1,0.1,1.5
1966,56,0.0141281581999049,0.000448644574397473,0.0640261244709607,0.00172455367000676,0.678802943586948,19.9230570380229,21.0947783001116,1,0.1,1.5
1966,55,0.0139511180168428,0.00043572759325558,0.064470894540628,0.00167202533539874,0.68225304290338,20.5814240047063,21.777031343015,1,0.1,1.5
1966,54,0.0137134382863921,0.000424820652949499,0.0652791851251578,0.00162718731695169,0.689427883071311,21.2476063546783,22.4664592260863,1,0.1,1.5
1966,53,0.0115438072833821,0.000409626293997539,0.0655932016958887,0.00156592133065675,0.690094456144785,21.9153305060994,23.1565536822311,1,0.1,1.5
1966,52,0.230876145667642,0.00473271037029298,1.22256506443267,0.0175811891721325,12.6780550237909,34.3422256845741,35.8346087060219,20,0.1,1.5
1966,51,0.230876145667642,0.000400662788652443,1.06802940381527,0.00114526292138742,10.8545789953612,45.1804437810583,46.6891877013831,20,0.1,1.5
1966,50,0.230876145667642,5.40973240719197e-24,1.18480786213474,0,12.0019960517925,57.1824398328508,58.6911837531757,20,0.1,1.5
1966,49,0.230876145667642,7.75843450946558e-58,1.30609165093103,0,13.2148339397554,70.3972737726063,71.9060176929311,20,0.1,1.5
1966,48,0.230876145667642,4.03362672442068e-80,1.39261360871663,0,14.0800535176114,84.4773272902177,85.9860712105425,20,0.1,1.5
1966,47,0.230876145667642,3.5675475847651e-82,1.39650944879247,0,14.1190119183698,98.5963392085875,100.105083128912,20,0.1,1.5
1966,46,0.230876145667642,3.56754758476515e-122,1.39371908167149,0,14.09110824716,112.687447455748,114.196191376072,20,0.1,1.5
1966,45,0.230876145667642,3.56754758476519e-162,1.39093428998624,0,14.0632603303075,126.750707786055,128.25945170638,20,0.1,1.5
1966,44,0.230876145667642,3.56754758476524e-202,1.38815506259643,0,14.0354680564094,140.786175842464,142.294919762789,20,0.1,1.5
1966,43,0.230876145667642,3.56754758476528e-242,1.38538138838403,0,14.0077313142854,154.79390715675,156.302651077075,20,0.1,1.5
1966,42,0.230876145667642,3.56754758476533e-282,1.38261325625324,0,13.9800499929775,168.773957149727,170.282701070052,20,0.1,1.5
1966,41,0.230876145667642,3.55727265005698e-322,1.37985065513041,0,13.9524239817492,182.726381131476,184.235125051801,20,0.1,1.5
1966,40,0.230876145667642,0,1.37709357396403,0,13.9248531700854,196.651234301562,198.159978221887,20,0.1,1.5
1966,39,0.230876145667642,0,1.37434200172468,0,13.8973374476918,210.548571749254,212.057315669579,20,0.1,1.5
1966,38,0.230876145667642,0,1.37159592740494,0,13.8698767044945,224.418448453748,225.927192374073,20,0.1,1.5
1966,37,0.230876145667642,0,1.36885534001944,0,13.8424708306395,238.260919284388,239.769663204713,20,0.1,1.5
1966,36,0.230876145667642,0,1.36612022860472,0,13.8151197164923,252.07603900088,253.584782921205,20,0.1,1.5
1966,35,0.230876145667642,0,1.36339058221923,0,13.7878232526374,265.863862253517,267.372606173842,20,0.1,1.5
1966,34,0.230876145667642,0,1.36066638994329,0,13.760581329878,279.624443583395,281.13318750372,20,0.1,1.5
1966,33,0.230876145667642,0,1.35794764087905,0,13.7333938392355,293.357837422631,294.866581342956,20,0.1,1.5
1966,32,0.230876145667642,0,1.3552343241504,0,13.7062606719491,307.06409809458,308.572842014905,20,0.1,1.5
1966,31,0.230876145667642,0,1.35252642890301,0,13.6791817194752,320.743279814055,322.25202373438,20,0.1,1.5
1966,30,0.230876145667642,0,1.34982394430419,0,13.652156873487,334.395436687542,335.904180607867,20,0.1,1.5
1966,29,0.230876145667642,0,1.34712685954293,0,13.6251860258744,348.020622713417,349.529366633741,20,0.1,1.5
1966,28,0.230876145667642,0,1.34443516382981,0,13.5982690687432,361.61889178216,363.127635702485,20,0.1,1.5
1966,27,0.230876145667642,0,1.34174884639695,0,13.5714058944146,375.190297676575,376.699041596899,20,0.1,1.5
1966,26,0.230876145667642,0,1.33906789649802,0,13.5445963954253,388.734894072,390.243637992325,20,0.1,1.5
1966,25,0.230876145667642,0,1.33639230340814,0,13.5178404645265,402.252734536527,403.761478456851,20,0.1,1.5
1966,24,0.230876145667642,0,1.33372205642386,0,13.4911379946837,415.74387253121,417.252616451535,20,0.1,1.5
1966,23,0.230876145667642,0,1.33105714486312,0,13.4644888790763,429.208361410287,430.717105330611,20,0.1,1.5
1966,22,0.230876145667642,0,1.32839755806521,0,13.4378930110972,442.646254421384,444.154998341708,20,0.1,1.5
1966,21,0.230876145667642,0,1.32574328539071,0,13.4113502843522,456.057604705736,457.566348626061,20,0.1,1.5
1966,20,0.230876145667642,0,1.32309431622147,0,13.3848605926598,469.442465298396,470.95120921872,20,0.1,1.5
1966,19,0.230876145667642,0,1.32045063996054,0,13.3584238300505,482.800889128446,484.309633048771,20,0.1,1.5
1966,18,0.230876145667642,0,1.31781224603216,0,13.3320398907667,496.132929019213,497.641672939538,20,0.1,1.5
1966,17,0.230876145667642,0,1.3151791238817,0,13.3057086692621,509.438637688475,510.9473816088,20,0.1,1.5
1966,16,0.230876145667642,0,1.3125512629756,0,13.2794300602011,522.718067748676,524.226811669001,20,0.1,1.5
1966,15,0.230876145667642,0,1.30992865280138,0,13.2532039584589,535.971271707135,537.48001562746,20,0.1,1.5
1966,14,0.230876145667642,0,1.30731128286753,0,13.2270302591204,549.198301966256,550.70704588658,20,0.1,1.5
1966,13,0.230876145667642,0,1.30469914270353,0,13.2009088574804,562.399210823736,563.90795474406,20,0.1,1.5
1966,12,0.230876145667642,0,1.30209222185977,0,13.1748396490428,575.574050472779,577.082794393103,20,0.1,1.5
1966,11,0.230876145667642,0,1.29949050990752,0,13.1488225295203,588.722873002299,590.231616922624,20,0.1,1.5
1966,10,0.230876145667642,0,1.29689399643889,0,13.1228573948339,601.845730397133,603.354474317458,20,0.1,1.5
1966,9,0.230876145667642,0,1.29430267106677,0,13.0969441411128,614.942674538246,616.45141845857,20,0.1,1.5
1966,8,0.230876145667642,0,1.29171652342483,0,13.0710826646934,628.013757202939,629.522501123264,20,0.1,1.5
1966,7,0.230876145667642,0,1.28913554316745,0,13.0452728621196,641.059030065059,642.567773985383,20,0.1,1.5
1966,6,0.230876145667642,0,1.28655971996965,0,13.0195146301416,654.0785446952,655.587288615525,20,0.1,1.5
1966,5,0.230876145667642,0,1.28398904352713,0,12.9938078657164,667.072352560917,668.581096481241,20,0.1,1.5
1966,4,0.230876145667642,0,1.28142350355613,0,12.9681524660064,680.040505026923,681.549248947248,20,0.1,1.5
1966,3,0.230876145667642,0,1.27886308979347,0,12.9425483283798,692.983053355303,694.491797275628,20,0.1,1.5
1966,2,0.0115438072833821,0,0.0005434065754844,0,0.0131299372770987,692.99618329258,694.504927212905,1,0.1,1.5
1966,1,150,0,1.29113523145313,0,112.911352314531,805.907535607111,807.416279527436,99999,0.1,1.5
1967,92,0.00060299185065275,0.0465935622453246,0.0465935622453246,0,0.932273239473594,0,0,1,0.1,1.5
1967,91,0.000790773523234668,0.000465588592017387,0.0465542033158185,0.00267170152873509,0.508892266123398,0.470725101427182,0.508892266123398,1,0.1,1.5
1967,90,0.0010414617850305,0.000671803933184573,0.0471749914962409,0.0026816665442356,0.51747178421145,0.949887363578124,1.02636405033485,1,0.1,1.5
1967,89,0.00134841444488856,0.000676312310870462,0.0477913767751564,0.00267865337034015,0.523842310542672,1.43546319740165,1.55020636087752,1,0.1,1.5
1967,88,0.00170280607384191,0.000675583403427927,0.0484013606965573,0.0026737585816891,0.530101196216067,1.92736784245073,2.08030755709359,1,0.1,1.5
1967,87,0.00209388679772291,0.000674307138339158,0.049003213724509,0.00266711812358642,0.536272820640103,2.42553897561103,2.61658037773369,1,0.1,1.5
1967,86,0.00252911276352324,0.000672569822353539,0.0495943355043221,0.00265863670642114,0.542335652819883,2.92989410405347,3.15891603055357,1,0.1,1.5
1967,85,0.00302291307004381,0.000670388823688468,0.0501745827942729,0.00264837499819322,0.54829892010526,3.44035909561311,3.70721495065883,1,0.1,1.5
1967,84,0.00357226601493947,0.000667765746389738,0.0507440127095463,0.00263634142348134,0.554161315571435,3.9568583908491,4.26137626623027,1,0.1,1.5
1967,83,0.00417217271569693,0.000664704513637514,0.0513029740377167,0.00262255382954165,0.559923288698411,4.47931662483977,4.82129955492868,1,0.1,1.5
1967,82,0.00481565734026768,0.000661211349697481,0.0518521175072204,0.0026070391478144,0.565587143193373,5.00766035163579,5.38688669812205,1,0.1,1.5
1967,81,0.00549378725136755,0.000657294505238415,0.052392390371799,0.00258983226840343,0.571156977438954,5.54181972524041,5.95804367556101,1,0.1,1.5
1967,80,0.00617346163419549,0.000652943117010302,0.0529247933311429,0.00257089278803241,0.57662004540003,6.08171273081141,6.53466372096104,1,0.1,1.5
1967,79,0.00684460455639497,0.000648171670652012,0.0534507958733425,0.00255028022621413,0.58198531980441,6.62726547595561,7.11664904076545,1,0.1,1.5
1967,78,0.00751361466098227,0.000643012290160771,0.053972338203635,0.00252812328910847,0.587278628365877,7.17842805733423,7.70392766913132,1,0.1,1.5
1967,77,0.00816621169751122,0.000637479207648104,0.0544913949348371,0.00250447999369975,0.592511168180808,7.73516093989075,8.29643883731213,1,0.1,1.5
1967,76,0.0087871703769529,0.000631586460978129,0.0550100777996043,0.00247940741915004,0.597694862178317,8.29743569608121,8.89413369949045,1,0.1,1.5
1967,75,0.00936087758225378,0.000625293105308746,0.055525639825479,0.00245274687233118,0.602789155396016,8.86518561044393,9.49692285488646,1,0.1,1.5
1967,74,0.00990134123530219,0.000618573943199768,0.0560344137482843,0.00242440205438861,0.607765086134403,9.43831638151564,10.1046879410209,1,0.1,1.5
1967,73,0.0104302392195847,0.000611459136713228,0.0565371519195032,0.00239449385197494,0.612646658403434,10.0167559848909,10.7173345994243,1,0.1,1.5
1967,72,0.010943330463636,0.000603954513820075,0.0570342089256318,0.00236304755200208,0.617435010208401,10.6004331729278,11.3347696096327,1,0.1,1.5
1967,71,0.0114363299740136,0.000596066196455262,0.0575259669918018,0.00233008956186382,0.622131545606158,11.189277724793,11.9569011552389,1,0.1,1.5
1967,70,0.0119049406274879,0.000587800530914269,0.0580128308758008,0.00229564713001227,0.626737900152318,11.7832206659452,12.5836390553912,1,0.1,1.5
1967,69,0.0123448861905648,0.000579164016157726,0.0584952220053933,0.00225974805955341,0.631255899479031,12.3821944502877,13.2148949548702,1,0.1,1.5
1967,68,0.0127519454795913,0.000570163233942604,0.0589735721317019,0.00222242043031905,0.635687513933112,12.9861331009306,13.8505824688033,1,0.1,1.5
1967,67,0.0131219875903563,0.000560804781822132,0.0594483165160529,0.00218369233355094,0.640034809470668,13.5949723056362,14.490617278274,1,0.1,1.5
1967,66,0.0134510081719988,0.000551095215960533,0.0599198873283423,0.00214359164627404,0.644299902028276,14.2086494698606,15.1349171803023,1,0.1,1.5
1967,65,0.0137351630507112,0.000541040961241276,0.0603887026637244,0.00210214568009331,0.648484864189559,14.8271036814774,15.7834020444918,1,0.1,1.5
1967,64,0.0139708242108946,0.000530645164941322,0.060854791468707,0.00205936897811159,0.652587805973912,15.4502719306211,16.4359898504657,1,0.1,1.5
1967,63,0.0141566193856268,0.000519909447150597,0.061317805790418,0.00201527018658017,0.656604472726773,16.0780868292539,17.0925943231925,1,0.1,1.5
1967,62,0.0142935557971787,0.000508838712536748,0.0617775739663203,0.00196987072268752,0.660534174310797,16.7104799932406,17.7531284975033,1,0.1,1.5
1967,61,0.0143819976631218,0.000497437195648684,0.0622338539256149,0.0019231894050295,0.664375044012281,17.3473809028953,18.4175035415156,1,0.1,1.5
1967,60,0.014422593205688,0.000485709285809055,0.0626863597479895,0.00187524566237846,0.668124976223374,17.9887166553704,19.085628517739,1,0.1,1.5
1967,59,0.0144162531860736,0.000473659566494389,0.0631347637176218,0.00182605968804048,0.671781635270551,18.634411723669,19.7574101530095,1,0.1,1.5
1967,58,0.014364130186679,0.000461292868955034,0.0635787004871691,0.00177565264847286,0.675342486759116,19.2843877440213,20.4327526397686,1,0.1,1.5
1967,57,0.0142675880575216,0.0004486143339031,0.0640177737766329,0.00172404692168099,0.678804848215341,19.9385633504984,21.111557487984,1,0.1,1.5
1967,56,0.0141281581999049,0.000435624863245665,0.0644508602760153,0.00167124866394754,0.682158604439416,20.5968469740243,21.7937160924234,1,0.1,1.5
1967,55,0.0139511180168428,0.000422363609782241,0.0648824537850236,0.00161741056377524,0.68545478448941,21.2591958933169,22.4791708769128,1,0.1,1.5
1967,54,0.0137134382863921,0.000411045035767418,0.0656794540358833,0.00157098943348605,0.692489989100093,21.9292431762243,23.1716608660129,1,0.1,1.5
1967,53,0.0115438072833821,0.000395576595604162,0.0659781227083833,0.00150870283097176,0.69298576214744,22.6006760407864,23.8646466281603,1,0.1,1.5
1967,52,0.230876145667642,0.00444262439673606,1.22683810521926,0.0164160493784496,12.7012397177257,35.0674007673914,36.565886345886,20,0.1,1.5
1967,51,0.230876145667642,0.00029032235823338,1.06820891660523,0.000778884152818037,10.8500367365486,45.9063105874712,47.4159230824346,20,0.1,1.5
1967,50,0.230876145667642,5.40973240719197e-26,1.18468938134853,0,12.0008112439304,57.9071218314015,59.416734326365,20,0.1,1.5
1967,49,0.230876145667642,7.75843450946559e-60,1.30596104176594,0,13.2135278481045,71.120649679506,72.6302621744695,20,0.1,1.5
1967,48,0.230876145667642,4.03362672442068e-82,1.39247434735576,0,14.0786609040027,85.1993105835087,86.7089230784722,20,0.1,1.5
1967,47,0.230876145667642,3.5675475847651e-84,1.39636979784759,0,14.117615408921,99.3169259924297,100.826538487393,20,0.1,1.5
1967,46,0.230876145667642,3.56754758476515e-124,1.39357970976333,0,14.0897145280784,113.406640520508,114.916253015472,20,0.1,1.5
1967,45,0.230876145667642,3.5675475847652e-164,1.39079519655724,0,14.0618693960175,127.468509916526,128.978122411489,20,0.1,1.5
1967,44,0.230876145667642,3.56754758476524e-204,1.38801624709017,0,14.0340799013468,141.502589817872,143.012202312836,20,0.1,1.5
1967,43,0.230876145667642,3.56754758476528e-244,1.38524285024519,0,14.006345932897,155.508935750769,157.018548245733,20,0.1,1.5
1967,42,0.230876145667642,3.56754758476533e-284,1.38247499492761,0,13.9786673797212,169.487603130491,170.997215625454,20,0.1,1.5
1967,41,0.230876145667642,4.94065645841247e-324,1.3797126700649,0,13.9510441310941,183.438647261585,184.948259756548,20,0.1,1.5
1967,40,0.230876145667642,0,1.37695586460664,0,13.9234760765115,197.362123338096,198.87173583306,20,0.1,1.5
1967,39,0.230876145667642,0,1.3742045675245,0,13.8959631056901,211.258086443786,212.76769893875,20,0.1,1.5
1967,38,0.230876145667642,0,1.3714587678122,0,13.8685051085671,225.126591552353,226.636204047317,20,0.1,1.5
1967,37,0.230876145667642,0,1.36871845448544,0,13.8411019752995,238.967693527653,240.477306022616,20,0.1,1.5
1967,36,0.230876145667642,0,1.36598361658186,0,13.8137535962637,252.781447123917,254.29105961888,20,0.1,1.5
1967,35,0.230876145667642,0,1.363254243161,0,13.7864598620551,266.567906985972,268.077519480935,20,0.1,1.5
1967,34,0.230876145667642,0,1.3605303233043,0,13.7592206634881,280.32712764946,281.836740144423,20,0.1,1.5
1967,33,0.230876145667642,0,1.35781184611496,0,13.7320358915947,294.059163541054,295.568776036018,20,0.1,1.5
1967,32,0.230876145667642,0,1.35509880071799,0,13.704905437625,307.764068978679,309.273681473643,20,0.1,1.5
1967,31,0.230876145667642,0,1.35239117626012,0,13.6778291930463,321.441898171726,322.951510666689,20,0.1,1.5
1967,30,0.230876145667642,0,1.34968896190976,0,13.6508070495427,335.092705221268,336.602317716232,20,0.1,1.5
1967,29,0.230876145667642,0,1.34699214685698,0,13.6238388990149,348.716544120283,350.226156615247,20,0.1,1.5
1967,28,0.230876145667642,0,1.34430072031342,0,13.5969246335793,362.313468753863,363.823081248826,20,0.1,1.5
1967,27,0.230876145667642,0,1.34161467151231,0,13.5700641455682,375.883532899431,377.393145394394,20,0.1,1.5
1967,26,0.230876145667642,0,1.33893398970837,0,13.5432573275288,389.42679022696,390.936402721923,20,0.1,1.5
1967,25,0.230876145667642,0,1.3362586641778,0,13.5165040722231,402.943294299183,404.452906794146,20,0.1,1.5
1967,24,0.230876145667642,0,1.33358868421822,0,13.4898042726273,416.43309857181,417.942711066773,20,0.1,1.5
1967,23,0.230876145667642,0,1.33092403914864,0,13.4631578219315,429.896256393742,431.405868888705,20,0.1,1.5
1967,22,0.230876145667642,0,1.32826471830941,0,13.4365646135392,443.332821007281,444.842433502244,20,0.1,1.5
1967,21,0.230876145667642,0,1.32561071106217,0,13.4100245410668,456.742845548348,458.252458043311,20,0.1,1.5
1967,20,0.230876145667642,0,1.32296200678985,0,13.3835374983436,470.126383046692,471.635995541654,20,0.1,1.5
1967,19,0.230876145667642,0,1.32031859489655,0,13.3571033794105,483.483486426102,484.993098921065,20,0.1,1.5
1967,18,0.230876145667642,0,1.31768046480756,0,13.3307220785207,496.814208504623,498.323820999586,20,0.1,1.5
1967,17,0.230876145667642,0,1.31504760596931,0,13.3043934901382,510.118601994761,511.628214489724,20,0.1,1.5
1967,16,0.230876145667642,0,1.3124200078493,0,13.2781175089381,523.396719503699,524.906331998662,20,0.1,1.5
1967,15,0.230876145667642,0,1.3097976599361,0,13.2518940298061,536.648613533505,538.158226028468,20,0.1,1.5
1967,14,0.230876145667642,0,1.30718055173925,0,13.2257229478376,549.874336481343,551.383948976306,20,0.1,1.5
1967,13,0.230876145667642,0,1.30456867278926,0,13.1996041583377,563.07394063968,564.583553134643,20,0.1,1.5
1967,12,0.230876145667642,0,1.30196201263759,0,13.173537556821,576.247478196501,577.757090691464,20,0.1,1.5
1967,11,0.230876145667642,0,1.29936056085653,0,13.1475230390104,589.395001235512,590.904613730475,20,0.1,1.5
1967,10,0.230876145667642,0,1.29676430703924,0,13.1215605008375,602.516561736349,604.026174231312,20,0.1,1.5
1967,9,0.230876145667642,0,1.29417324079966,0,13.0956498384417,615.612211574791,617.121824069754,20,0.1,1.5
1967,8,0.230876145667642,0,1.29158735177249,0,13.06979094817,628.682002522961,630.191615017924,20,0.1,1.5
1967,7,0.230876145667642,0,1.28900662961313,0,13.0439837265764,641.725986249537,643.2355987445,20,0.1,1.5
1967,6,0.230876145667642,0,1.28643106399766,0,13.0182280704217,654.744214319959,656.253826814922,20,0.1,1.5
1967,5,0.230876145667642,0,1.28386064462278,0,12.9925238766728,667.736738196632,669.246350691595,20,0.1,1.5
1967,4,0.230876145667642,0,1.28129536120578,0,12.9668710425028,680.703609239134,682.213221734098,20,0.1,1.5
1967,3,0.230876145667642,0,1.27873520348449,0,12.94126946529,693.644878704425,695.154491199388,20,0.1,1.5
1967,2,0.0115438072833821,0,0.000543352234826851,0,0.0131293938705232,693.658008098295,695.167620593258,1,0.1,1.5
1967,1,150,0,1.29100611792999,0,112.9100611793,806.568069277595,808.077681772558,99999,0.1,1.5
1968,93,0.000482448475944876,0.0466203858738705,0.0466203858738705,0,0.932729349794706,0,0,1,0.1,1.5
1968,92,0.00060299185065275,0.000465935622453246,0.0465889028891001,0.00267410938554681,0.509151942333304,0.470950379682635,0.509151942333304,1,0.1,1.5
1968,91,0.000790773523234668,0.000672581268103947,0.0472174732776707,0.00268426369836541,0.517774352068932,0.950378107489204,1.02692629440224,1,0.1,1.5
1968,90,0.0010414617850305,0.000677134675390747,0.0478406906331502,0.0026813750909817,0.524177919384692,1.4362506684313,1.55110421378693,1,0.1,1.5
1968,89,0.00134841444488856,0.000676426465693742,0.0484562609800639,0.0026765589952483,0.530462374495811,1.92847648585214,2.08156658828274,1,0.1,1.5
1968,88,0.00170280607384191,0.000675195479456554,0.0490649602059099,0.00267009611063946,0.536680991054885,2.42701324675503,2.61824757933762,1,0.1,1.5
1968,87,0.00209388679772291,0.000673522602279996,0.0496650929340332,0.00266186795444063,0.542808764958384,2.93179532664998,3.16105634429601,1,0.1,1.5
1968,86,0.00252911276352324,0.000671384874828821,0.0502540352473769,0.00265177569243025,0.5488227862896,3.44273560304771,3.70987913058561,1,0.1,1.5
1968,85,0.00302291307004381,0.000668797637785189,0.0508316590855418,0.00263988214206648,0.55473244464282,3.95975544566101,4.26461157522843,1,0.1,1.5
1968,84,0.00357226601493947,0.000665763013334232,0.0513980236641457,0.00262619809936245,0.560536493156603,4.48277482311244,4.82514806838503,1,0.1,1.5
1968,83,0.00417217271569693,0.000662285502521788,0.0519534821976983,0.00261074377581309,0.566235465133805,5.01171394859177,5.39138353351884,1,0.1,1.5
1968,82,0.00481565734026768,0.000658371900450576,0.0524986920824233,0.00259354842138952,0.57183176978972,5.54649502664736,5.96321530330856,1,0.1,1.5
1968,81,0.00549378725136755,0.000654031012153241,0.0530346091998627,0.00257464916716946,0.57732962934254,6.08704395360176,6.5405449326511,1,0.1,1.5
1968,80,0.00617346163419549,0.000649252628178205,0.0535622240488179,0.00255400830598518,0.58271624080207,6.63327436146118,7.12326117345317,1,0.1,1.5
1968,79,0.00684460455639497,0.000644051773260053,0.0540830208503087,0.00253168750740912,0.588000760331509,7.18510815740113,7.71126193378467,1,0.1,1.5
1968,78,0.00751361466098227,0.000638460945178724,0.0545989717920918,0.00250781690296028,0.593209359569935,7.7424915612145,8.30447129335461,1,0.1,1.5
1968,77,0.00816621169751122,0.000632494790501419,0.0551120657937685,0.00248245615083655,0.598353406272038,8.30538130818887,8.90282469962665,1,0.1,1.5
1968,76,0.0087871703769529,0.000626167719397293,0.0556244286466118,0.00245566379890267,0.603444988657622,8.87374538543359,9.50626968828427,1,0.1,1.5
1968,75,0.00936087758225378,0.000619439649135882,0.0561332739795793,0.00242728475784575,0.608443217882641,9.44751310677558,10.1147129061669,1,0.1,1.5
1968,74,0.00990134123530219,0.00061228625302915,0.0566349108205066,0.00239722631061379,0.613318955043851,10.0265859716678,10.7280318612108,1,0.1,1.5
1968,73,0.0104302392195847,0.000604738054360867,0.057130121667305,0.00236561070072118,0.618096528611446,10.6108880616975,11.3461283898222,1,0.1,1.5
1968,72,0.010943330463636,0.000596801433138721,0.0576192673927397,0.00233246541003208,0.622777176330238,11.2003443035987,11.9689055661524,1,0.1,1.5
1968,71,0.0114363299740136,0.000588483052430508,0.0581027367855686,0.00229781899123046,0.627362403951673,11.7948807219614,12.5962679701041,1,0.1,1.5
1968,70,0.0119049406274879,0.00057978978781221,0.0585809413752163,0.00226170078491484,0.631853949928346,12.3944246606767,13.2281219200325,1,0.1,1.5
1968,69,0.0123448861905648,0.000570728655049929,0.0590543094980811,0.00222414063104147,0.63625374324466,12.998904966335,13.8643756632771,1,0.1,1.5
1968,68,0.0127519454795913,0.000561306739919188,0.0595232798820685,0.00218516859009746,0.640563857350521,13.6082521295413,14.5049395206276,1,0.1,1.5
1968,67,0.0131219875903563,0.000551531131205958,0.0599882947677891,0.00214481467813844,0.644786460404546,14.2223983802582,15.1497259810322,1,0.1,1.5
1968,66,0.0134510081719988,0.000541408863728117,0.060449793251178,0.00210310864230975,0.648923769106247,14.8412777401885,15.7986497501384,1,0.1,1.5
1968,65,0.0137351630507112,0.000530946829635741,0.0609082002134813,0.00206007961483532,0.652977954581673,15.4648259859869,16.4516277047201,1,0.1,1.5
1968,64,0.0139708242108946,0.000520148696177311,0.061363548234088,0.0020157441760987,0.656947197482755,16.0929768380968,17.1085749022029,1,0.1,1.5
1968,63,0.0141566193856268,0.000509016641116549,0.061815491556484,0.00197011316032282,0.660827301951987,16.7256596663299,17.7694022041549,1,0.1,1.5
1968,62,0.0142935557971787,0.000497556067797247,0.0622638638895955,0.00192320992174202,0.664617664225504,17.3628029031019,18.4340198683804,1,0.1,1.5
1968,61,0.0143819976631218,0.000485771723213863,0.0627084278914797,0.00187505526859792,0.66831649842613,18.0043328976909,19.1023363668065,1,0.1,1.5
1968,60,0.014422593205688,0.000473668508452706,0.0631489025276093,0.00182567061153396,0.671921781233945,18.6501736701887,19.7742581480404,1,0.1,1.5
1968,59,0.0144162531860736,0.000461251517675063,0.0635849651632601,0.00177507811628344,0.675431261070783,19.3002466724554,20.4496894091112,1,0.1,1.5
1968,58,0.014364130186679,0.000448526090807765,0.0640162557792386,0.00172330090845757,0.67884248989812,19.954470577947,21.1285318990093,1,0.1,1.5
1968,57,0.0142675880575216,0.00043549787375928,0.0644423837296754,0.00167036330594146,0.682152874348049,20.612761119353,21.8106847733574,1,0.1,1.5
1968,56,0.0141281581999049,0.000422168414619341,0.0648622273559746,0.00161627397537235,0.685352358058814,21.2750238491922,22.4960371314162,1,0.1,1.5
1968,55,0.0139511180168428,0.000408576277041631,0.0652803181805889,0.00156118307191018,0.68849230523387,21.9412135391131,23.1845294366501,1,0.1,1.5
1968,54,0.0137134382863921,0.000396857808729186,0.0660656334488512,0.00151322954363478,0.6953847696758,22.6149807438798,23.8799142063259,1,0.1,1.5
1968,53,0.0115438072833821,0.000381131473698981,0.0663487006038554,0.001449989912686,0.695708333907598,23.2899749361776,24.5756225402335,1,0.1,1.5
1968,52,0.230876145667642,0.00414843858857976,1.23081943375335,0.0152364062900955,12.7212591008657,35.793571090042,37.2968816410992,20,0.1,1.5
1968,51,0.230876145667642,0.000197624261786843,1.06829681675177,0.0004827749831914,10.8457586260549,46.6324329306227,48.142640267154,20,0.1,1.5
1968,50,0.230876145667642,5.40973240719197e-28,1.18457091241039,0,11.999626554549,58.6320594851717,60.1422668217031,20,0.1,1.5
1968,49,0.230876145667642,7.75843450946559e-62,1.30583044566176,0,13.2122218870627,71.8442813722344,73.3544887087658,20,0.1,1.5
1968,48,0.230876145667642,4.03362672442068e-84,1.39233509992103,0,14.0772684296553,85.9215498018898,87.4317571384211,20,0.1,1.5
1968,47,0.230876145667642,3.56754758476511e-86,1.39623016086781,0,14.1162190391232,100.037768841013,101.547976177544,20,0.1,1.5
1968,46,0.230876145667642,3.56754758476515e-126,1.39344035179235,0,14.0883209483686,114.126089789382,115.636297125913,20,0.1,1.5
1968,45,0.230876145667642,3.5675475847652e-166,1.39065611703759,0,14.060478600821,128.186568390203,129.696775726734,20,0.1,1.5
1968,44,0.230876145667642,3.56754758476524e-206,1.38787744546546,0,14.0326918850997,142.219260275302,143.729467611834,20,0.1,1.5
1968,43,0.230876145667642,3.56754758476529e-246,1.38510432596017,0,14.0049606900468,156.224220965349,157.73442830188,20,0.1,1.5
1968,42,0.230876145667642,3.56754758476533e-286,1.38233674742812,0,13.9772849047263,170.201505870075,171.711713206607,20,0.1,1.5
1968,41,0.230876145667642,0,1.37957469879789,0,13.949664418424,184.151170288499,185.661377625031,20,0.1,1.5
1968,40,0.230876145667642,0,1.37681816902018,0,13.9220991206468,198.073269409146,199.583476745678,20,0.1,1.5
1968,39,0.230876145667642,0,1.37406714706775,0,13.8945889011226,211.967858310269,213.4780656468,20,0.1,1.5
1968,38,0.230876145667642,0,1.37132162193542,0,13.8671336497993,225.834991960068,227.345199296599,20,0.1,1.5
1968,37,0.230876145667642,0,1.36858158263999,0,13.839733256845,239.674725216913,241.184932553444,20,0.1,1.5
1968,36,0.230876145667642,0,1.3658470182202,0,13.8123876126471,253.48711282956,254.997320166092,20,0.1,1.5
1968,35,0.230876145667642,0,1.36311791773669,0,13.785096607812,267.272209437372,268.782416773904,20,0.1,1.5
1968,34,0.230876145667642,0,1.36039427027197,0,13.7578601331648,281.030069570537,282.540276907068,20,0.1,1.5
1968,33,0.230876145667642,0,1.35767606493035,0,13.7306780797486,294.760747650286,296.270954986817,20,0.1,1.5
1968,32,0.230876145667642,0,1.35496329083792,0,13.7035503388243,308.46429798911,309.974505325641,20,0.1,1.5
1968,31,0.230876145667642,0,1.35225593714249,0,13.67647680187,322.14077479098,323.650982127511,20,0.1,1.5
1968,30,0.230876145667642,0,1.34955399301357,0,13.6494573605808,335.790232151561,337.300439488092,20,0.1,1.5
1968,29,0.230876145667642,0,1.34685744764229,0,13.622491906868,349.412724058429,350.92293139496,20,0.1,1.5
1968,28,0.230876145667642,0,1.34416629024139,0,13.595580332859,363.008304391288,364.518511727819,20,0.1,1.5
1968,27,0.230876145667642,0,1.34148051004516,0,13.5687225308967,376.577026922184,378.087234258716,20,0.1,1.5
1968,26,0.230876145667642,0,1.3388000963094,0,13.5419183935391,390.118945315724,391.629152652255,20,0.1,1.5
1968,25,0.230876145667642,0,1.33612503831138,0,13.5151678135589,403.634113129283,405.144320465814,20,0.1,1.5
1968,24,0.230876145667642,0,1.3334553253498,0,13.4884706839431,417.122583813226,418.632791149757,20,0.1,1.5
1968,23,0.230876145667642,0,1.33079094674472,0,13.4618268978923,430.584410711118,432.094618047649,20,0.1,1.5
1968,22,0.230876145667642,0,1.32813189183758,0,13.4352363488209,444.019647059939,445.52985439647,20,0.1,1.5
1968,21,0.230876145667642,0,1.32547814999107,0,13.4086989303558,457.428345990295,458.938553326826,20,0.1,1.5
1968,20,0.230876145667642,0,1.32282971058917,0,13.3822145363368,470.810560526631,472.320767863162,20,0.1,1.5
1968,19,0.230876145667642,0,1.32018656303706,0,13.3557830608156,484.166343587447,485.676550923978,20,0.1,1.5
1968,18,0.230876145667642,0,1.31754869676108,0,13.3294043980559,497.495747985503,499.005955322034,20,0.1,1.5
1968,17,0.230876145667642,0,1.31491610120871,0,13.3030784425322,510.798826428035,512.309033764566,20,0.1,1.5
1968,16,0.230876145667642,0,1.31228876584852,0,13.2768050889303,524.075631516966,525.585838853496,20,0.1,1.5
1968,15,0.230876145667642,0,1.3096666801701,0,13.2505842321461,537.326215749112,538.836423085643,20,0.1,1.5
1968,14,0.230876145667642,0,1.30704983368407,0,13.2244157672858,550.550631516398,552.060838852928,20,0.1,1.5
1968,13,0.230876145667642,0,1.30443821592198,0,13.1982995896649,563.748931106062,565.259138442593,20,0.1,1.5
1968,12,0.230876145667642,0,1.30183181643632,0,13.1722355948083,576.921166700871,578.431374037401,20,0.1,1.5
1968,11,0.230876145667642,0,1.29923062480045,0,13.1462236784495,590.06739037932,591.577597715851,20,0.1,1.5
1968,10,0.230876145667642,0,1.29663463060854,0,13.1202637365305,603.187654115851,604.697861452382,20,0.1,1.5
1968,9,0.230876145667642,0,1.29404382347558,0,13.0943556652009,616.282009781051,617.792217117582,20,0.1,1.5
1968,8,0.230876145667642,0,1.29145819303731,0,13.0684993608182,629.35050914187,630.860716478401,20,0.1,1.5
1968,7,0.230876145667642,0,1.28887772895017,0,13.0426947199468,642.393203861816,643.903411198347,20,0.1,1.5
1968,6,0.230876145667642,0,1.28630242089126,0,13.0169416393577,655.410145501174,656.920352837705,20,0.1,1.5
1968,5,0.230876145667642,0,1.28373225855831,0,12.9912400160282,668.401385517202,669.911592853733,20,0.1,1.5
1968,4,0.230876145667642,0,1.28116723166965,0,12.9655897471416,681.366975264344,682.877182600875,20,0.1,1.5
1968,3,0.230876145667642,0,1.27860732996414,0,12.9399907300865,694.30696599443,695.817173330962,20,0.1,1.5
1968,2,0.0115438072833821,0,0.000543297899603369,0,0.0131288505182884,694.320094844949,695.83030218148,1,0.1,1.5
1968,1,150,0,1.29087701731819,0,112.908770173182,807.228865018131,808.739072354662,99999,0.1,1.5
1969,94,0.000419058236425454,0.0466387559811159,0.0466387559811159,0,0.933054491779934,0,0,1,0.1,1.5
1969,93,0.000482448475944876,0.000466203858738705,0.0466157238352831,0.00267578151153738,0.509366359422334,0.471140909257515,0.509366359422334,1,0.1,1.5
1969,92,0.00060299185065275,0.000673186702611234,0.0472527713451978,0.00268614726035521,0.518035107335981,0.950802484302707,1.02740146675832,1,0.1,1.5
1969,91,0.000790773523234668,0.000677791737272391,0.0478838174549343,0.00268342085221208,0.52447785787392,1.4369457585736,1.55187932463224,1,0.1,1.5
1969,90,0.0010414617850305,0.000677115119499331,0.0485062503368323,0.0026787276129535,0.53079549974791,1.9294737209936,2.08267482438015,1,0.1,1.5
1969,89,0.00134841444488856,0.000675904013469012,0.049120555102778,0.0026723426585346,0.53703985781908,2.42833725511933,2.61971468219923,1,0.1,1.5
1969,88,0.00170280607384191,0.000674275982454431,0.0497275777375492,0.00266429123650691,0.543215044627934,2.93349099636859,3.16292972682716,1,0.1,1.5
1969,87,0.00209388679772291,0.000672202214632958,0.0503255934133499,0.00265445112434931,0.549294611159492,3.44486487718024,3.71222433798665,1,0.1,1.5
1969,86,0.00252911276352324,0.000669657771855852,0.0509119537669597,0.00264272600316465,0.555255419180476,3.96236706774407,4.26747975716713,1,0.1,1.5
1969,85,0.00302291307004381,0.000666658511894471,0.0514865464551498,0.0026291810151303,0.561107053838048,4.48591439279455,4.82858681100518,1,0.1,1.5
1969,84,0.00357226601493947,0.000663207154973954,0.0520494333866199,0.00261382940641046,0.566848336184143,5.01542230888711,5.39543514718932,1,0.1,1.5
1969,83,0.00417217271569693,0.00065930879897849,0.0526009727934318,0.0025966938159691,0.57247989034365,5.55080657328835,5.96791503753297,1,0.1,1.5
1969,82,0.00481565734026768,0.000654970824351887,0.0531418293185624,0.00257780586267775,0.578004237694242,6.09198501294434,6.54591927522721,1,0.1,1.5
1969,81,0.00549378725136755,0.000650202601913899,0.0536729680307351,0.00255720495657686,0.583425730540404,6.63887924410507,7.12934500576762,1,0.1,1.5
1969,80,0.00617346163419549,0.000644994602778076,0.0541953699029093,0.00253485618574542,0.588731517371272,7.19139853025141,7.71807652313889,1,0.1,1.5
1969,79,0.00684460455639497,0.00063936239458488,0.0547105344250759,0.00251082337677843,0.59393094328342,7.74946056815228,8.31200746642231,1,0.1,1.5
1969,78,0.00751361466098227,0.000633338835191858,0.0552204661206527,0.00248523802391029,0.599050526340675,8.31300769415138,8.91105799276298,1,0.1,1.5
1969,77,0.00816621169751122,0.000626938985614151,0.0557271686248983,0.00245816141900493,0.604101808936869,8.88199291138818,9.51515980169985,1,0.1,1.5
1969,76,0.0087871703769529,0.00062017762691964,0.0562327821534728,0.00242965356571495,0.60909704804163,9.45638062277674,10.1242568497415,1,0.1,1.5
1969,75,0.00936087758225378,0.000613015585952796,0.0567344818416427,0.00239956315917955,0.613995033033356,10.0360961821075,10.7382518827748,1,0.1,1.5
1969,74,0.00990134123530219,0.00060542944018374,0.057228553907078,0.00236780118763997,0.618766458881485,10.621036909737,11.3570183416563,1,0.1,1.5
1969,73,0.0104302392195847,0.000597450055723903,0.0577158113303186,0.00233449116961177,0.623435980525078,11.2111230164105,11.9804543221814,1,0.1,1.5
1969,72,0.010943330463636,0.000589084366839408,0.0581966218185085,0.00229966278187259,0.628004940951226,11.8062756319064,12.6084592631326,1,0.1,1.5
1969,71,0.0114363299740136,0.000580339578331921,0.0586713812596977,0.00226334671589921,0.632474952875817,12.4064170602694,13.2409342160084,1,0.1,1.5
1969,70,0.0119049406274879,0.000571223094106832,0.0591405084773075,0.00222557439178447,0.63684786268177,13.0114710030685,13.8777820786902,1,0.1,1.5
1969,69,0.0123448861905648,0.000561742444310868,0.0596044392248917,0.00218637766787331,0.641125707502973,13.6213627438876,14.5189077861932,1,0.1,1.5
1969,68,0.0127519454795913,0.000551905214923558,0.0600636197016047,0.0021457885613969,0.645310668457347,14.2360192900393,15.1642184546505,1,0.1,1.5
1969,67,0.0131219875903563,0.000541718980846671,0.0605184996078469,0.00210383898422987,0.649405020245695,14.8553694676531,15.8136234748962,1,0.1,1.5
1969,66,0.0134510081719988,0.00053119124921472,0.0609695254324303,0.00206056051991344,0.653411084453689,15.4793439732509,16.4670345593499,1,0.1,1.5
1969,65,0.0137351630507112,0.000520329372005187,0.0614171292971688,0.00201598408331565,0.657331134677676,16.1078753353098,17.1243656940276,1,0.1,1.5
1969,64,0.0139708242108946,0.000509137530986448,0.0618613479232893,0.0019701282618338,0.661163426804789,16.7408940726598,17.7855291208324,1,0.1,1.5
1969,63,0.0141566193856268,0.000497618456491871,0.062301838297409,0.00192300604861583,0.66490382877632,17.3783263864559,18.4504329496087,1,0.1,1.5
1969,62,0.0142935557971787,0.000485778041113478,0.0627384399836421,0.00187464268908158,0.668551827289697,18.0200976039015,19.1189847768984,1,0.1,1.5
1969,61,0.0143819976631218,0.000473621534381618,0.06317092086584,0.00182506093336859,0.67210572149242,18.6661310263458,19.7910904983908,1,0.1,1.5
1969,60,0.014422593205688,0.000461154337968016,0.06359900529024,0.00177428412131664,0.675563574438015,19.3163476847651,20.4666540728288,1,0.1,1.5
1969,59,0.0144162531860736,0.00044838204424761,0.0640223761958146,0.00172233633340633,0.678923222620953,19.9706661026231,21.1455772954498,1,0.1,1.5
1969,58,0.014364130186679,0.000435310488022471,0.064440679380775,0.00166924259159511,0.682182308216168,20.6290020881022,21.827759603666,1,0.1,1.5
1969,57,0.0142675880575216,0.000421945805222958,0.0648535303177878,0.00161502908556955,0.685338330681354,21.2912685747039,22.5130979343473,1,0.1,1.5
1969,56,0.0141281581999049,0.00040829017798928,0.065259809627082,0.00155970693563193,0.688381297835868,21.9573683448879,23.2014792321832,1,0.1,1.5
1969,55,0.0139511180168428,0.000394381530747962,0.0656640859167484,0.00150342356408508,0.691362899306455,22.6272537647075,23.8928421314896,1,0.1,1.5
1969,54,0.0137134382863921,0.000382275963995986,0.066437334271415,0.001453992077673,0.698109709940366,23.3045921592525,24.59095184143,1,0.1,1.5
1969,53,0.0115438072833821,0.00036630879290849,0.0667045632119665,0.00138986982478363,0.698259874782199,23.9829967508235,25.2892117162122,1,0.1,1.5
1969,52,0.230876145667642,0.00385058595840968,1.23450545338249,0.0140441581110683,12.7381086540123,36.5204745746776,38.0273203702245,20,0.1,1.5
1969,51,0.230876145667642,0.000122669988415718,1.0683106808159,0.000257168369122145,10.8419247723328,47.3587255131659,48.8692451425573,20,0.1,1.5
1969,50,0.230876145667642,5.40973240719197e-30,1.18445245531915,0,11.9984419836366,59.3571674968025,60.8676871261939,20,0.1,1.5
1969,49,0.230876145667642,7.7584345094656e-64,1.3056998626172,0,13.2109160566171,72.5680835534195,74.078603182811,20,0.1,1.5
1969,48,0.230876145667642,4.03362672442069e-86,1.39219586641103,0,14.0758760945554,86.643959647975,88.1544792773664,20,0.1,1.5
1969,47,0.230876145667642,3.56754758476511e-88,1.39609053785172,0,14.1148228089623,100.758782456937,102.269302086329,20,0.1,1.5
1969,46,0.230876145667642,3.56754758476515e-128,1.39330100775717,0,14.0869275080168,114.845709964954,116.356229594346,20,0.1,1.5
1969,45,0.230876145667642,3.5675475847652e-168,1.39051705142588,0,14.0590879447039,128.904797909658,130.415317539049,20,0.1,1.5
1969,44,0.230876145667642,3.56754758476524e-208,1.38773865772091,0,14.0313040076542,142.936101917312,144.446621546704,20,0.1,1.5
1969,43,0.230876145667642,3.56754758476529e-248,1.38496581552757,0,14.0035755857208,156.939677503033,158.450197132425,20,0.1,1.5
1969,42,0.230876145667642,3.56754758476533e-288,1.38219851375338,0,13.9759025679789,170.915580071012,172.426099700403,20,0.1,1.5
1969,41,0.230876145667642,0,1.37943674132801,0,13.9482848437252,184.863864914737,186.374384544129,20,0.1,1.5
1969,40,0.230876145667642,0,1.37668048720327,0,13.9207223024778,198.784587217215,200.295106846606,20,0.1,1.5
1969,39,0.230876145667642,0,1.37392974035304,0,13.8932148339755,212.67780205119,214.188321680582,20,0.1,1.5
1969,38,0.230876145667642,0,1.37118448977323,0,13.8657623281774,226.543564379368,228.054084008759,20,0.1,1.5
1969,37,0.230876145667642,0,1.36844472448173,0,13.8383646752624,240.38192905463,241.892448684022,20,0.1,1.5
1969,36,0.230876145667642,0,1.36571043351838,0,13.8110217656289,254.192950820259,255.703470449651,20,0.1,1.5
1969,35,0.230876145667642,0,1.36298160594492,0,13.7837334898942,267.976684310153,269.487203939545,20,0.1,1.5
1969,34,0.230876145667642,0,1.36025823084494,0,13.7564997388945,281.733184049048,283.243703678439,20,0.1,1.5
1969,33,0.230876145667642,0,1.35754029732385,0,13.7293204036836,295.462504452731,296.973024082123,20,0.1,1.5
1969,32,0.230876145667642,0,1.35482779450883,0,13.7021953755334,309.164699828265,310.675219457656,20,0.1,1.5
1969,31,0.230876145667642,0,1.35212071154878,0,13.6751245459329,322.839824374198,324.350344003589,20,0.1,1.5
1969,30,0.230876145667642,0,1.34941903761427,0,13.6481078065878,336.487932180786,337.998451810177,20,0.1,1.5
1969,29,0.230876145667642,0,1.34672276189753,0,13.6211450494204,350.109077230206,351.619596859597,20,0.1,1.5
1969,28,0.230876145667642,0,1.34403187361237,0,13.5942361665688,363.703313396775,365.213833026166,20,0.1,1.5
1969,27,0.230876145667642,0,1.34134636199416,0,13.5673810503867,377.270694447161,378.781214076553,20,0.1,1.5
1969,26,0.230876145667642,0,1.33866621629977,0,13.5405795934428,390.811274040604,392.321793669996,20,0.1,1.5
1969,25,0.230876145667642,0,1.33599142580755,0,13.5138316885206,404.325105729125,405.835625358516,20,0.1,1.5
1969,24,0.230876145667642,0,1.33332197981726,0,13.4871372286177,417.812242957743,419.322762587134,20,0.1,1.5
1969,23,0.230876145667642,0,1.33065786765005,0,13.4604961069456,431.272739064688,432.783258694079,20,0.1,1.5
1969,22,0.230876145667642,0,1.32799907864839,0,13.433908216929,444.706647281617,446.217166911008,20,0.1,1.5
1969,21,0.230876145667642,0,1.32534560217607,0,13.4073734522058,458.114020733823,459.624540363214,20,0.1,1.5
1969,20,0.230876145667642,0,1.32269742761811,0,13.3808917066262,471.494912440449,473.00543206984,20,0.1,1.5
1969,19,0.230876145667642,0,1.32005454438075,0,13.3544628742526,484.849375314702,486.359894944093,20,0.1,1.5
1969,18,0.230876145667642,0,1.3174169418914,0,13.3280868493591,498.177462164061,499.687981793452,20,0.1,1.5
1969,17,0.230876145667642,0,1.31478460959859,0,13.301763526431,511.479225690492,512.989745319883,20,0.1,1.5
1969,16,0.230876145667642,0,1.31215753697194,0,13.2754928001644,524.754718490657,526.265238120048,20,0.1,1.5
1969,15,0.230876145667642,0,1.30953571350209,0,13.249274565466,538.003993056123,539.514512685514,20,0.1,1.5
1969,14,0.230876145667642,0,1.3069191287007,0,13.2231087174521,551.227101773575,552.737621402966,20,0.1,1.5
1969,13,0.230876145667642,0,1.30430777210039,0,13.196995151449,564.424096925024,565.934616554415,20,0.1,1.5
1969,12,0.230876145667642,0,1.30170163325468,0,13.1709337629919,577.595030688015,579.105550317407,20,0.1,1.5
1969,11,0.230876145667642,0,1.29910070173796,0,13.1449244478247,590.73995513584,592.250474765231,20,0.1,1.5
1969,10,0.230876145667642,0,1.29650496714548,0,13.1189671018999,603.85892223774,605.369441867131,20,0.1,1.5
1969,9,0.230876145667642,0,1.29391441909324,0,13.0930616213774,616.951983859117,618.462503488509,20,0.1,1.5
1969,8,0.230876145667642,0,1.29132904721801,0,13.0672079026252,630.019191761742,631.529711391134,20,0.1,1.5
1969,7,0.230876145667642,0,1.28874884117727,0,13.0414058422178,643.06059760396,644.571117233352,20,0.1,1.5
1969,6,0.230876145667642,0,1.28617379064917,0,13.0156553369368,656.076252940897,657.586772570289,20,0.1,1.5
1969,5,0.230876145667642,0,1.28360388533246,0,12.9899562837697,669.066209224667,670.576728854058,20,0.1,1.5
1969,4,0.230876145667642,0,1.28103911494649,0,12.96430857991,682.030517804577,683.541037433968,20,0.1,1.5
1969,3,0.230876145667642,0,1.27847946923115,0,12.9387121227566,694.969229927333,696.479749556725,20,0.1,1.5
1969,2,0.0115438072833821,0,0.000543243569813408,0,0.0131283072203888,694.982358234554,696.492877863945,1,0.1,1.5
1969,1,150,0,1.29074792961646,0,112.907479296165,807.889837530718,809.40035716011,99999,0.1,1.5
1970,95,0.00036499349100484,0.0466484003194414,0.0466484003194414,0,0.93321133538283,0,0,1,0.1,1.5
1970,94,0.000419058236425454,0.000466387559811159,0.0466340921055178,0.00267293372858612,0.509468936362136,0.471284168810906,0.509468936362136,1,0.1,1.5
1970,93,0.000482448475944876,0.000673607416471732,0.0472800076407839,0.00268356418961259,0.518194414170033,0.951141951700759,1.02766335053217,1,0.1,1.5
1970,92,0.00060299185065275,0.000678268682114914,0.0479195828831521,0.00268104212092191,0.524681111947228,1.43752246192053,1.5523444624794,1,0.1,1.5
1970,91,0.000790773523234668,0.000677633130425744,0.0485498842862418,0.00267652465732033,0.531038423048646,1.93032481843603,2.08338288552804,1,0.1,1.5
1970,90,0.0010414617850305,0.000676453054433368,0.049171081615037,0.00267027932668225,0.537316502075423,2.42949447298742,2.62069938760347,1,0.1,1.5
1970,89,0.00134841444488856,0.000674844704768341,0.0497837287119013,0.00266232524673482,0.543517894940453,2.93497915011738,3.16421728254392,1,0.1,1.5
1970,88,0.00170280607384191,0.000672815568951272,0.0503886777889022,0.00265268350949063,0.549645616334771,3.44672928774514,3.71386289887869,1,0.1,1.5
1970,87,0.00209388679772291,0.000670334803233656,0.0509841736350959,0.00264123439836149,0.555672928891704,3.96467029666025,4.2695358277704,1,0.1,1.5
1970,86,0.00252911276352324,0.000667378078509721,0.0515675440723742,0.00262788452594788,0.561576504198063,4.48870559334477,4.83111233196846,1,0.1,1.5
1970,85,0.00302291307004381,0.00066396183890152,0.0521386930542869,0.00261270128440816,0.567366128374887,5.01874741765668,5.39847846034334,1,0.1,1.5
1970,84,0.00357226601493947,0.000660089423152355,0.0526976857948839,0.00259570040058427,0.57304069715105,5.55470668051367,5.97151915749439,1,0.1,1.5
1970,83,0.00417217271569693,0.00065576654198206,0.0532448861501448,0.00257690694587148,0.578600931767992,6.09649465591207,6.55012008926239,1,0.1,1.5
1970,82,0.00481565734026768,0.000651001173912956,0.0537809666013,0.00255635488803323,0.584049471522307,6.64402477189105,7.13416956078469,1,0.1,1.5
1970,81,0.00549378725136755,0.000645803265163353,0.0543069019730762,0.00253408587342242,0.589390803979818,7.19721434910769,7.72356036476451,1,0.1,1.5
1970,80,0.00617346163419549,0.000640163992464136,0.0548236644123554,0.00251006790283915,0.594612038035361,7.75596827424535,8.31817240279987,1,0.1,1.5
1970,79,0.00684460455639497,0.000634099468140456,0.055332769215828,0.00248436685302635,0.599722711587182,8.3202000307893,8.91789511438705,1,0.1,1.5
1970,78,0.00751361466098227,0.00062764289432949,0.0558362535800182,0.00245711531680391,0.604749688567044,8.88984807197343,9.5226448029541,1,0.1,1.5
1970,77,0.00816621169751122,0.000620809744607375,0.056336136262787,0.00242837610596263,0.609704688433656,9.46486167317904,10.1323494913878,1,0.1,1.5
1970,76,0.0087871703769529,0.000613615167697935,0.0568345722666862,0.00239821056399661,0.614600138842714,10.0452016611075,10.7469496302305,1,0.1,1.5
1970,75,0.00936087758225378,0.000606020945654416,0.0573286991832535,0.0023664715228585,0.61939452238475,10.6307894474514,11.3663441526152,1,0.1,1.5
1970,74,0.00990134123530219,0.00059800459131183,0.0578147813485973,0.00233307388539622,0.624058380490191,11.2215182010074,11.9904025331054,1,0.1,1.5
1970,73,0.0104302392195847,0.000589597292960182,0.0582936625415885,0.00229814217344092,0.628616693636271,11.8173042921659,12.6190192267417,1,0.1,1.5
1970,72,0.010943330463636,0.000580806539136542,0.0587657178517948,0.00226170819181414,0.633070914577653,12.4180650897177,13.2520901413193,1,0.1,1.5
1970,71,0.0114363299740136,0.000571640074758121,0.0592313508005465,0.00222380469657869,0.637422767258275,13.0237192184534,13.8895129085776,1,0.1,1.5
1970,70,0.0119049406274879,0.000562105828887186,0.0596909880244059,0.00218446510652696,0.641674209996879,13.6341867840713,14.5311871185745,1,0.1,1.5
1970,69,0.0123448861905648,0.000552211841411437,0.0601450731979375,0.00214372321179034,0.645827391831823,14.2493895585919,15.1770145104063,1,0.1,1.5
1970,68,0.0127519454795913,0.000541966192498461,0.0605940604799838,0.00210161289470298,0.649884605064116,14.8692511223031,15.8268991154704,1,0.1,1.5
1970,67,0.0131219875903563,0.000531376935865934,0.0610384075039436,0.00205816786702827,0.653848234225403,15.4936969584281,16.4807473496958,1,0.1,1.5
1970,66,0.0134510081719988,0.000520452042470507,0.0614785686098654,0.00201342144914441,0.657720708863897,16.1226545037328,17.1384680585597,1,0.1,1.5
1970,65,0.0137351630507112,0.000509199314548963,0.061914983605068,0.00196740623629952,0.661504407939018,16.7560531082961,17.7999724664987,1,0.1,1.5
1970,64,0.0139708242108946,0.000497623440768314,0.0623476938539554,0.00192014274392103,0.665197666381944,17.3938201640506,18.4651701328807,1,0.1,1.5
1970,63,0.0141566193856268,0.000485727696718877,0.0627763596257332,0.00187164605317995,0.668796420241319,18.0358787835322,19.133966553122,1,0.1,1.5
1970,62,0.0142935557971787,0.00047351845268153,0.0632008268119141,0.00182194319834997,0.672300249820504,18.6821512733763,19.8062668029425,1,0.1,1.5
1970,61,0.0143819976631218,0.000461001448685963,0.0636208690070956,0.0017710587706351,0.675707542580398,19.3325579763762,20.4819743455229,1,0.1,1.5
1970,60,0.014422593205688,0.000448182573708839,0.0640362164200401,0.00171901793295132,0.679016451116777,19.9870170284508,21.1609907966397,1,0.1,1.5
1970,59,0.0144162531860736,0.000435067903794058,0.0644465580415467,0.00166584656887305,0.682224903037547,20.6454441233616,21.8432156996772,1,0.1,1.5
1970,58,0.014364130186679,0.000421663752779003,0.0648515459607358,0.00161157147917718,0.685330633628798,21.3077523072878,22.528546333306,1,0.1,1.5
1970,57,0.0142675880575216,0.000407976729444616,0.0652508022361484,0.00155622060157309,0.688331237907227,21.9738518223154,23.2168775712133,1,0.1,1.5
1970,56,0.0141281581999049,0.000394009635687877,0.0656432103800273,0.00149980741468354,0.691216792500187,22.6436427946059,23.9080943637134,1,0.1,1.5
1970,55,0.0139511180168428,0.00037979970632875,0.066033375399178,0.00144247621984235,0.694039299540234,23.3170752910055,24.6021336632537,1,0.1,1.5
1970,54,0.0137134382863921,0.00036732077905821,0.0667941885574061,0.00139169786208005,0.700638783585286,23.9978326765611,25.302772446839,1,0.1,1.5
1970,53,0.0115438072833821,0.000351130544124991,0.0670453602118412,0.00132685574623314,0.700615861170962,24.679493455643,26.0033883080099,1,0.1,1.5
1970,52,0.230876145667642,0.00354954538735118,1.23789304236492,0.0128277643921214,12.7515970849981,37.2478367636108,38.7549853930081,20,0.1,1.5
1970,51,0.230876145667642,6.55187921646933e-05,1.0682681418401,0.000102306676655112,10.8387155607199,48.0850908003785,49.593700953728,20,0.1,1.5
1970,50,0.230876145667642,5.40973240719198e-32,1.18433401007362,0,11.9972575311813,60.0823483315598,61.5909584849093,20,0.1,1.5
1970,49,0.230876145667642,7.7584345094656e-66,1.30556929263094,0,13.2096103567545,73.2919586883142,74.8005688416637,20,0.1,1.5
1970,48,0.230876145667642,4.03362672442069e-88,1.39205664682439,0,14.074483898689,87.3664425870032,88.8750527403527,20,0.1,1.5
1970,47,0.230876145667642,3.56754758476511e-90,1.39595092879794,0,14.1134267184244,101.479869305428,102.988479458777,20,0.1,1.5
1970,46,0.230876145667642,3.56754758476515e-130,1.3931616776564,0,14.0855342070091,115.565403512437,117.074013665786,20,0.1,1.5
1970,45,0.230876145667642,3.5675475847652e-170,1.39037799972074,0,14.0576974276525,129.623100940089,131.131711093439,20,0.1,1.5
1970,44,0.230876145667642,3.56754758476525e-210,1.38759988385514,0,14.0299162689965,143.653017209086,145.161627362435,20,0.1,1.5
1970,43,0.230876145667642,3.56754758476529e-250,1.38482731894602,0,14.0021906199053,157.655207828991,159.163817982341,20,0.1,1.5
1970,42,0.230876145667642,3.56754758476534e-290,1.382060293902,0,13.9745203694651,171.629728198456,173.138338351806,20,0.1,1.5
1970,41,0.230876145667642,0,1.37929879765388,0,13.9469054069839,185.57663360544,187.08524375879,20,0.1,1.5
1970,40,0.230876145667642,0,1.37654281915455,0,13.9193456219906,199.495979227431,201.00458938078,20,0.1,1.5
1970,39,0.230876145667642,0,1.37379234737901,0,13.8918409042352,213.387820131666,214.896430285015,20,0.1,1.5
1970,38,0.230876145667642,0,1.37104737132425,0,13.8643911436876,227.252211275353,228.760821428703,20,0.1,1.5
1970,37,0.230876145667642,0,1.36830788000928,0,13.8369962305379,241.089207505891,242.597817659241,20,0.1,1.5
1970,36,0.230876145667642,0,1.36557386247503,0,13.8096560551953,254.898863561087,256.407473714436,20,0.1,1.5
1970,35,0.230876145667642,0,1.36284530778432,0,13.7823705082883,268.681234069375,270.189844222725,20,0.1,1.5
1970,34,0.230876145667642,0,1.36012220502185,0,13.7551394806636,282.436373550039,283.944983703388,20,0.1,1.5
1970,33,0.230876145667642,0,1.35740454329412,0,13.7279628633863,296.164336413425,297.672946566774,20,0.1,1.5
1970,32,0.230876145667642,0,1.35469231172938,0,13.7008405477389,309.865176961164,311.373787114513,20,0.1,1.5
1970,31,0.230876145667642,0,1.35198549947762,0,13.6737724252213,323.538949386385,325.047559539735,20,0.1,1.5
1970,30,0.230876145667642,0,1.34928409571051,0,13.6467583875502,337.185707773935,338.694317927285,20,0.1,1.5
1970,29,0.230876145667642,0,1.34658808962134,0,13.6197983266585,350.805506100594,352.314116253943,20,0.1,1.5
1970,28,0.230876145667642,0,1.34389747042501,0,13.5928921346952,364.398398235289,365.907008388638,20,0.1,1.5
1970,27,0.230876145667642,0,1.34121222735796,0,13.5660397040247,377.964437939314,379.473048092663,20,0.1,1.5
1970,26,0.230876145667642,0,1.33853234967814,0,13.5392409272265,391.50367886654,393.01228901989,20,0.1,1.5
1970,25,0.230876145667642,0,1.33585782666497,0,13.5124956970948,405.016174563635,406.524784716984,20,0.1,1.5
1970,24,0.230876145667642,0,1.33318864761928,0,13.4858039066379,418.501978470273,420.010588623622,20,0.1,1.5
1970,23,0.230876145667642,0,1.33052480186328,0,13.4591654490779,431.961143919351,433.4697540727,20,0.1,1.5
1970,22,0.230876145667642,0,1.32786627874053,0,13.4325802178504,445.393724137202,446.902334290551,20,0.1,1.5
1970,21,0.230876145667642,0,1.32521306761585,0,13.4060481066036,458.799772243805,460.308382397154,20,0.1,1.5
1970,20,0.230876145667642,0,1.32256515787535,0,13.3795690091986,472.179341253004,473.687951406353,20,0.1,1.5
1970,19,0.230876145667642,0,1.31992253892631,0,13.3531428197082,485.532484072712,487.041094226061,20,0.1,1.5
1970,18,0.230876145667642,0,1.31728520019721,0,13.3267694324172,498.859253505129,500.367863658478,20,0.1,1.5
1970,17,0.230876145667642,0,1.31465313113763,0,13.3004487418214,512.159702246951,513.6683124003,20,0.1,1.5
1970,16,0.230876145667642,0,1.31202632121824,0,13.2741806426275,525.433882889578,526.942493042927,20,0.1,1.5
1970,15,0.230876145667642,0,1.30940475993074,0,13.2479650297525,538.681847919331,540.19045807268,20,0.1,1.5
1970,14,0.230876145667642,0,1.30678843678783,0,13.2218017983234,551.903649717654,553.412259871003,20,0.1,1.5
1970,13,0.230876145667642,0,1.30417734132318,0,13.1956908436769,565.099340561331,566.60795071468,20,0.1,1.5
1970,12,0.230876145667642,0,1.30157146309135,0,13.1696320613586,578.26897262269,579.777582776039,20,0.1,1.5
1970,11,0.230876145667642,0,1.29897079166779,0,13.143625347123,591.412597969813,592.921208123162,20,0.1,1.5
1970,10,0.230876145667642,0,1.29637531664876,0,13.1176705969327,604.530268566745,606.038878720094,20,0.1,1.5
1970,9,0.230876145667642,0,1.29378502765133,0,13.0917677069584,617.622036273704,619.130646427053,20,0.1,1.5
1970,8,0.230876145667642,0,1.29119991431329,0,13.065916573578,630.687952847282,632.196563000631,20,0.1,1.5
1970,7,0.230876145667642,0,1.28861996629316,0,13.0401170933767,643.728069940658,645.236680094007,20,0.1,1.5
1970,6,0.230876145667642,0,1.2860451732701,0,13.0143691631461,656.742439103804,658.251049257153,20,0.1,1.5
1970,5,0.230876145667642,0,1.28347552494392,0,12.9886726798843,669.731111783688,671.239721937038,20,0.1,1.5
1970,4,0.230876145667642,0,1.28091101103499,0,12.963027540795,682.694139324483,684.202749477833,20,0.1,1.5
1970,3,0.230876145667642,0,1.27835162128423,0,12.9374336432873,695.631572967771,697.14018312112,20,0.1,1.5
1970,2,0.0115438072833821,0,0.000543189245456427,0,0.013127763976819,695.644700731748,697.153310885097,1,0.1,1.5
1970,1,150,0,1.2906188548235,0,112.906188548235,808.550889279983,810.059499433332,99999,0.1,1.5
1971,96,0.000315752856364506,0.0465894312063809,0.0465894312063809,0,0.931999126031862,0,0,1,0.1,1.5
1971,95,0.00036499349100484,0.000466484003194414,0.0466437354794094,0.0026307400359234,0.508927524333233,0.471345523820041,0.508927524333233,1,0.1,1.5
1971,94,0.000419058236425454,0.000672897307744642,0.0472976621284537,0.00264163986157042,0.51772267882775,0.951330490339642,1.02665020316098,1,0.1,1.5
1971,93,0.000482448475944876,0.000677627121567866,0.047946170687423,0.00263950722232015,0.52426685644035,1.43789010074685,1.55091705960133,1,0.1,1.5
1971,92,0.00060299185065275,0.000677043217051626,0.0485850514550943,0.00263534394248119,0.530670711895435,1.93091304203541,2.08158777149677,1,0.1,1.5
1971,91,0.000790773523234668,0.000675907495634341,0.0492141604621433,0.00262945059804548,0.536991441898677,2.43034090396201,2.61857921339545,1,0.1,1.5
1971,90,0.0010414617850305,0.000674334362214897,0.049833734338546,0.00262183843778858,0.543229829689847,2.9361158988263,3.16180904308529,1,0.1,1.5
1971,89,0.00134841444488856,0.000672329758731389,0.0504443316507139,0.00261252214658364,0.549387302008906,3.44818145588402,3.7111963450942,1,0.1,1.5
1971,88,0.00170280607384191,0.000669899033062171,0.0510468097984959,0.00260152416886558,0.555466923348603,3.96648374824882,4.2666632684428,1,0.1,1.5
1971,87,0.00209388679772291,0.00066701194762271,0.0516393838173228,0.00258872909818824,0.561441726441102,4.49094363043009,4.8281049948839,1,0.1,1.5
1971,86,0.00252911276352324,0.000663644912272068,0.0522193584494539,0.00257404772915101,0.567288219209385,5.02145973922304,5.39539321409329,1,0.1,1.5
1971,85,0.00302291307004381,0.000659814939491055,0.0527866545060835,0.0025575485490512,0.573016377679364,5.55793970905881,5.96840959177265,1,0.1,1.5
1971,84,0.00357226601493947,0.00065552599437759,0.0533413411264505,0.00253924937647627,0.578625172977425,6.10028989094372,6.54703476475008,1,0.1,1.5
1971,83,0.00417217271569693,0.000650784401887689,0.0538837883979976,0.00251917718343363,0.584115421953608,6.6484170674197,7.13115018670369,1,0.1,1.5
1971,82,0.00481565734026768,0.000645598733747438,0.0544146772266482,0.00249736762068516,0.589489878126304,7.2022302652505,7.72064006482999,1,0.1,1.5
1971,81,0.00549378725136755,0.000639979501007239,0.0549349927512345,0.00247386379110647,0.594753158658183,7.76164251260717,8.31539322348817,1,0.1,1.5
1971,80,0.00617346163419549,0.000633918615634429,0.0554456990216239,0.00244863690252165,0.599892344640928,8.32655433006921,8.9152855681291,1,0.1,1.5
1971,79,0.00684460455639497,0.000627432707937992,0.055948327652163,0.00242175373763607,0.604917155271503,8.89687500337449,9.5202027234006,1,0.1,1.5
1971,78,0.00751361466098227,0.000620555258144272,0.0564449487838611,0.00239334588294209,0.60985477233131,9.47253912023519,10.1300574957319,1,0.1,1.5
1971,77,0.00816621169751122,0.000613302123936731,0.0569375966756514,0.00236347659577476,0.614717080495766,10.0534922493627,10.7447745762277,1,0.1,1.5
1971,76,0.0087871703769529,0.000605688792676131,0.0574284414504587,0.00233220751438602,0.619516666221498,10.6396916653787,11.3642912424492,1,0.1,1.5
1971,75,0.00936087758225378,0.00059767809017117,0.0579145841940498,0.00229939756022289,0.624211744471658,11.2310548732758,11.9885029869208,1,0.1,1.5
1971,74,0.00990134123530219,0.000589248517262173,0.0583922683418115,0.00226496657111211,0.628772728049206,11.8274709360234,12.61727571497,1,0.1,1.5
1971,73,0.0104302392195847,0.000580431516289832,0.0588623687186946,0.00222903807788219,0.633224896275503,12.4288524311863,13.2505006112455,1,0.1,1.5
1971,72,0.010943330463636,0.000571235113344901,0.0593252683279631,0.00219164535720138,0.637569807444095,13.0351130192418,13.8880704186896,1,0.1,1.5
1971,71,0.0114363299740136,0.000561667574892255,0.0597813788396111,0.00215282255967931,0.641809292123128,13.6461677033695,14.5298797108128,1,0.1,1.5
1971,70,0.0119049406274879,0.000551737334920613,0.0602311352022352,0.00211260442358575,0.645945415650632,14.261933055826,15.1758251264634,1,0.1,1.5
1971,69,0.0123448861905648,0.0005414529213617,0.0606749894935653,0.00207102598705195,0.649980433805627,14.8823274041024,15.825805560269,1,0.1,1.5
1971,68,0.0127519454795913,0.00053082288560073,0.0611134042976115,0.00202812231352427,0.653916744726006,15.5072709729209,16.479722304995,1,0.1,1.5
1971,67,0.0131219875903563,0.000519855736115726,0.0615468456299502,0.00198392823450458,0.657756837309058,16.1366859783084,17.1374791423041,1,0.1,1.5
1971,66,0.0134510081719988,0.000508559882710808,0.0619757761152905,0.00193847813425746,0.661503243536452,16.7704966770698,17.7989823858405,1,0.1,1.5
1971,65,0.0137351630507112,0.000496943552220368,0.0624006436657824,0.00189180562748278,0.665158442225493,17.408629324617,18.464140828066,1,0.1,1.5
1971,64,0.0139708242108946,0.000485011920387941,0.0628214947705503,0.00184393266344999,0.668720844908788,18.0510082743336,19.1328616729748,1,0.1,1.5
1971,63,0.0141566193856268,0.000472768790262176,0.0632379935030657,0.00179487598835237,0.672186454738254,18.697553643524,19.8050481277131,1,0.1,1.5
1971,62,0.0142935557971787,0.000460220984114308,0.0636499925288204,0.00174466383660359,0.675554941421804,19.3481848158514,20.4806030691349,1,0.1,1.5
1971,61,0.0143819976631218,0.000447374707145633,0.0640572716128537,0.00169332208421746,0.678824777130895,20.0028192774935,21.1594278462658,1,0.1,1.5
1971,60,0.014422593205688,0.000434236308974918,0.064459567281636,0.00164087715193694,0.681994200213762,20.6613723755367,21.8414220464795,1,0.1,1.5
1971,59,0.0144162531860736,0.000420812321256204,0.0648565750279608,0.00158735615027221,0.685061225382012,21.3237570844863,22.5264832718616,1,0.1,1.5
1971,58,0.014364130186679,0.000407109507322084,0.065247953675934,0.0015327870692554,0.6880236767559,21.98988380311,23.2145069486175,1,0.1,1.5
1971,57,0.0142675880575216,0.00039313491768772,0.0656333323063181,0.00147719898894567,0.690879240310963,22.6596602007217,23.9053861889284,1,0.1,1.5
1971,56,0.0141281581999049,0.000378891950027765,0.0660115979126602,0.00142060732446164,0.693618061109602,23.3329838714819,24.599004250038,1,0.1,1.5
1971,55,0.0139511180168428,0.000364417052023875,0.0663873911165987,0.00136315116479926,0.696292415099348,24.0098026985126,25.2952966651374,1,0.1,1.5
1971,54,0.0137134382863921,0.000351597673310593,0.0671354336040704,0.0013118652870317,0.702753537636619,24.6938153034774,25.998050202774,1,0.1,1.5
1971,53,0.0115438072833821,0.000335225241999534,0.0673703696123783,0.00124731870251011,0.702570658673321,25.3785671235434,26.7006208614473,1,0.1,1.5
1971,52,0.230876145667642,0.00324243655190385,1.24097619415872,0.0114829063133397,12.7601452563133,37.9746708610947,39.4607661177606,20,0.1,1.5
1971,51,0.230876145667642,2.6231857085425e-05,1.06818689169508,1.89085394500595e-05,10.8363187879588,48.8107195270614,50.2970849057195,20,0.1,1.5
1971,50,0.230876145667642,5.40973240719198e-34,1.18421557667261,0,11.9960731971712,60.8067927242326,62.2931581028907,20,0.1,1.5
1971,49,0.230876145667642,7.7584345094656e-68,1.30543873570167,0,13.2083047874618,74.0150975116944,75.5014628903525,20,0.1,1.5
1971,48,0.230876145667642,4.03362672442069e-90,1.39191744115971,0,14.0730918420422,88.0881893537366,89.5745547323947,20,0.1,1.5
1971,47,0.230876145667642,3.56754758476511e-92,1.39581133370506,0,14.1120307674956,102.200220121232,103.68658549989,20,0.1,1.5
1971,46,0.230876145667642,3.56754758476516e-132,1.39302236148863,0,14.0841410453314,116.284361166564,117.770726545222,20,0.1,1.5
1971,45,0.230876145667642,3.5675475847652e-172,1.39023896192077,0,14.0563070496528,130.340668216216,131.827033594875,20,0.1,1.5
1971,44,0.230876145667642,3.56754758476525e-212,1.38746112386676,0,14.0285286691127,144.369196885329,145.855562263987,20,0.1,1.5
1971,43,0.230876145667642,3.56754758476529e-252,1.38468883621412,0,14.0008057925863,158.370002677915,159.856368056574,20,0.1,1.5
1971,42,0.230876145667642,3.56754758476534e-292,1.38192208787261,0,13.9731383091712,172.343140987087,173.829506365745,20,0.1,1.5
1971,41,0.230876145667642,0,1.37916086777411,0,13.9455261081862,186.288667095273,187.775032473931,20,0.1,1.5
1971,40,0.230876145667642,0,1.37640516487264,0,13.9179690791715,200.206636174444,201.693001553102,20,0.1,1.5
1971,39,0.230876145667642,0,1.37365496814427,0,13.8904671118878,214.097103286332,215.58346866499,20,0.1,1.5
1971,38,0.230876145667642,0,1.37091026658712,0,13.8630200963163,227.960123382648,229.446488761306,20,0.1,1.5
1971,37,0.230876145667642,0,1.36817104922128,0,13.8356279226579,241.795751305306,243.282116683964,20,0.1,1.5
1971,36,0.230876145667642,0,1.36543730508878,0,13.8082904813329,255.604041786639,257.090407165297,20,0.1,1.5
1971,35,0.230876145667642,0,1.36270902325354,0,13.7810076629805,269.38504944962,270.871414828278,20,0.1,1.5
1971,34,0.230876145667642,0,1.35998619280135,0,13.7537793584586,283.138828808078,284.625194186736,20,0.1,1.5
1971,33,0.230876145667642,0,1.35726880283979,0,13.726605458843,296.865434266921,298.351799645579,20,0.1,1.5
1971,32,0.230876145667642,0,1.35455684249821,0,13.6994858554272,310.564920122349,312.051285501007,20,0.1,1.5
1971,31,0.230876145667642,0,1.35185030092767,0,13.6724204397218,324.23734056207,325.723705940728,20,0.1,1.5
1971,30,0.230876145667642,0,1.34914916730093,0,13.6454091034544,337.882749665525,339.369115044183,20,0.1,1.5
1971,29,0.230876145667642,0,1.34645343081237,0,13.6184517385688,351.501201404094,352.987566782752,20,0.1,1.5
1971,28,0.230876145667642,0,1.34376308067796,0,13.5915482372247,365.092749641319,366.579115019976,20,0.1,1.5
1971,27,0.230876145667642,0,1.34107810613522,0,13.5646984917973,378.657448133116,380.143813511774,20,0.1,1.5
1971,26,0.230876145667642,0,1.33839849644318,0,13.5379023948768,392.195350527993,393.681715906651,20,0.1,1.5
1971,25,0.230876145667642,0,1.33572424088231,0,13.5111598392681,405.706510367261,407.192875745919,20,0.1,1.5
1971,24,0.230876145667642,0,1.33305532875452,0,13.4844707179903,419.190981085251,420.677346463909,20,0.1,1.5
1971,23,0.230876145667642,0,1.3303917493831,0,13.4578349242761,432.648816009527,434.135181388185,20,0.1,1.5
1971,22,0.230876145667642,0,1.32773349211265,0,13.4312523515716,446.080068361099,447.566433739757,20,0.1,1.5
1971,21,0.230876145667642,0,1.32508054630909,0,13.404722893536,459.484791254635,460.971156633293,20,0.1,1.5
1971,20,0.230876145667642,0,1.32243290135956,0,13.3782464440407,472.863037698676,474.349403077333,20,0.1,1.5
1971,19,0.230876145667642,0,1.31979054667242,0,13.3518228971693,486.214860595845,487.701225974503,20,0.1,1.5
1971,18,0.230876145667642,0,1.31715347167719,0,13.325452147217,499.540312743062,501.02667812172,20,0.1,1.5
1971,17,0.230876145667642,0,1.31452166582452,0,13.2991340886903,512.839446831752,514.32581221041,20,0.1,1.5
1971,16,0.230876145667642,0,1.31189511858612,0,13.2728686163063,526.112315448059,527.598680826716,20,0.1,1.5
1971,15,0.230876145667642,0,1.30927381945474,0,13.2466556249925,539.358971073051,540.845336451709,20,0.1,1.5
1971,14,0.230876145667642,0,1.30665775794415,0,13.2204950098866,552.579466082938,554.065831461596,20,0.1,1.5
1971,13,0.230876145667642,0,1.30404692358905,0,13.1943866663356,565.773852749273,567.260218127931,20,0.1,1.5
1971,12,0.230876145667642,0,1.30144130594505,0,13.1683304898955,578.942183239169,580.428548617827,20,0.1,1.5
1971,11,0.230876145667642,0,1.29884089458862,0,13.1423263763313,592.0845096155,593.570874994158,20,0.1,1.5
1971,10,0.230876145667642,0,1.2962456791171,0,13.1163742216161,605.200883837116,606.687249215774,20,0.1,1.5
1971,9,0.230876145667642,0,1.29365564914856,0,13.0904739219307,618.291357759047,619.777723137705,20,0.1,1.5
1971,8,0.230876145667642,0,1.29107079432186,0,13.0646253736637,631.35598313271,632.842348511368,20,0.1,1.5
1971,7,0.230876145667642,0,1.28849110429653,0,13.0388284734104,644.394811606121,645.881176984779,20,0.1,1.5
1971,6,0.230876145667642,0,1.28591656875278,0,13.0130831179729,657.407894724093,658.894260102752,20,0.1,1.5
1971,5,0.230876145667642,0,1.28334717739143,0,12.9873892043594,670.395283928453,671.881649307111,20,0.1,1.5
1971,4,0.230876145667642,0,1.28078291993389,0,12.961746629784,683.357030558237,684.843395936895,20,0.1,1.5
1971,3,0.230876145667642,0,1.2782237861221,0,12.9361552916661,696.293185849903,697.779551228561,20,0.1,1.5
1971,2,0.0115438072833821,0,0.000543134926531882,0,0.0131272207875735,696.30631307069,697.792678449349,1,0.1,1.5
1971,1,150,0,1.29048979293802,0,112.90489792938,809.211211000071,810.697576378729,99999,0.1,1.5
1972,97,0.000273545078180885,0.0459024602232626,0.0459024602232626,0,0.918231567850705,0,0,1,0.1,1.5
1972,96,0.000315752856364506,0.00046589431206381,0.0465847722632603,0.00254652449728401,0.507096089047256,0.470717167657484,0.507096089047256,1,0.1,1.5
1972,95,0.00036499349100484,0.000662349849012794,0.0472967561148423,0.00255987787216763,0.516404072520664,0.950551556290038,1.02350016156792,1,0.1,1.5
1972,94,0.000419058236425454,0.000667138938470053,0.0479533423276335,0.00255839209283214,0.523032643287683,1.43703574110869,1.5465328048556,1,0.1,1.5
1972,93,0.000482448475944876,0.000666653076795717,0.0486012528759343,0.00255481006704992,0.529497978516738,1.93003643295329,2.07603078337234,1,0.1,1.5
1972,92,0.00060299185065275,0.000665606417790813,0.0492390289355691,0.00254948778058128,0.535869602109005,2.42948478105399,2.61190038548135,1,0.1,1.5
1972,91,0.000790773523234668,0.000664121724467713,0.0498666016956084,0.00254247199345525,0.542155445027516,2.93531919760357,3.15405583050886,1,0.1,1.5
1972,90,0.0010414617850305,0.000662202953069294,0.0504842105745593,0.00253376945547167,0.548355149639711,3.44747764073655,3.70241098014857,1,0.1,1.5
1972,89,0.00134841444488856,0.000659853834233224,0.0510924177541947,0.00252339590806255,0.55447017181986,3.96589929958408,4.25688115196843,1,0.1,1.5
1972,88,0.00170280607384191,0.000657080032547017,0.0516920861597325,0.00251137471589121,0.560503647627612,4.49052616555611,4.81738479959605,1,0.1,1.5
1972,87,0.00209388679772291,0.000653852394023287,0.0522814021534881,0.00249759626683676,0.566428416676026,5.02127463556304,5.38381321627207,1,0.1,1.5
1972,86,0.00252911276352324,0.000650148381410474,0.0528576484458968,0.00248197658251897,0.572220851770454,5.55803867901179,5.95603406804253,1,0.1,1.5
1972,85,0.00302291307004381,0.000645985286657712,0.0534207629778957,0.00246458392296627,0.577891099782224,6.10072143703735,6.53392516782475,1,0.1,1.5
1972,84,0.00357226601493947,0.000641367604062843,0.0539708193364569,0.00244543763277488,0.583438203407179,6.64922481711918,7.11736337123193,1,0.1,1.5
1972,83,0.00417217271569693,0.000636302139877284,0.0545081943150162,0.00242456588042693,0.588863068460737,7.20345123014524,7.70622643969267,1,0.1,1.5
1972,82,0.00481565734026768,0.000630797892508765,0.0550335776640968,0.00240200516815759,0.59416855333801,7.76330542393814,8.30039499303068,1,0.1,1.5
1972,81,0.00549378725136755,0.000624865742786689,0.055547965199736,0.00237779911842372,0.599359393094096,8.32869625819762,8.89975438612477,1,0.1,1.5
1972,80,0.00617346163419549,0.000618498411786756,0.0560523136773522,0.0023519222483845,0.604422651243488,8.89952002017847,9.50417703736826,1,0.1,1.5
1972,79,0.00684460455639497,0.000611712761488396,0.0565481712538068,0.00232444095982278,0.609368209283255,9.47568193003568,10.1135452466515,1,0.1,1.5
1972,78,0.00751361466098227,0.000604542023316964,0.0570376407597183,0.00229548364077438,0.614223527710641,10.0571128343067,10.7277687743622,1,0.1,1.5
1972,77,0.00816621169751122,0.000597002170183058,0.0575227720649275,0.00226511281214611,0.61900063794201,10.6437547177895,11.3467694123042,1,0.1,1.5
1972,76,0.0087871703769529,0.000589108766523267,0.0580057504849101,0.00223338926648607,0.62371226704877,11.2355614238884,11.9704816793529,1,0.1,1.5
1972,75,0.00936087758225378,0.000580826170957435,0.0584836421256861,0.0022001797185956,0.628316406858351,11.8324466919097,12.5987980862113,1,0.1,1.5
1972,74,0.00990134123530219,0.00057213412795065,0.0589526707577553,0.00216540972680328,0.632783367682546,12.4342956349236,13.2315814538938,1,0.1,1.5
1972,73,0.0104302392195847,0.000563063834633446,0.0594137420012932,0.00212919976599011,0.637138690686468,13.041017186096,13.8687201445803,1,0.1,1.5
1972,72,0.010943330463636,0.000553623690433794,0.0598672471404307,0.00209158379775668,0.64138403049045,13.652521448047,14.5101041750708,1,0.1,1.5
1972,71,0.0114363299740136,0.000543822315668751,0.060313606341647,0.00205259657240181,0.645521314733002,14.2687199546029,15.1556254898038,1,0.1,1.5
1972,70,0.0119049406274879,0.000533668479245644,0.0607532631946114,0.00201227334961975,0.649552705960987,14.8895258984264,15.8051781957647,1,0.1,1.5
1972,69,0.0123448861905648,0.000523171025976605,0.061186678491379,0.00197064961892779,0.653480556713853,15.514854317727,16.4586587524786,1,0.1,1.5
1972,68,0.0127519454795913,0.000512338807237074,0.0616143235355628,0.00192776083400379,0.657307360900161,16.1446222381414,17.1159661133788,1,0.1,1.5
1972,67,0.0131219875903563,0.000501180615987303,0.0620366730040134,0.00188364216483864,0.66103570171032,16.7787487660683,17.7770018150891,1,0.1,1.5
1972,66,0.0134510081719988,0.000489705132391473,0.0624541980712434,0.00183832829114632,0.664668203548342,17.417155136886,18.4416700186374,1,0.1,1.5
1972,65,0.0137351630507112,0.000477920842392898,0.0628673550082865,0.00179185309583549,0.668207435243013,18.0597646707599,19.1098774538804,1,0.1,1.5
1972,64,0.0139708242108946,0.000465833285066377,0.0632761957869357,0.00174423936597056,0.671651878755435,18.7064988442872,19.7815293326359,1,0.1,1.5
1972,63,0.0141566193856268,0.000453446684990713,0.0636803887008034,0.00169550498137038,0.674997599848889,19.3572749444023,20.4565269324848,1,0.1,1.5
1972,62,0.0142935557971787,0.000440768168992042,0.0640797934887184,0.00164567869812108,0.678244349462668,20.0120095981775,21.1347712819474,1,0.1,1.5
1972,61,0.0143819976631218,0.000427804268125821,0.0644741964067467,0.00159478703033798,0.681390677052778,20.6706176033683,21.8161619590002,1,0.1,1.5
1972,60,0.014422593205688,0.000414561651073985,0.064863340612892,0.00154285700406843,0.68443489912062,21.3330116881451,22.5005968581208,1,0.1,1.5
1972,59,0.0144162531860736,0.000401047160780615,0.065246928408026,0.00148991629661017,0.687375109668451,21.9991022792905,23.1879719677893,1,0.1,1.5
1972,58,0.014364130186679,0.000387267862387071,0.0656246256478802,0.00143599341721908,0.69020921356835,22.6687973011843,23.8781811813576,1,0.1,1.5
1972,57,0.0142675880575216,0.000373231096413294,0.0659960687203239,0.00138111790603715,0.692934979339584,23.3420020247234,24.5711161606972,1,0.1,1.5
1972,56,0.0141281581999049,0.000358940750615687,0.0663601485839844,0.00132530658594104,0.695542616707,24.0186116902026,25.2666587774042,1,0.1,1.5
1972,55,0.0139511180168428,0.000344431961720054,0.0667215401686868,0.00126869142919302,0.698084629922817,24.6985721568513,25.964743407327,1,0.1,1.5
1972,54,0.0137134382863921,0.000331482298491031,0.0674566863824679,0.00121779545654431,0.70442105695115,25.3855961358518,26.6691644642782,1,0.1,1.5
1972,53,0.0115438072833821,0.000315181928047523,0.0676754622510446,0.00115458377777939,0.704096367281453,26.073198449165,27.3732608315596,1,0.1,1.5
1972,52,0.230876145667642,0.00290315094385396,1.24372282311764,0.0100719057630001,12.7640615391029,38.693375620225,40.1373223706625,20,0.1,1.5
1972,51,0.230876145667642,4.98945343336912e-06,1.06808480014077,0,10.8348153263871,49.5281909466121,50.9721376970496,20,0.1,1.5
1972,50,0.230876145667642,5.40973240719198e-36,1.18409715511495,0,11.9948889815945,61.5230799282066,62.9670266786441,20,0.1,1.5
1972,49,0.230876145667642,7.75843450946561e-70,1.3053081918281,0,13.2069993487261,74.7300792769327,76.1740260273703,20,0.1,1.5
1972,48,0.230876145667642,4.03362672442069e-92,1.39177824941559,0,14.071699924601,88.8017792015337,90.2457259519713,20,0.1,1.5
1972,47,0.230876145667642,3.56754758476511e-94,1.39567175257169,0,14.1106349561619,102.912414157696,104.356360908133,20,0.1,1.5
1972,46,0.230876145667642,3.56754758476516e-134,1.39288305925248,0,14.0827480229699,116.995162180666,118.439108931103,20,0.1,1.5
1972,45,0.230876145667642,3.5675475847652e-174,1.39009993802458,0,14.0549168106909,131.050078991356,132.494025741794,20,0.1,1.5
1972,44,0.230876145667642,3.56754758476525e-214,1.38732237775437,0,14.0271412079888,145.077220199345,146.521166949783,20,0.1,1.5
1972,43,0.230876145667642,3.56754758476529e-254,1.3845503673305,0,13.9994211037501,159.076641303095,160.520588053533,20,0.1,1.5
1972,42,0.230876145667642,3.56754758476534e-294,1.38178389566382,0,13.9717563870833,173.048397690179,174.492344440616,20,0.1,1.5
1972,41,0.230876145667642,0,1.37902295168733,0,13.9441469473184,186.992544637497,188.436491387935,20,0.1,1.5
1972,40,0.230876145667642,0,1.37626752435615,0,13.9165926740066,200.909137311504,202.353084061941,20,0.1,1.5
1972,39,0.230876145667642,0,1.37351760264746,0,13.8890934569196,214.798230768423,216.242177518861,20,0.1,1.5
1972,38,0.230876145667642,0,1.37077317556046,0,13.8616491860497,228.659879954473,230.103826704911,20,0.1,1.5
1972,37,0.230876145667642,0,1.36803423211636,0,13.8342597516087,242.494139706082,243.938086456519,20,0.1,1.5
1972,36,0.230876145667642,0,1.36530076135827,0,13.8069250440278,256.30106475011,257.745011500547,20,0.1,1.5
1972,35,0.230876145667642,0,1.36257275235122,0,13.7796449539573,270.080709704067,271.524656454504,20,0.1,1.5
1972,34,0.230876145667642,0,1.35985019418207,0,13.7524193722658,283.833129076333,285.27707582677,20,0.1,1.5
1972,33,0.230876145667642,0,1.35713307595951,0,13.7252481900402,297.558377266373,299.00232401681,20,0.1,1.5
1972,32,0.230876145667642,0,1.35442138681396,0,13.6981312985847,311.256508564958,312.700455315395,20,0.1,1.5
1972,31,0.230876145667642,0,1.35171511589758,0,13.6710685894209,324.927577154379,326.371523904816,20,0.1,1.5
1972,30,0.230876145667642,0,1.3490142523842,0,13.6440599542871,338.571637108666,340.015583859103,20,0.1,1.5
1972,29,0.230876145667642,0,1.34631878546929,0,13.617105285138,352.188742393804,353.632689144241,20,0.1,1.5
1972,28,0.230876145667642,0,1.3436287043699,0,13.5902044741441,365.778946867948,367.222893618385,20,0.1,1.5
1972,27,0.230876145667642,0,1.34094399832461,0,13.5633574136912,379.342304281639,380.786251032076,20,0.1,1.5
1972,26,0.230876145667642,0,1.33826465659353,0,13.5365639963804,392.878868278019,394.322815028457,20,0.1,1.5
1972,25,0.230876145667642,0,1.33559066845822,0,13.5098241150273,406.388692393047,407.832639143484,20,0.1,1.5
1972,24,0.230876145667642,0,1.33292202322164,0,13.4831376626615,419.871830055708,421.315776806145,20,0.1,1.5
1972,23,0.230876145667642,0,1.33025871020816,0,13.4565045325267,433.328334588235,434.772281338672,20,0.1,1.5
1972,22,0.230876145667642,0,1.32760071876344,0,13.4299246180795,446.758259206315,448.202205956752,20,0.1,1.5
1972,21,0.230876145667642,0,1.32494803825446,0,13.4033978129897,460.161657019304,461.605603769741,20,0.1,1.5
1972,20,0.230876145667642,0,1.32230065806942,0,13.3769240111393,473.538581030444,474.982527780881,20,0.1,1.5
1972,19,0.230876145667642,0,1.31965856761775,0,13.3505031066226,486.889084137066,488.333030887503,20,0.1,1.5
1972,18,0.230876145667642,0,1.31702175633003,0,13.3241349937454,500.213219130812,501.657165881249,20,0.1,1.5
1972,17,0.230876145667642,0,1.31439021365794,0,13.2978195670245,513.511038697836,514.954985448273,20,0.1,1.5
1972,16,0.230876145667642,0,1.31176392907426,0,13.2715567211877,526.782595419024,528.226542169461,20,0.1,1.5
1972,15,0.230876145667642,0,1.3091428920728,0,13.2453463511731,540.027941770197,541.471888520634,20,0.1,1.5
1972,14,0.230876145667642,0,1.30652709216836,0,13.2191883521287,553.247130122325,554.691076872763,20,0.1,1.5
1972,13,0.230876145667642,0,1.30391651889669,0,13.193082619412,566.440212741737,567.884159492175,20,0.1,1.5
1972,12,0.230876145667642,0,1.30131116181445,0,13.1670290485896,579.607241790327,581.051188540764,20,0.1,1.5
1972,11,0.230876145667642,0,1.29871101049917,0,13.1410275354368,592.748269325764,594.192216076201,20,0.1,1.5
1972,10,0.230876145667642,0,1.29611605454919,0,13.115077975937,605.863347301701,607.307294052138,20,0.1,1.5
1972,9,0.230876145667642,0,1.29352628358365,0,13.0891802662816,618.952527567982,620.39647431842,20,0.1,1.5
1972,8,0.230876145667642,0,1.29094168724242,0,13.0633343028693,632.015861870851,633.459808621289,20,0.1,1.5
1972,7,0.230876145667642,0,1.2883622551861,0,13.0375399823061,645.053401853158,646.497348603595,20,0.1,1.5
1972,6,0.230876145667642,0,1.2857879770959,0,13.0117972014041,658.065199054562,659.509145804999,20,0.1,1.5
1972,5,0.230876145667642,0,1.28321884267369,0,12.986105857182,671.051304911744,672.495251662181,20,0.1,1.5
1972,4,0.230876145667642,0,1.2806548416419,0,12.9604658468641,684.011770758608,685.455717509045,20,0.1,1.5
1972,3,0.230876145667642,0,1.27809596374348,0,12.9348770678799,696.946647826488,698.390594576925,20,0.1,1.5
1972,2,0.0115438072833821,0,0.000543080613039228,0,0.013126677652647,696.95977450414,698.403721254578,1,0.1,1.5
1972,1,150,0,1.29036074395872,0,112.903607439587,809.863381943728,811.307328694165,99999,0.1,1.5
1973,98,0.00023869867776749,0.0445924731752764,0.0445924731752764,0,0.892008595957373,0,0,1,0.1,1.5
1973,97,0.000273545078180885,0.000459024602232626,0.0458978699772402,0.00240627855357997,0.498126717088468,0.463751309180182,0.498126717088468,1,0.1,1.5
1973,96,0.000315752856364506,0.000641290067441641,0.047216744910355,0.00245038165378783,0.513796303879178,0.942542160862392,1.01192302096765,1,0.1,1.5
1973,95,0.00036499349100484,0.000646592966532037,0.0479319959072727,0.00245226697817204,0.521061603134509,1.42857137859444,1.53298462410215,1,0.1,1.5
1973,94,0.000419058236425454,0.000646269412592736,0.0485881450166088,0.00244949603238956,0.52761631691234,1.92119489504407,2.06060094101449,1,0.1,1.5
1973,93,0.000482448475944876,0.000645369047530436,0.0492350952674092,0.00244493170985105,0.534053871321708,2.42032117051077,2.5946548123362,1,0.1,1.5
1973,92,0.00060299185065275,0.000644028009323229,0.0498714769778208,0.00243868373519417,0.540395383512745,2.92587821494931,3.13505019584895,1,0.1,1.5
1973,91,0.000790773523234668,0.000642259215608491,0.0504972330338027,0.00243079281681053,0.546647716511656,3.43780031979224,3.6816979123606,1,0.1,1.5
1973,90,0.0010414617850305,0.00064006439339861,0.0511126045173698,0.00242126674929562,0.552810521954308,3.95602131675661,4.23450843431491,1,0.1,1.5
1973,89,0.00134841444488856,0.000637447515357969,0.0517181574894349,0.0024101220620615,0.558885308183495,4.4804763097678,4.79339374249841,1,0.1,1.5
1973,88,0.00170280607384191,0.000634414479298273,0.0523147606300893,0.00239738256352652,0.564875277479197,5.01110326491091,5.3582690199776,1,0.1,1.5
1973,87,0.00209388679772291,0.000630937590649422,0.052900573079982,0.00238294520428774,0.570753105585097,5.54781429614904,5.9290221255627,1,0.1,1.5
1973,86,0.00252911276352324,0.000626995629443848,0.0534728568266819,0.00236673171031764,0.576495052741477,6.09049889588598,6.50551717830418,1,0.1,1.5
1973,85,0.00302291307004381,0.000622605833608144,0.0540315668823395,0.00234880914352067,0.582111418875515,6.63905589842548,7.08762859717969,1,0.1,1.5
1973,84,0.00357226601493947,0.000617773084234349,0.054576781662717,0.00232919786665908,0.587601313384126,7.19338295657162,7.67522991056382,1,0.1,1.5
1973,83,0.00417217271569693,0.000612504491505505,0.0551088849656915,0.0023079266533141,0.592965723810731,7.75337829962072,8.26819563437455,1,0.1,1.5
1973,82,0.00481565734026768,0.000606809270964485,0.0556285755983698,0.00228503219132381,0.5982076039391,8.31894258654091,8.86640323831365,1,0.1,1.5
1973,81,0.00549378725136755,0.000600698437033796,0.056136860182822,0.00226055789791199,0.603331795288688,8.88998069757371,9.46973503360234,1,0.1,1.5
1973,80,0.00617346163419549,0.000594165546213993,0.0566346890080806,0.0022344814890743,0.608325350762042,9.46638488420612,10.0780603843644,1,0.1,1.5
1973,79,0.00684460455639497,0.000587227367570579,0.0571236266766371,0.00220686805317882,0.613198296620324,10.0480564943525,10.6912586809847,1,0.1,1.5
1973,78,0.00751361466098227,0.000579916330426765,0.0576058079058359,0.00217784133496093,0.617978337874152,10.6349228131557,11.3092370188589,1,0.1,1.5
1973,77,0.00816621169751122,0.000572248224738358,0.0580832979907576,0.00214746228509371,0.622677635930829,11.2269224164424,11.9319146547897,1,0.1,1.5
1973,76,0.0087871703769529,0.000564238404286751,0.0585582972264832,0.00211579005396728,0.627309042091867,11.8240058863347,12.5592236968816,1,0.1,1.5
1973,75,0.00936087758225378,0.000555853191358475,0.0590278386911224,0.00208269997756362,0.631830360701982,12.4260833902144,13.1910540575835,1,0.1,1.5
1973,74,0.00990134123530219,0.000547073772980326,0.0594881279223803,0.00204812359895225,0.636211819666935,13.0330363013248,13.8272658772505,1,0.1,1.5
1973,73,0.0104302392195847,0.000537930579843862,0.0599401005685906,0.00201217698123857,0.640479189743667,13.6447701056222,14.4677450669941,1,0.1,1.5
1973,72,0.010943330463636,0.000528432186343508,0.0603841563651558,0.00197489415312037,0.644634212773422,14.2611915447796,15.1123792797676,1,0.1,1.5
1973,71,0.0114363299740136,0.000518587366257139,0.0608207241241133,0.00193630984617338,0.648678904117428,14.882208879666,15.761058183885,1,0.1,1.5
1973,70,0.0119049406274879,0.000508405022197394,0.0612502562056969,0.00189645922564472,0.652615514016002,15.50773211903,16.413673697901,1,0.1,1.5
1973,69,0.0123448861905648,0.000497894114991713,0.0616732222282618,0.00185537762205784,0.656446482160404,16.1376732065895,17.0701201800614,1,0.1,1.5
1973,68,0.0127519454795913,0.000487063596573318,0.0620901023117102,0.00181310027710329,0.660174388599276,16.7719461626588,17.7302945686607,1,0.1,1.5
1973,67,0.0131219875903563,0.000475922347369533,0.0625013798779227,0.00176966210754669,0.663801901230493,17.4104671766386,18.3940964698912,1,0.1,1.5
1973,66,0.0134510081719988,0.000464479124110494,0.0629075347242228,0.00172509750918943,0.667331727395943,18.0531546539033,19.0614281972871,1,0.1,1.5
1973,65,0.0137351630507112,0.000452742482382801,0.0633090315467446,0.00167944006849083,0.670766516636855,18.6999291695617,19.732194713924,1,0.1,1.5
1973,64,0.0139708242108946,0.000440718174343303,0.0637059280088497,0.0016327129292648,0.674104815057261,19.3507095142009,20.4062995289812,1,0.1,1.5
1973,63,0.0141566193856268,0.000428410712192502,0.064097896907276,0.00158493465576625,0.677342746105573,20.0054103366526,21.0836422750868,1,0.1,1.5
1973,62,0.0142935557971787,0.00041582735622019,0.0644848051838998,0.00153613400221891,0.68048013405959,20.663945699252,21.7641224091464,1,0.1,1.5
1973,61,0.0143819976631218,0.000402974800265753,0.0648664457446906,0.00148633761475642,0.683515598388165,21.3262279031436,22.4476380075346,1,0.1,1.5
1973,60,0.014422593205688,0.000389859867527848,0.0652425685298479,0.00143557261658079,0.686447526347751,21.9921672492545,23.1340855338823,1,0.1,1.5
1973,59,0.0144162531860736,0.000376489545760349,0.0656128827893378,0.00138386674052313,0.68927408367298,22.6616718080628,23.8233596175553,1,0.1,1.5
1973,58,0.014364130186679,0.000362871032928641,0.0659770615396202,0.00133124849951677,0.69199324822399,23.3346472205795,24.5153528657793,1,0.1,1.5
1973,57,0.0142675880575216,0.00034901178747342,0.0663347485899611,0.00127774737282875,0.69460286304358,24.0109965497255,25.2099557288229,1,0.1,1.5
1973,56,0.0141281581999049,0.000334916053991416,0.0666848392156112,0.0012233811314919,0.697093198136324,24.6906128745548,25.9070489269592,1,0.1,1.5
1973,55,0.0139511180168428,0.000320617176915455,0.0670320408719682,0.00116827362679901,0.699516949073384,25.3734402003882,26.6065658760326,1,0.1,1.5
1973,54,0.0137134382863921,0.000307763687120988,0.0677543895779657,0.00111840850893996,0.705741089255223,26.06320402523,27.3123069652878,1,0.1,1.5
1973,53,0.0115438072833821,0.000291797763725323,0.0679573406492644,0.00105722531413951,0.705290474425573,26.7533912808821,28.0175974397134,1,0.1,1.5
1973,52,0.230876145667642,0.00254700795018857,1.24611642727607,0.00872401723065393,12.7651806002885,39.3939430635899,40.7827780400019,20,0.1,1.5
1973,51,0.230876145667642,4.98945343336912e-08,1.06797799166075,0,10.833697845998,50.2276409095878,51.6164758859998,20,0.1,1.5
1973,50,0.230876145667642,5.40973240719199e-38,1.18397874539943,0,11.9937048844394,62.2213457940273,63.6101807704393,20,0.1,1.5
1973,49,0.230876145667642,7.75843450946561e-72,1.30517766100892,0,13.2056940405343,75.4270398345616,76.8158748109736,20,0.1,1.5
1973,48,0.230876145667642,4.03362672442069e-94,1.39163907159065,0,14.0703081463516,89.4973479809132,90.8861829573252,20,0.1,1.5
1973,47,0.230876145667642,3.56754758476512e-96,1.39553218539643,0,14.1092392844094,103.606587265323,104.995422241735,20,0.1,1.5
1973,46,0.230876145667642,3.56754758476516e-136,1.39274377094656,0,14.0813551399107,117.687942405233,119.076777381645,20,0.1,1.5
1973,45,0.230876145667642,3.56754758476521e-176,1.38996092803078,0,14.0535267107529,131.741469115986,133.130304092398,20,0.1,1.5
1973,44,0.230876145667642,3.56754758476525e-216,1.3871836455166,0,14.025753885611,145.767223001597,147.156057978009,20,0.1,1.5
1973,43,0.230876145667642,3.5675475847653e-256,1.38441191229377,0,13.9980365533828,159.76525955498,161.154094531392,20,0.1,1.5
1973,42,0.230876145667642,3.56754758476534e-296,1.38164571727426,0,13.9703746031877,173.735634158168,175.12446913458,20,0.1,1.5
1973,41,0.230876145667642,0,1.37888504939217,0,13.9427679243667,187.678402082534,189.067237058946,20,0.1,1.5
1973,40,0.230876145667642,0,1.37612989760371,0,13.9152164064822,201.593618489017,202.982453465429,20,0.1,1.5
1973,39,0.230876145667642,0,1.37338025088719,0,13.887719939317,215.481338428334,216.870173404746,20,0.1,1.5
1973,38,0.230876145667642,0,1.37063609824291,0,13.8602784128742,229.341616841208,230.73045181762,20,0.1,1.5
1973,37,0.230876145667642,0,1.36789742869315,0,13.8328917173766,243.174508558584,244.563343534996,20,0.1,1.5
1973,36,0.230876145667642,0,1.36516423128213,0,13.8055597432664,256.980068301851,258.368903278263,20,0.1,1.5
1973,35,0.230876145667642,0,1.36243649507598,0,13.7782823812049,270.758350683056,272.147185659468,20,0.1,1.5
1973,34,0.230876145667642,0,1.35971420916265,0,13.7510595220716,284.509410205127,285.898245181539,20,0.1,1.5
1973,33,0.230876145667642,0,1.35699736265191,0,13.7238910569642,298.233301262092,299.622136238503,20,0.1,1.5
1973,32,0.230876145667642,0,1.35428594467528,0,13.6967768771979,311.930078139289,313.318913115701,20,0.1,1.5
1973,31,0.230876145667642,0,1.35157994438599,0,13.669716874305,325.599795013594,326.988629990006,20,0.1,1.5
1973,30,0.230876145667642,0,1.34887935095897,0,13.6427109400348,339.242505953629,340.631340930041,20,0.1,1.5
1973,29,0.230876145667642,0,1.34618415359075,0,13.6157589663526,352.858264919982,354.247099896394,20,0.1,1.5
1973,28,0.230876145667642,0,1.34349434149946,0,13.5888608454397,366.447125765421,367.835960741833,20,0.1,1.5
1973,27,0.230876145667642,0,1.34080990392478,0,13.5620164696929,380.009142235114,381.397977211526,20,0.1,1.5
1973,26,0.230876145667642,0,1.33813083012787,0,13.5352257317238,393.544367966838,394.93320294325,20,0.1,1.5
1973,25,0.230876145667642,0,1.33545710939137,0,13.5084885243588,407.052856491197,408.441691467609,20,0.1,1.5
1973,24,0.230876145667642,0,1.33278873101932,0,13.4818047406383,420.534661231835,421.923496208247,20,0.1,1.5
1973,23,0.230876145667642,0,1.33012568433714,0,13.4551742738165,433.989835505652,435.378670482064,20,0.1,1.5
1973,22,0.230876145667642,0,1.32746795869157,0,13.4285970173608,447.418432523013,448.807267499424,20,0.1,1.5
1973,21,0.230876145667642,0,1.32481554345063,0,13.4020728649514,460.820505387964,462.209340364376,20,0.1,1.5
1973,20,0.230876145667642,0,1.32216842800362,0,13.3756017104813,474.196107098445,475.584942074857,20,0.1,1.5
1973,19,0.230876145667642,0,1.31952660176099,0,13.349183448055,487.5452905465,488.934125522912,20,0.1,1.5
1973,18,0.230876145667642,0,1.31689005415439,0,13.322817971989,500.868108518489,502.256943494901,20,0.1,1.5
1973,17,0.230876145667642,0,1.31425877463657,0,13.2965051768108,514.1646136953,515.553448671712,20,0.1,1.5
1973,16,0.230876145667642,0,1.31163275268135,0,13.2702449572586,527.434858652559,528.82369362897,20,0.1,1.5
1973,15,0.230876145667642,0,1.30901197778359,0,13.244037208281,540.67889586084,542.067730837251,20,0.1,1.5
1973,14,0.230876145667642,0,1.30639643945914,0,13.2178818250365,553.896777685876,555.285612662288,20,0.1,1.5
1973,13,0.230876145667642,0,1.3037861272448,0,13.1917787028931,567.088556388769,568.477391365181,20,0.1,1.5
1973,12,0.230876145667642,0,1.30118103069827,0,13.1657277374278,580.254284126197,581.643119102609,20,0.1,1.5
1973,11,0.230876145667642,0,1.29858113939812,0,13.1397288244263,593.394012950623,594.782847927035,20,0.1,1.5
1973,10,0.230876145667642,0,1.29598644294373,0,13.1137818598824,606.507794810506,607.896629786918,20,0.1,1.5
1973,9,0.230876145667642,0,1.29339693095529,0,13.087886739998,619.595681550504,620.984516526916,20,0.1,1.5
1973,8,0.230876145667642,0,1.2908125930737,0,13.0620433611821,632.657724911686,634.046559888098,20,0.1,1.5
1973,7,0.230876145667642,0,1.28823341896058,0,13.0362516200509,645.693976531736,647.082811508148,20,0.1,1.5
1973,6,0.230876145667642,0,1.28565939829819,0,13.010511413427,658.704487945163,660.093322921575,20,0.1,1.5
1973,5,0.230876145667642,0,1.28309052078942,0,12.9848226383393,671.689310583503,673.078145559915,20,0.1,1.5
1973,4,0.230876145667642,0,1.28052677615773,0,12.9591851920224,684.648495775525,686.037330751937,20,0.1,1.5
1973,3,0.230876145667642,0,1.27796815414711,0,12.9335989719162,697.582094747441,698.970929723853,20,0.1,1.5
1973,2,0.0115438072833821,0,0.000543026304977924,0,0.013126134572034,697.595220882013,698.984055858426,1,0.1,1.5
1973,1,150,0,1.29023170788433,0,112.902317078843,810.497537960857,811.886372937269,99999,0.1,1.5
1974,99,0.000209462986364965,0.0428904919186059,0.0428904919186059,0,0.857949480363028,0,0,1,0.1,1.5
1974,98,0.00023869867776749,0.000445924731752764,0.0445880139279589,0.00222365866632498,0.482265071425033,0.450498519048962,0.482265071425033,1,0.1,1.5
1974,97,0.000273545078180885,0.00060615988441732,0.0464948498286375,0.00229495028570165,0.503977464597454,0.921690979564964,0.986242536022487,1,0.1,1.5
1974,96,0.000315752856364506,0.000619008314121373,0.0478246186493109,0.0023276569976654,0.517899014362357,1.40633775110353,1.50414155038484,1,0.1,1.5
1974,95,0.00036499349100484,0.00061953267420833,0.048540269452225,0.00232827455764477,0.525102415367548,1.89817910136187,2.02924396575239,1,0.1,1.5
1974,94,0.000419058236425454,0.000618836702223316,0.0491956602102045,0.00232465812214311,0.531633743026797,2.39660344264376,2.56087770877919,1,0.1,1.5
1974,93,0.000482448475944876,0.000617686617938067,0.0498414046853452,0.00231932292965626,0.538045730059504,2.90151598799389,3.09892343883869,1,0.1,1.5
1974,92,0.00060299185065275,0.000616111213891776,0.0504761607639216,0.00231236939556346,0.544358562853285,3.41284070233913,3.64328200169198,1,0.1,1.5
1974,91,0.000790773523234668,0.000614120796358717,0.0510998815147019,0.00230383730498534,0.55057916695922,3.93050790779856,4.1938611686512,1,0.1,1.5
1974,90,0.0010414617850305,0.000611717331257892,0.051712809944242,0.00229373533243256,0.556707228217865,4.45444748841024,4.75056839686906,1,0.1,1.5
1974,89,0.00134841444488856,0.000608904990668954,0.0523155161892013,0.00228208044365967,0.5627443039571,4.9845906431722,5.31331270082616,1,0.1,1.5
1974,88,0.00170280607384191,0.000605689785674614,0.0529088747949079,0.00226889649120352,0.568693656872247,5.52087149302726,5.88200635769841,1,0.1,1.5
1974,87,0.00209388679772291,0.00060204567697843,0.0534910193237459,0.00225408734153028,0.574527822275205,6.06319806756632,6.45653417997362,1,0.1,1.5
1974,86,0.00252911276352324,0.00059795288387385,0.0540591924685787,0.00223758058000784,0.580222965557462,6.61145559626652,7.03675714553108,1,0.1,1.5
1974,85,0.00302291307004381,0.000593428344216249,0.0546133660115314,0.00221944134467395,0.58578952386142,7.16553881520403,7.6225466693925,1,0.1,1.5
1974,84,0.00357226601493947,0.000588477197507114,0.0551536234512154,0.002199690572505,0.591226668199638,7.72534133236788,8.21377333759214,1,0.1,1.5
1974,83,0.00417217271569693,0.00058310670824358,0.0556803557405234,0.00217835714842242,0.596535460799407,8.29075740533268,8.81030879839154,1,0.1,1.5
1974,82,0.00481565734026768,0.000577326140540598,0.0561942707886409,0.00215547740981634,0.601718941944608,8.86168381285134,9.41202774033615,1,0.1,1.5
1974,81,0.00549378725136755,0.000571146458848335,0.0566963859712817,0.00213109400163491,0.606782049158901,9.43802166198689,10.018809789495,1,0.1,1.5
1974,80,0.00617346163419549,0.000564562027730716,0.0571876459114483,0.00210518762650058,0.611711829431262,10.0196593824681,10.6305216189263,1,0.1,1.5
1974,79,0.00684460455639497,0.000557589286970411,0.0576696313272642,0.00207782137154074,0.616518438297191,10.6064946583147,11.2470400572235,1,0.1,1.5
1974,78,0.00751361466098227,0.000550259497044501,0.0581445076587856,0.00204911337509893,0.621229796214654,11.1984514063137,11.8682698534382,1,0.1,1.5
1974,77,0.00816621169751122,0.00054258805352081,0.0586143552322319,0.00201912242017954,0.625858179991766,11.7954649803029,12.4941280334299,1,0.1,1.5
1974,76,0.0087871703769529,0.000534589897534689,0.0590813889102524,0.0019879054508577,0.630416550960473,12.3974828819654,13.1245445843904,1,0.1,1.5
1974,75,0.00936087758225378,0.00052623352630449,0.0595426109016442,0.00195534674625945,0.634862554280887,13.0044119112997,13.7594071386713,1,0.1,1.5
1974,74,0.00990134123530219,0.000517501637467865,0.0599942100093262,0.00192138381147407,0.639166350788724,13.6161299219245,14.39857348946,1,0.1,1.5
1974,73,0.0104302392195847,0.000508423551108081,0.0604371508038434,0.00188612739844635,0.643353913483234,14.2325391582871,15.0419274029432,1,0.1,1.5
1974,72,0.010943330463636,0.000499007860143527,0.0608718414877994,0.00184961111380958,0.647427063033418,14.853543205409,15.6893544659767,1,0.1,1.5
1974,71,0.0114363299740136,0.000489263335205916,0.0612987195132442,0.0018118691845451,0.651387893960678,15.4790472538761,16.3407423599373,1,0.1,1.5
1974,70,0.0119049406274879,0.000479198856633154,0.0617182459864875,0.00177293620094713,0.655238735529728,16.1089583293923,16.9959810954671,1,0.1,1.5
1974,69,0.0123448861905648,0.000468823346664376,0.0621308993115534,0.00173284686130344,0.658982105870698,16.7431854801016,17.6549632013378,1,0.1,1.5
1974,68,0.0127519454795913,0.000458145705241555,0.0625371683707548,0.00169163573099358,0.662620662474838,17.3816399178479,18.3175838638126,1,0.1,1.5
1974,67,0.0131219875903563,0.000447174750360367,0.0629375452668215,0.00164933701953861,0.666157149320703,18.0242351097466,18.9837410131333,1,0.1,1.5
1974,66,0.0134510081719988,0.000435919168538463,0.0633325183480477,0.00160598439615324,0.669594348177955,18.6708868236938,19.6533353613113,1,0.1,1.5
1974,65,0.0137351630507112,0.000424387441946536,0.0637225606607126,0.00156161072064649,0.672934980974396,19.3215130800876,20.3262703422857,1,0.1,1.5
1974,64,0.0139708242108946,0.000412585414059633,0.064107735648365,0.00151623910398572,0.676177652059877,19.9760301735191,21.0024479943455,1,0.1,1.5
1974,63,0.0141566193856268,0.000400517771063488,0.0644877207815268,0.00146988841753249,0.679318537747737,20.6343503053021,21.6817665320933,1,0.1,1.5
1974,62,0.0142935557971787,0.000388191774116928,0.0648623902039362,0.00142258700468224,0.682357528474111,21.2963851622807,22.3641240605674,1,0.1,1.5
1974,61,0.0143819976631218,0.000375614151691764,0.0652315435038052,0.00137436124318589,0.685293307042564,21.9620447372778,23.0494173676099,1,0.1,1.5
1974,60,0.014422593205688,0.000362791752820477,0.0655949374271401,0.00132523795273766,0.688124324690126,22.6312370912145,23.7375416923001,1,0.1,1.5
1974,59,0.0144162531860736,0.000349731580588386,0.0659522881861896,0.00127524452018324,0.690848811984923,23.3038681243397,24.428390504285,1,0.1,1.5
1974,58,0.014364130186679,0.00033644083520848,0.0663032759583454,0.00122440905918233,0.693464812714977,23.9798413790663,25.121855317,1,0.1,1.5
1974,57,0.0142675880575216,0.000322926961081923,0.0666475519583093,0.0011727605833186,0.695970237184431,24.6590578936319,25.8178255541844,1,0.1,1.5
1974,56,0.0141281581999049,0.000309194443412889,0.0669840160145627,0.00112031741462655,0.69835541120769,25.3414087703449,26.5161809653921,1,0.1,1.5
1974,55,0.0139511180168428,0.000295274578468907,0.0673174060745808,0.0010671948210397,0.700673192175626,26.02683632222,27.2168541575677,1,0.1,1.5
1974,54,0.0137134382863921,0.0002826797641062,0.0680272162662429,0.00101883710175411,0.706796068233764,26.7190775747144,27.9236502258015,1,0.1,1.5
1974,53,0.0115438072833821,0.00026722430617213,0.0682148512437343,0.00096016052348755,0.706233205928284,27.4115942017357,28.6298834317298,1,0.1,1.5
1974,52,0.230876145667642,0.00220647438716537,1.24817281994101,0.00749632053572295,12.7648006670943,40.0693045754626,41.3946840988241,20,0.1,1.5
1974,51,0.230876145667642,4.98945343336913e-10,1.06787119386159,0,10.8326293740504,50.901933949513,52.2273134728745,20,0.1,1.5
1974,50,0.230876145667642,5.40973240719199e-40,1.18386034752489,0,11.992520905694,62.894454855207,64.2198343785686,20,0.1,1.5
1974,49,0.230876145667642,7.75843450946562e-74,1.30504714324282,0,13.2043888628733,76.0988437180803,77.4242232414419,20,0.1,1.5
1974,48,0.230876145667642,4.0336267244207e-96,1.39149990768349,0,14.06891650728,90.1677602253604,91.4931397487219,20,0.1,1.5
1974,47,0.230876145667642,3.56754758476512e-98,1.39539263217789,0,14.107843752224,104.275603977584,105.600983500946,20,0.1,1.5
1974,46,0.230876145667642,3.56754758476516e-138,1.39260449656946,0,14.0799623961397,118.355566373724,119.680945897086,20,0.1,1.5
1974,45,0.230876145667642,3.56754758476521e-178,1.38982193193797,0,14.0521367498248,132.407703123549,133.73308264691,20,0.1,1.5
1974,44,0.230876145667642,3.56754758476525e-218,1.38704492715204,0,14.0243667019655,146.432069825514,147.757449348876,20,0.1,1.5
1974,43,0.230876145667642,3.5675475847653e-258,1.38427347110254,0,13.9966521414705,160.428721966985,161.754101490346,20,0.1,1.5
1974,42,0.230876145667642,3.56754758476534e-298,1.38150755270253,0,13.9689929574704,174.397714924455,175.723094447817,20,0.1,1.5
1974,41,0.230876145667642,0,1.37874716088723,0,13.9413890393174,188.339103963773,189.664483487134,20,0.1,1.5
1974,40,0.230876145667642,0,1.37599228461395,0,13.9138402765846,202.252944240357,203.578323763719,20,0.1,1.5
1974,39,0.230876145667642,0,1.3732429128621,0,13.8863465590661,216.139290799423,217.464670322785,20,0.1,1.5
1974,38,0.230876145667642,0,1.37049903463308,0,13.8589077767759,229.998198576199,231.323578099561,20,0.1,1.5
1974,37,0.230876145667642,0,1.36776063895028,0,13.8315238199479,243.829722396147,245.155101919509,20,0.1,1.5
1974,36,0.230876145667642,0,1.365027714859,0,13.8041945790351,257.633916975182,258.959296498544,20,0.1,1.5
1974,35,0.230876145667642,0,1.36230025142647,0,13.7769199447098,271.410836919892,272.736216443254,20,0.1,1.5
1974,34,0.230876145667642,0,1.35957823774174,0,13.7496998078625,285.160536727755,286.485916251116,20,0.1,1.5
1974,33,0.230876145667642,0,1.35686166291565,0,13.7225340596016,298.883070787356,300.208450310718,20,0.1,1.5
1974,32,0.230876145667642,0,1.35415051608081,0,13.6954225912532,312.578493378609,313.903872901971,20,0.1,1.5
1974,31,0.230876145667642,0,1.35144478639155,0,13.6683652943606,326.24685867297,327.572238196332,20,0.1,1.5
1974,30,0.230876145667642,0,1.34874446302387,0,13.6413620606838,339.888220733654,341.213600257015,20,0.1,1.5
1974,29,0.230876145667642,0,1.34604953517539,0,13.614412782199,353.502633515853,354.828013039214,20,0.1,1.5
1974,28,0.230876145667642,0,1.34335999206531,0,13.5875173510982,367.090150866951,368.415530390313,20,0.1,1.5
1974,27,0.230876145667642,0,1.34067582293438,0,13.5606756597889,380.65082652674,381.976206050101,20,0.1,1.5
1974,26,0.230876145667642,0,1.33799701704486,0,13.5338876008937,394.184714127634,395.510093650995,20,0.1,1.5
1974,25,0.230876145667642,0,1.33532356368043,0,13.5071530672494,407.691867194883,409.017246718245,20,0.1,1.5
1974,24,0.230876145667642,0,1.33265545214622,0,13.4804719519073,421.17233914679,422.497718670152,20,0.1,1.5
1974,23,0.230876145667642,0,1.3299926717687,0,13.4538441481321,434.626183294923,435.951562818284,20,0.1,1.5
1974,22,0.230876145667642,0,1.3273352118957,0,13.4272695494021,448.053452844325,449.378832367686,20,0.1,1.5
1974,21,0.230876145667642,0,1.32468306189629,0,13.400748049408,461.454200893733,462.779580417094,20,0.1,1.5
1974,20,0.230876145667642,0,1.32203621116082,0,13.3742795420533,474.828480435786,476.153859959147,20,0.1,1.5
1974,19,0.230876145667642,0,1.31939464910082,0,13.3478639214533,488.176344357239,489.501723880601,20,0.1,1.5
1974,18,0.230876145667642,0,1.31675836514898,0,13.3215010819349,501.497845439174,502.823224962536,20,0.1,1.5
1974,17,0.230876145667642,0,1.31412734875911,0,13.2951909180362,514.79303635721,516.118415880572,20,0.1,1.5
1974,16,0.230876145667642,0,1.31150158940608,0,13.2689333245059,528.061969681716,529.387349205078,20,0.1,1.5
1974,15,0.230876145667642,0,1.30888107658581,0,13.2427281963032,541.304697878019,542.630077401381,20,0.1,1.5
1974,14,0.230876145667642,0,1.3062657998152,0,13.2165754285971,554.521273306616,555.846652829978,20,0.1,1.5
1974,13,0.230876145667642,0,1.30365574863208,0,13.1904749167659,567.711748223382,569.037127746744,20,0.1,1.5
1974,12,0.230876145667642,0,1.3010509125952,0,13.1644265563971,580.876174779779,582.201554303141,20,0.1,1.5
1974,11,0.230876145667642,0,1.29845128128418,0,13.1384302432869,594.014605023066,595.339984546428,20,0.1,1.5
1974,10,0.230876145667642,0,1.29585684429944,0,13.1124858734395,607.127090896505,608.452470419867,20,0.1,1.5
1974,9,0.230876145667642,0,1.29326759126219,0,13.086593343067,620.213684239572,621.539063762934,20,0.1,1.5
1974,8,0.230876145667642,0,1.29068351181439,0,13.060752548589,633.274436788161,634.599816311523,20,0.1,1.5
1974,7,0.230876145667642,0,1.28810459561868,0,13.0349633866319,646.309400174793,647.634779698155,20,0.1,1.5
1974,6,0.230876145667642,0,1.28553083235836,0,13.0092257540287,659.318625928822,660.644005452184,20,0.1,1.5
1974,5,0.230876145667642,0,1.28296221173734,0,12.9835395478185,672.30216547664,673.627545000002,20,0.1,1.5
1974,4,0.230876145667642,0,1.28039872348012,0,12.9579046652463,685.260070141887,686.585449665249,20,0.1,1.5
1974,3,0.230876145667642,0,1.2778403573317,0,12.9323210037621,698.192391145649,699.517770669011,20,0.1,1.5
1974,2,0.0115438072833821,0,0.000542972002347427,0,0.013125591545729,698.205516737195,699.530896260556,1,0.1,1.5
1974,1,150,0,1.29010268471354,0,112.901026847135,811.10654358433,812.431923107692,99999,0.1,1.5
1975,100,0.000184356430157904,0.0409308382214581,0.0409308382214581,0,0.818739668715934,0,0,1,0.1,1.5
1975,99,0.000209462986364965,0.000428904919186059,0.042886202869414,0.00201918810499712,0.462136264234012,0.433290719876911,0.462136264234012,1,0.1,1.5
1975,98,0.00023869867776749,0.000560373913898772,0.0451394697931473,0.00210331130537031,0.487204873884739,0.890448289399217,0.949341138118752,1,0.1,1.5
1975,97,0.000273545078180885,0.000579799170269586,0.04706393791508,0.00216329811413733,0.507523993012341,1.36706802363817,1.45686513113109,1,0.1,1.5
1975,96,0.000315752856364506,0.000588104332557563,0.0484017504368623,0.0021931389382449,0.521439605859083,1.85717707323661,1.97830473699018,1,0.1,1.5
1975,95,0.00036499349100484,0.000588263966153276,0.049117484064691,0.00219287835063439,0.528627642882937,2.35447788253905,2.50693237987311,1,0.1,1.5
1975,94,0.000419058236425454,0.000587352897558011,0.0497719051747193,0.00218861313349762,0.535137854787499,2.85834983541944,3.04207023466061,1,0.1,1.5
1975,93,0.000482448475944876,0.000586007598593445,0.0504162512772907,0.0021827104621475,0.541525799106817,3.36869405649558,3.58359603376743,1,0.1,1.5
1975,92,0.00060299185065275,0.000584253461029782,0.0510492054967361,0.00217526595061809,0.547811812010733,3.88543064064034,4.13140784577816,1,0.1,1.5
1975,91,0.000790773523234668,0.000582100534209922,0.0516707308527968,0.00216631815055028,0.554002898369608,4.40848613685923,4.68541074414777,1,0.1,1.5
1975,90,0.0010414617850305,0.000579551006420719,0.0522810724963557,0.00215587633303455,0.560098776213516,4.93778667974369,5.24550952036129,1,0.1,1.5
1975,89,0.00134841444488856,0.000576609160821606,0.0528808047484973,0.0021439575734622,0.566101047391623,5.47325976180013,5.81161056775291,1,0.1,1.5
1975,88,0.00170280607384191,0.000573281020657626,0.0534708080302293,0.00213058541148527,0.572013029007887,6.01483585635823,6.3836235967608,1,0.1,1.5
1975,87,0.00209388679772291,0.000569542292152355,0.0540491920571961,0.00211567077838195,0.577807136287899,6.56241912438353,6.9614307330487,1,0.1,1.5
1975,86,0.00252911276352324,0.000565374673840699,0.0546131816943338,0.0020991471168397,0.58345945481228,7.11589076324096,7.54489018786098,1,0.1,1.5
1975,85,0.00302291307004381,0.000560794619610649,0.0551627650110988,0.00208107704178882,0.588980543712678,7.67514163492808,8.13387073157365,1,0.1,1.5
1975,84,0.00357226601493947,0.000555807415101322,0.0556980307319966,0.0020614816566642,0.594369630099951,8.24006152707569,8.7282403616736,1,0.1,1.5
1975,83,0.00417217271569693,0.000550420354188041,0.056219376992055,0.00204038951721973,0.599627843614129,8.81054094901525,9.32786820528773,1,0.1,1.5
1975,82,0.00481565734026768,0.00054464261385949,0.0567275207140162,0.00201783614381105,0.604758302131474,9.38647302052085,9.93262650741921,1,0.1,1.5
1975,81,0.00549378725136755,0.00053848496499721,0.0572234898330933,0.001993862925581,0.609766028894878,9.967755293336,10.5423925363141,1,0.1,1.5
1975,80,0.00617346163419549,0.000531942526902451,0.0577082240534823,0.00196845329415945,0.614638068238446,10.5542726002293,11.1570306045525,1,0.1,1.5
1975,79,0.00684460455639497,0.00052503123575489,0.0581833197070166,0.00194166777477422,0.619384690200182,11.1459191793613,11.7764152947527,1,0.1,1.5
1975,78,0.00751361466098227,0.000517780938745178,0.0586509715517944,0.0019136181811334,0.624034003933671,11.7426157807073,12.4004492986864,1,0.1,1.5
1975,77,0.00816621169751122,0.000510206485580094,0.0591132744017536,0.00188436065374032,0.628598387915587,12.3442947307123,13.029047686602,1,0.1,1.5
1975,76,0.0087871703769529,0.000502322261689773,0.0595724571340758,0.00185394948666559,0.633090900208942,12.9509006382546,13.6621385868109,1,0.1,1.5
1975,75,0.00936087758225378,0.000494099021827909,0.0600254933271189,0.00182227797870492,0.637469051097232,13.5623371467989,14.2996076379081,1,0.1,1.5
1975,74,0.00990134123530219,0.000485520969243196,0.0604685565411937,0.001789289438372,0.641702946952266,14.1784788160602,14.9413105848604,1,0.1,1.5
1975,73,0.0104302392195847,0.000476616085122669,0.0609026389383746,0.00175508863987348,0.645818737903365,14.7992248591082,15.5871293227638,1,0.1,1.5
1975,72,0.010943330463636,0.000467392857053831,0.061328157082103,0.00171970834883911,0.649818315160265,15.4244759121422,16.236947637924,1,0.1,1.5
1975,71,0.0114363299740136,0.000457859929488333,0.0617455569374291,0.00168318187398562,0.653703843994502,16.0541343007941,16.8906514819185,1,0.1,1.5
1975,70,0.0119049406274879,0.000448026038803113,0.0621553082121256,0.00164554282378711,0.657477724219809,16.6881042703883,17.5481292061384,1,0.1,1.5
1975,69,0.0123448861905648,0.000437899948792503,0.0625578979369481,0.00160682486559479,0.661142543921518,17.3262921733728,18.2092717500599,1,0.1,1.5
1975,68,0.0127519454795913,0.00042749038980081,0.0629538235866662,0.00156706149907745,0.664701029595027,17.9686066101238,18.8739727796549,1,0.1,1.5
1975,67,0.0131219875903563,0.000416806002388257,0.0633435857671795,0.00152628584731507,0.668155992955654,18.6149585195464,19.5421287726105,1,0.1,1.5
1975,66,0.0134510081719988,0.000405855290723695,0.0637276811952513,0.00148453048456977,0.671510281992079,19.2652612231875,20.2136390546026,1,0.1,1.5
1975,65,0.0137351630507112,0.000394646554581089,0.0641065910848081,0.00144182718698731,0.674766683003709,19.9194303749485,20.8884057376063,1,0.1,1.5
1975,64,0.0139708242108946,0.000383185630137027,0.0644803846507966,0.00139819869513339,0.677923852689933,20.5773799605651,21.5663295902963,1,0.1,1.5
1975,63,0.0141566193856268,0.000371477282093756,0.0648487441138318,0.00135366385265187,0.680978015254223,21.2390199207815,22.2473076055505,1,0.1,1.5
1975,62,0.0142935557971787,0.00035952866891173,0.0652115507160864,0.00130825024668357,0.683929120286437,21.9042597518296,22.9312367258369,1,0.1,1.5
1975,61,0.0143819976631218,0.00034734645231339,0.0655686106602513,0.00126198364538153,0.686775907358893,22.5730073213973,23.6180126331958,1,0.1,1.5
1975,60,0.014422593205688,0.00033493740571262,0.0659196874215818,0.00121489022436084,0.689516885043795,23.2451686318074,24.3075295182396,1,0.1,1.5
1975,59,0.0144162531860736,0.000322308445851693,0.0662645040874168,0.00116699668416404,0.692150341992411,23.9206475925975,24.999679860232,1,0.1,1.5
1975,58,0.014364130186679,0.000309466673147667,0.0666027478955452,0.00111833039882216,0.69467438103265,24.5993458250755,25.6943542412647,1,0.1,1.5
1975,57,0.0142675880575216,0.000296419415440469,0.0669340773489432,0.0010689195757519,0.697086972669116,25.281162518091,26.3914412139338,1,0.1,1.5
1975,56,0.0141281581999049,0.000283171298090766,0.0672573969666178,0.00101878272904697,0.699378493766741,25.9659869728714,27.0908197077005,1,0.1,1.5
1975,55,0.0139511180168428,0.000269751451044615,0.0675774730392332,0.000968026351830572,0.701601938130634,26.6537599631187,27.7924216458312,1,0.1,1.5
1975,54,0.0137134382863921,0.00025753607307959,0.0682751228200548,0.000921568800380445,0.707634149699136,27.348228844241,28.5000557955303,1,0.1,1.5
1975,53,0.0115438072833821,0.000242712373933609,0.0684480698894818,0.000865768537708771,0.706971816123677,28.0428325383974,29.207027611654,1,0.1,1.5
1975,52,0.230876145667642,0.00189614487780239,1.24992208279295,0.00639904168840812,12.7635145884156,40.71493224555,41.9705422000695,20,0.1,1.5
1975,51,0.230876145667642,4.98945343336913e-12,1.0677644067422,0,10.831561497917,51.546493743467,52.8021036979866,20,0.1,1.5
1975,50,0.230876145667642,5.40973240719199e-42,1.18374196149014,0,11.9913370453465,63.5378307888135,64.7934407433331,20,0.1,1.5
1975,49,0.230876145667642,7.75843450946562e-76,1.3049166385285,0,13.20308381573,76.7409146045435,77.9965245590631,20,0.1,1.5
1975,48,0.230876145667642,4.0336267244207e-98,1.39136075769272,0,14.0675250073723,90.8084396119159,92.0640495664354,20,0.1,1.5
1975,47,0.230876145667642,3.56754758476512e-100,1.39525309291467,0,14.1064483595918,104.914887971508,106.170497926027,20,0.1,1.5
1975,46,0.230876145667642,3.56754758476516e-140,1.39246523611981,0,14.0785697916431,118.993457763151,120.24906771767,20,0.1,1.5
1975,45,0.230876145667642,3.56754758476521e-180,1.38968294974478,0,14.0507469278929,133.044204691044,134.299814645563,20,0.1,1.5
1975,44,0.230876145667642,3.56754758476526e-220,1.38690622265933,0,14.0229796570384,147.067184348082,148.322794302602,20,0.1,1.5
1975,43,0.230876145667642,3.5675475847653e-260,1.38413504375543,0,13.9952678679994,161.062452216081,162.318062170601,20,0.1,1.5
1975,42,0.230876145667642,3.56754758476535e-300,1.38136940194726,0,13.9676114499177,175.030063665999,176.285673620519,20,0.1,1.5
1975,41,0.230876145667642,0,1.37860928617114,0,13.9400102921565,188.970073958156,190.225683912675,20,0.1,1.5
1975,40,0.230876145667642,0,1.37585468538549,0,13.9124642843,202.882538242456,204.138148196975,20,0.1,1.5
1975,39,0.230876145667642,0,1.37310558857082,0,13.8849733161533,216.767511558609,218.023121513129,20,0.1,1.5
1975,38,0.230876145667642,0,1.37036198472962,0,13.8575372777413,230.62504883635,231.88065879087,20,0.1,1.5
1975,37,0.230876145667642,0,1.36762386288638,0,13.8301560593089,244.455204895659,245.710814850179,20,0.1,1.5
1975,36,0.230876145667642,0,1.36489121208752,0,13.8028295513203,258.258034446979,259.513644401499,20,0.1,1.5
1975,35,0.230876145667642,0,1.36216402140133,0,13.7755576444584,272.033592091438,273.289202045957,20,0.1,1.5
1975,34,0.230876145667642,0,1.35944227991796,0,13.7483402296247,285.781932321063,287.037542275582,20,0.1,1.5
1975,33,0.230876145667642,0,1.35672597674935,0,13.7211771979386,299.503109519001,300.758719473521,20,0.1,1.5
1975,32,0.230876145667642,0,1.3540151010292,0,13.6940684407371,313.197177959738,314.452787914258,20,0.1,1.5
1975,31,0.230876145667642,0,1.35130964191291,0,13.6670138495742,326.864191809313,328.119801763832,20,0.1,1.5
1975,30,0.230876145667642,0,1.34860958857757,0,13.6400133162208,340.504205125533,341.759815080053,20,0.1,1.5
1975,29,0.230876145667642,0,1.34591493022187,0,13.6130667326638,354.117271858197,355.372881812717,20,0.1,1.5
1975,28,0.230876145667642,0,1.3432256560661,0,13.5861739911061,367.703445849303,368.959055803823,20,0.1,1.5
1975,27,0.230876145667642,0,1.34054175535209,0,13.559334983966,381.262780833269,382.518390787789,20,0.1,1.5
1975,26,0.230876145667642,0,1.33786321734315,0,13.5325496038766,394.795330437146,396.050940391665,20,0.1,1.5
1975,25,0.230876145667642,0,1.33519003132406,0,13.5058177436857,408.301148180832,409.556758135351,20,0.1,1.5
1975,24,0.230876145667642,0,1.33252218660101,0,13.4791392964551,421.780287477287,423.035897431806,20,0.1,1.5
1975,23,0.230876145667642,0,1.32985967250153,0,13.4525141554604,435.232801632747,436.488411587267,20,0.1,1.5
1975,22,0.230876145667642,0,1.32720247837451,0,13.4259422141902,448.658743846938,449.914353801457,20,0.1,1.5
1975,21,0.230876145667642,0,1.3245505935901,0,13.3994233663461,462.058167213284,463.313777167803,20,0.1,1.5
1975,20,0.230876145667642,0,1.3219040075397,0,13.3729575058421,475.431124719126,476.686734673645,20,0.1,1.5
1975,19,0.230876145667642,0,1.31926270963591,0,13.3465445268042,488.77766924593,490.033279200449,20,0.1,1.5
1975,18,0.230876145667642,0,1.31662668931246,0,13.3201843235697,502.0978535695,503.353463524019,20,0.1,1.5
1975,17,0.230876145667642,0,1.31399593602423,0,13.2938767906874,515.391730360187,516.647340314706,20,0.1,1.5
1975,16,0.230876145667642,0,1.31137043924714,0,13.2676218229165,528.659352183104,529.914962137623,20,0.1,1.5
1975,15,0.230876145667642,0,1.30875018847816,0,13.2414193152266,541.90077149833,543.156381452849,20,0.1,1.5
1975,14,0.230876145667642,0,1.30613517323522,0,13.2152691627973,555.116040661127,556.371650615647,20,0.1,1.5
1975,13,0.230876145667642,0,1.30352538305721,0,13.1891712610172,568.305211922145,569.560821876664,20,0.1,1.5
1975,12,0.230876145667642,0,1.30092080750394,0,13.1631255054845,581.468337427629,582.723947382148,20,0.1,1.5
1975,11,0.230876145667642,0,1.29832143615605,0,13.1371317920056,594.605469219635,595.861079174154,20,0.1,1.5
1975,10,0.230876145667642,0,1.29572725861501,0,13.1111900165952,607.71665923623,608.972269190749,20,0.1,1.5
1975,9,0.230876145667642,0,1.29313826450307,0,13.0853000754758,620.801959311706,622.057569266225,20,0.1,1.5
1975,8,0.230876145667642,0,1.29055444346321,0,13.0594618650772,633.861421176783,635.117031131302,20,0.1,1.5
1975,7,0.230876145667642,0,1.28797578515912,0,13.0336752820363,646.895096458819,648.150706413338,20,0.1,1.5
1975,6,0.230876145667642,0,1.28540227927513,0,13.0079402231964,659.903036682015,661.158646636535,20,0.1,1.5
1975,5,0.230876145667642,0,1.28283391551617,0,12.9822565856068,672.885293267622,674.140903222141,20,0.1,1.5
1975,4,0.230876145667642,0,1.28027068360777,0,12.9566242665228,685.841917534145,687.097527488664,20,0.1,1.5
1975,3,0.230876145667642,0,1.27771257329596,0,12.9310431634047,698.77296069755,700.028570652069,20,0.1,1.5
1975,2,0.0115438072833821,0,0.000542917705147192,0,0.0131250485737266,698.786085746123,700.041695700643,1,0.1,1.5
1975,1,150,0,1.28997367444507,0,112.899736744451,811.685822490574,812.941432445093,99999,0.1,1.5
1976,101,0.000163340102769242,0.0387761897719279,0.0387761897719279,0,0.775632688840404,0,0,1,0.1,1.5
1976,100,0.000184356430157904,0.000409308382214581,0.040926745137636,0.00181080372636512,0.439352064147636,0.413483439485277,0.439352064147636,1,0.1,1.5
1976,99,0.000209462986364965,0.00050908607544114,0.0433867112753764,0.00189973722489566,0.46623671871188,0.852581054984362,0.905588782859516,1,0.1,1.5
1976,98,0.00023869867776749,0.000531431565481565,0.0456607836725106,0.00197338028260665,0.490272431726147,1.31466233981613,1.39586121458566,1,0.1,1.5
1976,97,0.000273545078180885,0.000546622520237029,0.0476000560498229,0.00202885557612388,0.510632800173537,1.79631148890218,1.9064940147592,1,0.1,1.5
1976,96,0.000315752856364506,0.000554165777886801,0.0489451949963799,0.0020561285520618,0.524577374676364,2.29151559854909,2.43107138943556,1,0.1,1.5
1976,95,0.00036499349100484,0.00055410222732013,0.0496607919039431,0.00205515006072846,0.531751556888471,2.79390786885573,2.96282294632404,1,0.1,1.5
1976,94,0.000419058236425454,0.000553026812349985,0.0503140812675762,0.00205039978695693,0.538241878484835,3.30285832181261,3.50106482480887,1,0.1,1.5
1976,93,0.000482448475944876,0.00055153769152281,0.0509568872676999,0.0020440983840797,0.544607287396376,3.81826420372213,4.04567211220525,1,0.1,1.5
1976,92,0.00060299185065275,0.00054965902226482,0.0515879170638409,0.00203633645252884,0.550868276178571,4.34004195915029,4.59654038838382,1,0.1,1.5
1976,91,0.000790773523234668,0.00054740054297967,0.0522071433173491,0.00202715106053893,0.557031921816952,4.8681145801024,5.15357231020077,1,0.1,1.5
1976,90,0.0010414617850305,0.000544764593322845,0.0528148134723647,0.002016551850314,0.563097972089477,5.40240466861596,5.71667028229025,1,0.1,1.5
1976,89,0.00134841444488856,0.000541755484973767,0.053411506061388,0.002004555773413,0.569068069475634,5.94283622704284,6.28573835176588,1,0.1,1.5
1976,88,0.00170280607384191,0.000538379163077893,0.0539981073022976,0.00199118581980961,0.574945580414549,6.48933629574582,6.86068393218043,1,0.1,1.5
1976,87,0.00209388679772291,0.000534613117517011,0.0545727048325859,0.00197635979410291,0.580702815377171,7.04180539977867,7.4413867475576,1,0.1,1.5
1976,86,0.00252911276352324,0.000530440525948333,0.0551325071553742,0.00196001674899527,0.586315791260269,7.60012095176757,8.02770253881787,1,0.1,1.5
1976,85,0.00302291307004381,0.00052587720664331,0.0556775179950449,0.00194221646183588,0.591795176851709,8.16417017916448,8.61949771566958,1,0.1,1.5
1976,84,0.00357226601493947,0.000520928488317063,0.0562078313430894,0.00192297990962471,0.597140250556758,8.73383928815518,9.21663796622634,1,0.1,1.5
1976,83,0.00417217271569693,0.000515601582846812,0.0567238524336607,0.00190233502398762,0.602352203270601,9.30901527679738,9.81899016949694,1,0.1,1.5
1976,82,0.00481565734026768,0.000509905462091357,0.0572263069978975,0.00188031621564938,0.607434223050296,9.88958783962411,10.4264243925472,1,0.1,1.5
1976,81,0.00549378725136755,0.000503850581045223,0.0577162332155052,0.00185696333210876,0.612391410401303,10.4754512024239,11.0388158029485,1,0.1,1.5
1976,80,0.00617346163419549,0.000497432748808886,0.0581945665546168,0.00183226223887198,0.617210808964749,11.0664868365476,11.6560266119133,1,0.1,1.5
1976,79,0.00684460455639497,0.000490667256051104,0.0586629183187395,0.00180627061442655,0.621902791372549,11.6625857619998,12.2779294032858,1,0.1,1.5
1976,78,0.00751361466098227,0.000483582354670801,0.0591235109999226,0.0017790937116551,0.626495634438804,12.2636657719863,12.9044250377246,1,0.1,1.5
1976,77,0.00816621169751122,0.00047619222829088,0.0595784532377485,0.00175078480853579,0.631001807342579,12.8696563677784,13.5354268450672,1,0.1,1.5
1976,76,0.0087871703769529,0.000468510594283296,0.0600299872600287,0.00172139535174062,0.635434454295479,13.4804994599062,14.1708612993627,1,0.1,1.5
1976,75,0.00936087758225378,0.00046051048489451,0.0604750602724624,0.00169082733408649,0.639750968829641,14.0960957525346,14.8106122681923,1,0.1,1.5
1976,74,0.00990134123530219,0.000452177569285433,0.0609098320451326,0.00165902951169848,0.643921411896741,14.7163167428356,15.4545336800891,1,0.1,1.5
1976,73,0.0104302392195847,0.000443538320819598,0.0613353208344492,0.00162610046707203,0.647972091038202,15.3410588272014,16.1025057711273,1,0.1,1.5
1976,72,0.010943330463636,0.000434601015780316,0.0617519513536046,0.00159207186768479,0.651904961160341,15.9702199045376,16.7544107322876,1,0.1,1.5
1976,71,0.0114363299740136,0.00042537406779129,0.0621601778502318,0.00155697585389639,0.655722251361426,16.6036996437005,17.410132983649,1,0.1,1.5
1976,70,0.0119049406274879,0.000415865966334808,0.0625604783872512,0.001520844809828,0.659426425046966,17.2413997143214,18.069559408696,1,0.1,1.5
1976,69,0.0123448861905648,0.000406085215886623,0.0629533483635531,0.00148371113726704,0.663020133310969,17.8832239742428,18.732579542007,1,0.1,1.5
1976,68,0.0127519454795913,0.00039604027866737,0.0633392935790769,0.00144560704364783,0.666506164758806,18.5290786098067,19.3990857067658,1,0.1,1.5
1976,67,0.0131219875903563,0.00038573952185265,0.0637188228704316,0.00140656434722123,0.669887392038621,19.1788722254564,20.0689730988044,1,0.1,1.5
1976,66,0.0134510081719988,0.000375191174049681,0.0640924410482742,0.00136661431697,0.673166722675571,19.832515886461,20.74213982148,1,0.1,1.5
1976,65,0.0137351630507112,0.000364403262292639,0.0644606372224465,0.0013257874426282,0.676347000823506,20.4899230666755,21.4184868223035,1,0.1,1.5
1976,64,0.0139708242108946,0.000353381530084717,0.0648234862861149,0.00128410587484181,0.679426930609856,21.1510056276448,22.0979137529133,1,0.1,1.5
1976,63,0.0141566193856268,0.000342130735983904,0.0651806752025833,0.00124158819713911,0.682402779887601,21.8156714332875,22.7803165328009,1,0.1,1.5
1976,62,0.0142935557971787,0.000330657848360009,0.0655320921226856,0.00119826103156281,0.685274551645187,22.4838279701961,23.4655910844461,1,0.1,1.5
1976,61,0.0143819976631218,0.000318969375868517,0.0658775497105307,0.00115414932439853,0.68804103679748,23.1553811595022,24.1536321212436,1,0.1,1.5
1976,60,0.014422593205688,0.000307071930147335,0.0662168180089298,0.00110927839668161,0.690700795766206,23.8302351210301,24.8443329170098,1,0.1,1.5
1976,59,0.0144162531860736,0.000294972255499526,0.0665496268080491,0.00106367405395377,0.693252169720779,24.508291947123,25.5375850867306,1,0.1,1.5
1976,58,0.014364130186679,0.000282677266437018,0.0668756702204611,0.00101736272396828,0.695693314859648,25.1894515087831,26.2332784015902,1,0.1,1.5
1976,57,0.0142675880575216,0.000270194088092379,0.0671946138351462,0.000970371603849822,0.698022256087636,25.8736113133871,26.9313006576779,1,0.1,1.5
1976,56,0.0141281581999049,0.000257527395242651,0.0675053669091829,0.000922719139096692,0.700229417164621,26.5606590285646,27.6315300748425,1,0.1,1.5
1976,55,0.0139511180168428,0.000244704102468089,0.067812721879887,0.000874503293738728,0.70236790936438,27.2505340337328,28.3338979842069,1,0.1,1.5
1976,54,0.0137134382863921,0.000232967560825907,0.0684986875078679,0.000830148802988517,0.708318111491988,27.9469928766106,29.0422160956989,1,0.1,1.5
1976,53,0.0115438072833821,0.000218869258166529,0.0686576672169201,0.000777369342172946,0.707566512589877,28.6434541128837,29.7497826082887,1,0.1,1.5
1976,52,0.230876145667642,0.00161872187088005,1.25139685100677,0.00544285230357899,12.7618281921299,41.3275272721053,42.5116108004186,20,0.1,1.5
1976,51,0.230876145667642,4.98945343336913e-14,1.06765763030153,0,10.8304937334609,52.1580210055662,53.3421045338795,20,0.1,1.5
1976,50,0.230876145667642,5.409732407192e-44,1.18362358729399,0,11.990153303385,64.1481743089512,65.3322578372645,20,0.1,1.5
1976,49,0.230876145667642,7.75843450946562e-78,1.30478614686464,0,13.2017788990915,77.3499532080427,78.534036736356,20,0.1,1.5
1976,48,0.230876145667642,4.0336267244207e-100,1.39122162161696,0,14.0661336466146,91.4160868546574,92.6001703829707,20,0.1,1.5
1976,47,0.230876145667642,3.56754758476512e-102,1.39511356760538,0,14.1050531064989,105.521139961156,106.70522348947,20,0.1,1.5
1976,46,0.230876145667642,3.56754758476517e-142,1.39232598959619,0,14.077177326407,119.598317287563,120.782400815877,20,0.1,1.5
1976,45,0.230876145667642,3.56754758476521e-182,1.3895439814498,0,14.0493572449431,133.647674532506,134.83175806082,20,0.1,1.5
1976,44,0.230876145667642,3.56754758476526e-222,1.38676753203706,0,14.0215927508157,147.669267283322,148.853350811635,20,0.1,1.5
1976,43,0.230876145667642,3.5675475847653e-262,1.38399663025106,0,13.9938837329556,161.663151016278,162.847234544591,20,0.1,1.5
1976,42,0.230876145667642,3.56754758476535e-302,1.38123126500706,0,13.9662300805157,175.629381096794,176.813464625107,20,0.1,1.5
1976,41,0.230876145667642,0,1.37847142524252,0,13.9386316828703,189.568012779664,190.752096307977,20,0.1,1.5
1976,40,0.230876145667642,0,1.37571709991695,0,13.9110884296146,203.479101209278,204.663184737592,20,0.1,1.5
1976,39,0.230876145667642,0,1.37296827801196,0,13.8836002105647,217.362701419843,218.546784948156,20,0.1,1.5
1976,38,0.230876145667642,0,1.37022494853115,0,13.8561669157565,231.2188683356,232.402951863913,20,0.1,1.5
1976,37,0.230876145667642,0,1.36748710050009,0,13.828788435446,245.047656771046,246.231740299359,20,0.1,1.5
1976,36,0.230876145667642,0,1.36475472296631,0,13.8014646601082,258.849121431154,260.033204959467,20,0.1,1.5
1976,35,0.230876145667642,0,1.36202780499919,0,13.774195480437,272.623316911591,273.807400439904,20,0.1,1.5
1976,34,0.230876145667642,0,1.35930633568997,0,13.7469807873448,286.370297698936,287.554381227249,20,0.1,1.5
1976,33,0.230876145667642,0,1.35659030415168,0,13.7198204719619,300.090118170898,301.274201699211,20,0.1,1.5
1976,32,0.230876145667642,0,1.3538796995191,0,13.6927144256361,313.782832596534,314.966916124847,20,0.1,1.5
1976,31,0.230876145667642,0,1.35117451094872,0,13.6656625399323,327.448495136466,328.632578664779,20,0.1,1.5
1976,30,0.230876145667642,0,1.34847472761871,0,13.6386647066322,341.087159843098,342.271243371412,20,0.1,1.5
1976,29,0.230876145667642,0,1.34578033872885,0,13.6117208177336,354.698880660832,355.882964189145,20,0.1,1.5
1976,28,0.230876145667642,0,1.3430913335005,0,13.5848307654501,368.283711426282,369.467794954595,20,0.1,1.5
1976,27,0.230876145667642,0,1.34040770117656,0,13.5579944422106,381.841705868493,383.025789396806,20,0.1,1.5
1976,26,0.230876145667642,0,1.33772943102142,0,13.5312117406593,395.372917609152,396.557001137465,20,0.1,1.5
1976,25,0.230876145667642,0,1.33505651232093,0,13.5044825536544,408.877400162806,410.06148369112,20,0.1,1.5
1976,24,0.230876145667642,0,1.33238893438235,0,13.4778067742685,422.355206937075,423.539290465388,20,0.1,1.5
1976,23,0.230876145667642,0,1.32972668653428,0,13.4511842957879,435.806391232863,436.990474761176,20,0.1,1.5
1976,22,0.230876145667642,0,1.32706975812667,0,13.4246150117118,449.231006244575,450.415089772888,20,0.1,1.5
1976,21,0.230876145667642,0,1.32441813853074,0,13.3980988157525,462.629105060327,463.81318858864,20,0.1,1.5
1976,20,0.230876145667642,0,1.32177181713895,0,13.3716356018346,476.000740662162,477.184824190475,20,0.1,1.5
1976,19,0.230876145667642,0,1.31913078336494,0,13.3452252640945,489.345965926256,490.530049454569,20,0.1,1.5
1976,18,0.230876145667642,0,1.31649502664353,0,13.3188676968804,502.664833623137,503.84891715145,20,0.1,1.5
1976,17,0.230876145667642,0,1.31386453643063,0,13.2925627947514,515.957396417888,517.141479946201,20,0.1,1.5
1976,16,0.230876145667642,0,1.31123930220322,0,13.2663104524773,529.223706870365,530.407790398678,20,0.1,1.5
1976,15,0.230876145667642,0,1.30861931345931,0,13.2401105650382,542.463817435403,543.647900963717,20,0.1,1.5
1976,14,0.230876145667642,0,1.30600455971789,0,13.213963027624,555.677780463027,556.861863991341,20,0.1,1.5
1976,13,0.230876145667642,0,1.30339503051891,0,13.1878677356342,568.865648198662,570.049731726975,20,0.1,1.5
1976,12,0.230876145667642,0,1.30079071542319,0,13.161824584677,582.027472783339,583.211556311652,20,0.1,1.5
1976,11,0.230876145667642,0,1.29819160401243,0,13.1358334705694,595.163306253908,596.347389782221,20,0.1,1.5
1976,10,0.230876145667642,0,1.29559768588914,0,13.1098942893365,608.273200543244,609.457284071558,20,0.1,1.5
1976,9,0.230876145667642,0,1.29300895067662,0,13.0840069372112,621.357207480456,622.541291008769,20,0.1,1.5
1976,8,0.230876145667642,0,1.29042538801886,0,13.0581713106337,634.41537879109,635.599462319403,20,0.1,1.5
1976,7,0.230876145667642,0,1.2878469875806,0,13.0323873062511,647.447766097341,648.631849625654,20,0.1,1.5
1976,6,0.230876145667642,0,1.2852737390472,0,13.0066548209171,660.454420918258,661.638504446571,20,0.1,1.5
1976,5,0.230876145667642,0,1.28270563212462,0,12.9809737516913,673.435394669949,674.619478198262,20,0.1,1.5
1976,4,0.230876145667642,0,1.28014265653941,0,12.9553439958392,686.390738665788,687.574822194101,20,0.1,1.5
1976,3,0.230876145667642,0,1.27758480203863,0,12.9297654508314,699.320504116619,700.504587644933,20,0.1,1.5
1976,2,0.0115438072833821,0,0.000542863413376677,0,0.0131245056560215,699.333628622275,700.517712150589,1,0.1,1.5
1976,1,150,0,1.28984467707762,0,112.898446770776,812.232075393052,813.416158921365,99999,0.1,1.5
1977,102,0.000146022023884342,0.0365672854332041,0.0365672854332041,0,0.731443056680005,0,0,1,0.1,1.5
1977,101,0.000163340102769242,0.000387761897719279,0.0387723121529507,0.00160906059074066,0.414696213776269,0.391709633908546,0.414696213776269,1,0.1,1.5
1977,100,0.000184356430157904,0.000456794015413425,0.0413753533947135,0.00169928850755568,0.442719928495979,0.810154012296587,0.857416142272248,1,0.1,1.5
1977,99,0.000209462986364965,0.000480025166978327,0.0438573069104728,0.00177903990117159,0.468927818496444,1.25366697506201,1.32634396076869,1,0.1,1.5
1977,98,0.00023869867776749,0.000498659386306478,0.046149562664795,0.00184736567985387,0.493032291246487,1.72030832802487,1.81937625201518,1,0.1,1.5
1977,97,0.000273545078180885,0.000512680119233341,0.0481025099382489,0.00189870652450521,0.513458642881779,2.20664259198514,2.33283489489696,1,0.1,1.5
1977,96,0.000315752856364506,0.000519573795794317,0.0494543326148957,0.00192360380291528,0.527429620338504,2.70659215799629,2.86026451523546,1,0.1,1.5
1977,95,0.00036499349100484,0.000519328537455317,0.0501696133399348,0.00192204051392966,0.534590469395471,3.21372490576419,3.39485498463093,1,0.1,1.5
1977,94,0.000419058236425454,0.000518130214862733,0.0508216498061887,0.0019169331850529,0.541061932154601,3.72740207813232,3.93591691678553,1,0.1,1.5
1977,93,0.000482448475944876,0.000516539972935154,0.051462816174993,0.00191036061585776,0.547406059737404,4.2475172719289,4.48332297652294,1,0.1,1.5
1977,92,0.00060299185065275,0.000514580703354859,0.0520918423852668,0.00190240841336543,0.553643488501396,4.77398349738222,5.03696646502433,1,0.1,1.5
1977,91,0.000790773523234668,0.000512261770564528,0.0527087103681521,0.00189311206949728,0.559781361871664,5.30672040111821,5.596747826896,1,0.1,1.5
1977,90,0.0010414617850305,0.000509585608511729,0.0533136699535959,0.00188248143958325,0.56581945547181,5.84564726459597,6.16256728236781,1,0.1,1.5
1977,89,0.00134841444488856,0.000506556498202987,0.0539073038541351,0.00187053321026363,0.571759449490406,6.39068481108261,6.73432673185821,1,0.1,1.5
1977,88,0.00170280607384191,0.000503180246583182,0.0544905039465198,0.0018572896975796,0.577604755945681,6.94175685706287,7.3119314878039,1,0.1,1.5
1977,87,0.00209388679772291,0.000499436079700897,0.0550613375106284,0.00184267515387293,0.583327591204721,7.49876051749798,7.89525907900862,1,0.1,1.5
1977,86,0.00252911276352324,0.000495308592508301,0.0556169980919075,0.00182663383611413,0.588903911107185,8.06156965951782,8.4841629901158,1,0.1,1.5
1977,85,0.00302291307004381,0.000490812887525404,0.0561575043587043,0.00180922261096703,0.594344485141855,8.63006810736014,9.07850747525766,1,0.1,1.5
1977,84,0.00357226601493947,0.000485954262289347,0.0566829555373613,0.00179046214904105,0.599648639373719,9.20413871603328,9.67815611463137,1,0.1,1.5
1977,83,0.00417217271569693,0.000480739771825373,0.0571937638044143,0.00177037959862064,0.60481762136268,9.7836652002728,10.2829737359941,1,0.1,1.5
1977,82,0.00481565734026768,0.000475178108533259,0.0576906634211101,0.0017490081246769,0.609854683875805,10.3685340537961,10.8928284198699,1,0.1,1.5
1977,81,0.00549378725136755,0.000469279338837643,0.0581747024252109,0.00172638592052848,0.61476499848228,10.9586363962708,11.5075934183521,1,0.1,1.5
1977,80,0.00617346163419549,0.000463039887206084,0.0586468126576794,0.00170250098952275,0.619535609245786,11.5538505628091,12.1271290275979,1,0.1,1.5
1977,79,0.00684460455639497,0.000456474326167149,0.0591086196805143,0.00167740810945945,0.624176982763355,12.1540645725802,12.7513060103613,1,0.1,1.5
1977,78,0.00751361466098227,0.000449609251460484,0.0595623720767364,0.00165120611591165,0.628717548521361,12.7591934623028,13.3800235588826,1,0.1,1.5
1977,77,0.00816621169751122,0.000442458124416857,0.0600101915945586,0.00162394541349334,0.633169858514191,13.3691641006243,14.0131934173968,1,0.1,1.5
1977,76,0.0087871703769529,0.000435033943877988,0.0604543330992379,0.0015956746048052,0.637547135513011,13.9839158846401,14.6507405529098,1,0.1,1.5
1977,75,0.00936087758225378,0.000427311938370567,0.0608917195999568,0.00156630378085039,0.641806668735972,14.6033467850782,15.2925472216458,1,0.1,1.5
1977,74,0.00990134123530219,0.000419279153617475,0.0613184984398527,0.00153578667415414,0.645918479722344,15.2273254551697,15.9384657013682,1,0.1,1.5
1977,73,0.0104302392195847,0.000410960499976203,0.0617357124191337,0.00150421581648223,0.649909019382473,15.8557456771739,16.5883747207506,1,0.1,1.5
1977,72,0.010943330463636,0.000402363977079001,0.0621437941253904,0.00147162166242447,0.653780301273182,16.488502811841,17.2421550220238,1,0.1,1.5
1977,71,0.0114363299740136,0.00039349770415201,0.0625432057959209,0.00143803507683499,0.657534613223904,17.1254940668244,17.8996896352477,1,0.1,1.5
1977,70,0.0119049406274879,0.000384369862120348,0.0629344335418694,0.00140348711962314,0.661174477119506,17.7666187279493,18.5608641123672,1,0.1,1.5
1977,69,0.0123448861905648,0.000374988636475626,0.0633179808130335,0.00136800883401342,0.664702601965183,18.4117783465714,19.2255667143324,1,0.1,1.5
1977,68,0.0127519454795913,0.000365362163698632,0.0636943614106309,0.00133163104854432,0.66812183342318,19.0608768793011,19.8936885477556,1,0.1,1.5
1977,67,0.0131219875903563,0.000355498482023835,0.0640640920749498,0.00129438419571995,0.67143510009264,19.7138207765978,20.5651236478482,1,0.1,1.5
1977,66,0.0134510081719988,0.000345405490982996,0.0644276853834118,0.00125629816347567,0.674645364146362,20.3705190241231,21.2397690119946,1,0.1,1.5
1977,65,0.0137351630507112,0.000335090893279976,0.0647856380193813,0.0012174020833407,0.677755522827192,21.0308830886168,21.9175245348218,1,0.1,1.5
1977,64,0.0139708242108946,0.000324560284011299,0.0651380304061967,0.00117771740186624,0.680764324021718,21.6948228783261,22.5982888588435,1,0.1,1.5
1977,63,0.0141566193856268,0.000313818356644616,0.0654845541843479,0.00113726230477251,0.683668076020902,22.3622443499932,23.2819569348644,1,0.1,1.5
1977,62,0.0142935557971787,0.000302871836374303,0.0658251041713641,0.00109606235807641,0.686466830962309,23.0330531472687,23.9684237658267,1,0.1,1.5
1977,61,0.0143819976631218,0.000291727024858317,0.0661594992866592,0.00105414158632038,0.689159427076119,23.7071534088259,24.6575831929028,1,0.1,1.5
1977,60,0.014422593205688,0.000280390318471876,0.0664875159262993,0.00101152435840936,0.691744472562114,24.3844475334108,25.3493276654649,1,0.1,1.5
1977,59,0.0144162531860736,0.000268868236043437,0.0668088903588567,0.000968235490000749,0.694220356977823,25.0648359548171,26.0435480224428,1,0.1,1.5
1977,58,0.014364130186679,0.000257167453656439,0.0671233233344312,0.000924300370983482,0.696585285686045,25.7482169494891,26.7401333081288,1,0.1,1.5
1977,57,0.0142675880575216,0.000245294841843379,0.0674304872747252,0.000879745100763486,0.698837333691131,26.4344864960265,27.4389706418199,1,0.1,1.5
1977,56,0.0141281581999049,0.0002332550587266,0.0677292961572662,0.000834587888709161,0.700966968417614,27.1235307803197,28.1399376102376,1,0.1,1.5
1977,55,0.0139511180168428,0.000221072864459363,0.0680245664311336,0.000788918717030286,0.703027405686639,27.8152879186202,28.8429650159242,1,0.1,1.5
1977,54,0.0137134382863921,0.000209866876355388,0.0686993748398643,0.000746712316814487,0.70890202816476,28.5135226279733,29.551867044089,1,0.1,1.5
1977,53,0.0115438072833821,0.000196531028124902,0.0688451437857416,0.000696919039528804,0.708068605939903,29.2116352476342,30.2599356500289,1,0.1,1.5
1977,52,0.230876145667642,0.00137690029460355,1.25263242439756,0.00462522752940524,12.7600853563583,41.905645925001,43.0200210063871,20,0.1,1.5
1977,51,0.230876145667642,4.98945343336913e-16,1.0675508645385,0,10.8294260758301,52.7350720008311,53.8494470822172,20,0.1,1.5
1977,50,0.230876145667642,5.409732407192e-46,1.18350522493526,0,11.9889696797977,64.7240416806288,65.8384167620149,20,0.1,1.5
1977,49,0.230876145667642,7.75843450946563e-80,1.30465566824996,0,13.2004741129447,77.9245157935734,79.0388908749596,20,0.1,1.5
1977,48,0.230876145667642,4.0336267244207e-102,1.39108249945479,0,14.064742424993,91.9892582185665,93.1036332999526,20,0.1,1.5
1977,47,0.230876145667642,3.56754758476512e-104,1.39497405624862,0,14.1036579929313,106.092916211498,107.207291292884,20,0.1,1.5
1977,46,0.230876145667642,3.56754758476517e-144,1.39218675699723,0,14.0757850004174,120.168701211915,121.283076293301,20,0.1,1.5
1977,45,0.230876145667642,3.56754758476521e-184,1.38940502705166,0,14.0479677009617,134.216668912877,135.331043994263,20,0.1,1.5
1977,44,0.230876145667642,3.56754758476526e-224,1.38662885528386,0,14.0202059832837,148.236874896161,149.351249977547,20,0.1,1.5
1977,43,0.230876145667642,3.5675475847653e-264,1.38385823058803,0,13.9924997363254,162.229374632486,163.343749713872,20,0.1,1.5
1977,42,0.230876145667642,3.56754758476535e-304,1.38109314188056,0,13.9648488492507,176.194223481737,177.308598563123,20,0.1,1.5
1977,41,0.230876145667642,0,1.3783335781,0,13.9372532114451,190.131476693182,191.245851774568,20,0.1,1.5
1977,40,0.230876145667642,0,1.37557952820696,0,13.9097127125147,204.041189405696,205.155564487083,20,0.1,1.5
1977,39,0.230876145667642,0,1.37283098118416,0,13.8822272422867,217.923416647983,219.037791729369,20,0.1,1.5
1977,38,0.230876145667642,0,1.37008792603629,0,13.854796690808,231.778213338791,232.892588420177,20,0.1,1.5
1977,37,0.230876145667642,0,1.36735035179004,0,13.8274209483455,245.605634287137,246.720009368523,20,0.1,1.5
1977,36,0.230876145667642,0,1.36461824749401,0,13.8000999053852,259.405734192522,260.520109273908,20,0.1,1.5
1977,35,0.230876145667642,0,1.36189160221869,0,13.772833452632,273.178567645154,274.29294272654,20,0.1,1.5
1977,34,0.230876145667642,0,1.3591704050564,0,13.7456214810091,286.924189126163,288.038564207549,20,0.1,1.5
1977,33,0.230876145667642,0,1.35645464512126,0,13.7184638816577,300.642653007821,301.757028089207,20,0.1,1.5
1977,32,0.230876145667642,0,1.35374431154915,0,13.6913605459366,314.334013553757,315.448388635143,20,0.1,1.5
1977,31,0.230876145667642,0,1.35103939349763,0,13.6643113654214,327.998324919179,329.112700000565,20,0.1,1.5
1977,30,0.230876145667642,0,1.34833988014595,0,13.6373162319046,341.635641151083,342.750016232469,20,0.1,1.5
1977,29,0.230876145667642,0,1.34564576069497,0,13.6103750373948,355.246016188478,356.360391269864,20,0.1,1.5
1977,28,0.230876145667642,0,1.34295702436715,0,13.5834876741166,368.829503862595,369.943878943981,20,0.1,1.5
1977,27,0.230876145667642,0,1.34027366040644,0,13.5566540345095,382.386157897104,383.50053297849,20,0.1,1.5
1977,26,0.230876145667642,0,1.33759565807832,0,13.5298740112283,395.916031908333,397.030406989719,20,0.1,1.5
1977,25,0.230876145667642,0,1.3349230066697,0,13.5031474971421,409.419179405475,410.533554486861,20,0.1,1.5
1977,24,0.230876145667642,0,1.33225569548891,0,13.4764743853342,422.895653790809,424.010028872195,20,0.1,1.5
1977,23,0.230876145667642,0,1.32959371386562,0,13.4498545691013,436.34550835991,437.459883441296,20,0.1,1.5
1977,22,0.230876145667642,0,1.32693705115086,0,13.4232879419537,449.768796301864,450.88317138325,20,0.1,1.5
1977,21,0.230876145667642,0,1.32428569671689,0,13.396774397614,463.165570699478,464.279945780864,20,0.1,1.5
1977,20,0.230876145667642,0,1.32163963995723,0,13.3703138300174,476.535884529495,477.650259610881,20,0.1,1.5
1977,19,0.230876145667642,0,1.31899887028661,0,13.3439061333112,489.879790662807,490.994165744192,20,0.1,1.5
1977,18,0.230876145667642,0,1.31636337714087,0,13.3175512018538,503.19734186466,504.311716946046,20,0.1,1.5
1977,17,0.230876145667642,0,1.31373314997699,0,13.2912489302149,516.488590794875,517.602965876261,20,0.1,1.5
1977,16,0.230876145667642,0,1.311108178273,0,13.2649992131751,529.75359000805,530.867965089436,20,0.1,1.5
1977,15,0.230876145667642,0,1.30848845152796,0,13.2388019457247,542.992391953775,544.106767035161,20,0.1,1.5
1977,14,0.230876145667642,0,1.30587395926192,0,13.2126570230643,556.205048976839,557.319424058225,20,0.1,1.5
1977,13,0.230876145667642,0,1.30326469101586,0,13.1865643406037,569.391613317443,570.505988398829,20,0.1,1.5
1977,12,0.230876145667642,0,1.30066063635165,0,13.1605237939616,582.552137111404,583.66651219279,20,0.1,1.5
1977,11,0.230876145667642,0,1.29806178485203,0,13.1345352789654,595.68667239037,596.801047471756,20,0.1,1.5
1977,10,0.230876145667642,0,1.29546812612056,0,13.1085986916507,608.79527108202,609.909646163406,20,0.1,1.5
1977,9,0.230876145667642,0,1.29287964978155,0,13.0827139282606,621.877985010281,622.992360091667,20,0.1,1.5
1977,8,0.230876145667642,0,1.29029634548006,0,13.0568808852457,634.934865895527,636.049240976913,20,0.1,1.5
1977,7,0.230876145667642,0,1.28771820288185,0,13.0310994592636,647.96596535479,649.080340436176,20,0.1,1.5
1977,6,0.230876145667642,0,1.28514521167329,0,13.005369547178,660.971334901968,662.085709983354,20,0.1,1.5
1977,5,0.230876145667642,0,1.28257736156141,0,12.9796910460592,673.951025948027,675.065401029413,20,0.1,1.5
1977,4,0.230876145667642,0,1.28001464227375,0,12.9540638531826,686.90508980121,688.019464882596,20,0.1,1.5
1977,3,0.230876145667642,0,1.27745704355843,0,12.9284878660294,699.833577667239,700.947952748626,20,0.1,1.5
1977,2,0.0115438072833821,0,0.00054280912703534,0,0.0131239627926081,699.846701630032,700.961076711418,1,0.1,1.5
1977,1,150,0,1.28971569260992,0,112.897156926099,812.743858556131,813.858233637517,99999,0.1,1.5
1978,103,0.00013198617346202,0.0344145245722188,0.0344145245722188,0,0.688378482226685,0,0,1,0.1,1.5
1978,102,0.000146022023884342,0.000365672854332041,0.0365636287046608,0.00142455839953267,0.389741197884889,0.369390363605851,0.389741197884889,1,0.1,1.5
1978,101,0.000163340102769242,0.000406142766662358,0.0391707000694205,0.00151038217721717,0.417454210008635,0.765267685368526,0.807195407893524,1,0.1,1.5
1978,100,0.000184356430157904,0.000429390067043054,0.0417960379862629,0.00159289668845332,0.445132851797736,1.18764487018836,1.25232825969126,1,0.1,1.5
1978,99,0.000209462986364965,0.000449560226962682,0.0442976811550746,0.00166715662271674,0.47142857899295,1.63525692599964,1.72375683868421,1,0.1,1.5
1978,98,0.00023869867776749,0.000466828013826532,0.046606789128492,0.0017307000273088,0.495619589979442,2.10615222987467,2.21937642866365,1,0.1,1.5
1978,97,0.000273545078180885,0.000479803432318636,0.0485723763183813,0.00177827162612143,0.516108041265617,2.59685639076712,2.73548446992927,1,0.1,1.5
1978,96,0.000315752856364506,0.000486096688686764,0.049930288132363,0.00180102971608814,0.530103346058857,3.10123074088187,3.26558781598813,1,0.1,1.5
1978,95,0.00036499349100484,0.000485703413856968,0.0506451065070833,0.00179898652705648,0.537251235732784,3.61278216908527,3.80283905172091,1,0.1,1.5
1978,94,0.000419058236425454,0.000484414598411852,0.0512958009374713,0.00179361148758221,0.543704548767623,4.13086369660172,4.34654360048853,1,0.1,1.5
1978,93,0.000482448475944876,0.000482755553693792,0.05193526004734,0.00178685208031124,0.550028246617795,4.65536548492935,4.89657184710633,1,0.1,1.5
1978,92,0.00060299185065275,0.000480747910374906,0.0525622353043696,0.00177878921832458,0.556243101262041,5.1861973116439,5.45281494836837,1,0.1,1.5
1978,91,0.000790773523234668,0.000478400635079966,0.0531767175144896,0.00176945686256774,0.562356319024058,5.72327567548842,6.01517126739243,1,0.1,1.5
1978,90,0.0010414617850305,0.00047571621598093,0.0537789589464964,0.00175886498997117,0.568367702195334,6.26651673496988,6.58353896958776,1,0.1,1.5
1978,89,0.00134841444488856,0.000472698867547937,0.0543695464263156,0.00174702996692488,0.574278966857964,6.81583813087177,7.15781793644572,1,0.1,1.5
1978,88,0.00170280607384191,0.000469354226860732,0.0549493773205201,0.00173397341243794,0.580093568272149,7.37116065039481,7.73791150471787,1,0.1,1.5
1978,87,0.00209388679772291,0.00046566314926524,0.0555165001653455,0.00171962543598249,0.585783635334816,7.93237820807273,8.32369514005269,1,0.1,1.5
1978,86,0.00252911276352324,0.000461611544953615,0.0560680948511269,0.00170393498922601,0.591325067554001,8.49936134720922,8.91502020760669,1,0.1,1.5
1978,85,0.00302291307004381,0.000457213781617011,0.0566041942610102,0.00168695615908024,0.596728729507448,9.07199070301552,9.51174893711414,1,0.1,1.5
1978,84,0.00357226601493947,0.000452475079883156,0.0571249027790678,0.0016687092347907,0.601993992620289,9.65014599228166,10.1137429297344,1,0.1,1.5
1978,83,0.00417217271569693,0.000447402297373414,0.057630639327689,0.00164922054441016,0.607122158219329,10.2337078570094,10.7208650879538,1,0.1,1.5
1978,82,0.00481565734026768,0.000442003812254557,0.0581221463859372,0.00162852200879843,0.612116540334454,10.8225597972182,11.3329816282882,1,0.1,1.5
1978,81,0.00549378725136755,0.000436289273520495,0.0586004814351005,0.00160665020450392,0.616982377699082,11.4165900291386,11.9499640059873,1,0.1,1.5
1978,80,0.00617346163419549,0.000430255646252748,0.0590665732237943,0.00158359499507101,0.621706715433806,12.0156739589286,12.5716707214211,1,0.1,1.5
1978,79,0.00684460455639497,0.000423916770626533,0.0595220608459111,0.00155940839702301,0.626300108684254,12.6196968047982,13.1979708301054,1,0.1,1.5
1978,78,0.00751361466098227,0.000417297621492517,0.0599692173685066,0.0015341832748094,0.630791130266495,13.2285710311388,13.8287619603718,1,0.1,1.5
1978,77,0.00816621169751122,0.000410410934617504,0.0604101769287725,0.00150796732094625,0.635192410064807,13.8422210509044,14.4639543704367,1,0.1,1.5
1978,76,0.0087871703769529,0.000403268990640081,0.0608472063171293,0.00148080646127289,0.639517244680513,14.4605839175668,15.1034716151172,1,0.1,1.5
1978,75,0.00936087758225378,0.000395849064596304,0.0612772063732094,0.00145261810507493,0.643722826648249,15.0835550569996,15.7471944417654,1,0.1,1.5
1978,74,0.00990134123530219,0.000388139460074711,0.0616963132585473,0.00142336042546298,0.647779141706845,15.7110004783427,16.3949735834723,1,0.1,1.5
1978,73,0.0104302392195847,0.000380163559120319,0.0621055928020124,0.0013931203263832,0.651712775372715,16.3428115347671,17.046686358845,1,0.1,1.5
1978,72,0.010943330463636,0.000371929055376907,0.062505485161584,0.00136192705855856,0.655525796648584,16.9788812305791,17.7022121554936,1,0.1,1.5
1978,71,0.0114363299740136,0.000363443746250267,0.06289646024455,0.00132981022779582,0.65922054885919,17.6191044904698,18.3614327043527,1,0.1,1.5
1978,70,0.0119049406274879,0.000354715478526988,0.063279011878421,0.00129679959274598,0.662799609122272,18.2633783911243,19.024232313475,1,0.1,1.5
1978,69,0.0123448861905648,0.000345752094868111,0.0636536512234555,0.00126292486648091,0.66626574111715,18.9116023484346,19.6904980545922,1,0.1,1.5
1978,68,0.0127519454795913,0.000336561383773066,0.0640208997366259,0.00122821553144548,0.669621844353891,19.563678256625,20.3601198989461,1,0.1,1.5
1978,67,0.0131219875903563,0.000327151033750225,0.0643812817146723,0.00119270067050696,0.672870900218372,20.2195105758361,21.0329907991644,1,0.1,1.5
1978,66,0.0134510081719988,0.000317528595778747,0.0647353171557424,0.00115640882900633,0.676015922425206,20.8790063721326,21.7090067215896,1,0.1,1.5
1978,65,0.0137351630507112,0.000307701429767975,0.0650835099764145,0.00111936781939727,0.679059858277498,21.5420752615616,22.3880665798671,1,0.1,1.5
1978,64,0.0139708242108946,0.000297674953306672,0.0654259459536226,0.00108159836264962,0.682001497057265,22.2086253534382,23.0700680769244,1,0.1,1.5
1978,63,0.0141566193856268,0.000287453759759574,0.0657623213051226,0.00104311819453327,0.684837185399238,22.8785608503441,23.7549052623236,1,0.1,1.5
1978,62,0.0142935557971787,0.000277044307882845,0.066092537250466,0.0010039518355796,0.687567021861317,23.5517857031257,24.4424722841849,1,0.1,1.5
1978,61,0.0143819976631218,0.000266452666828678,0.0664164187333107,0.000964122386257684,0.690189889390013,24.2282024155692,25.132662173575,1,0.1,1.5
1978,60,0.014422593205688,0.000255684992787059,0.066733748264309,0.000923653263653916,0.692704441331714,24.9077118102772,25.8253666149067,1,0.1,1.5
1978,59,0.0144162531860736,0.000244747554860622,0.067044268342321,0.000882568297087697,0.695109112959023,25.5902128047064,26.5204757278657,1,0.1,1.5
1978,58,0.014364130186679,0.000233646767282435,0.0673476860948436,0.000840891846271328,0.697402156073399,26.2756022201188,27.2178778839391,1,0.1,1.5
1978,57,0.0142675880575216,0.000222389223609305,0.0676436805011886,0.00079864892585939,0.69958169298908,26.9637746427385,27.9174595769282,1,0.1,1.5
1978,56,0.0141281581999049,0.000210979522764556,0.0679311701998277,0.000755857428258522,0.701638232620029,27.6546149120977,28.6190978095482,1,0.1,1.5
1978,55,0.0139511180168428,0.000199440407902165,0.0682149936537481,0.000712600109083311,0.703625087519397,28.3480599980587,29.3227228970676,1,0.1,1.5
1978,54,0.0137134382863921,0.000188776747967176,0.0688791829815839,0.000672451512356521,0.709428339662961,29.0478818875452,30.0321512367306,1,0.1,1.5
1978,53,0.0115438072833821,0.00017619507016345,0.0690124890312452,0.000625462551167791,0.708517891838738,29.7474646000815,30.7406691285693,1,0.1,1.5
1978,52,0.230876145667642,0.00117007588529735,1.25366346803748,0.00393635368381531,12.7584864937273,42.4497174697543,43.4991556222966,20,0.1,1.5
1978,51,0.230876145667642,4.98945343336914e-18,1.06744410945204,0,10.8283585249655,53.2780759947199,54.3275141472622,20,0.1,1.5
1978,50,0.230876145667642,5.409732407192e-48,1.18338687441277,0,11.9877861745728,65.2658621692927,66.315300321835,20,0.1,1.5
1978,49,0.230876145667642,7.75843450946563e-82,1.30452520268313,0,13.1991694572764,78.4650316265691,79.5144697791114,20,0.1,1.5
1978,48,0.230876145667642,4.03362672442071e-104,1.39094339120485,0,14.0633513424936,92.5283829690626,93.5778211216049,20,0.1,1.5
1978,47,0.230876145667642,3.56754758476512e-106,1.39483455884299,0,14.102263018875,106.630645987938,107.68008414048,20,0.1,1.5
1978,46,0.230876145667642,3.56754758476517e-146,1.39204753832153,0,14.0743928136604,120.705038801598,121.75447695414,20,0.1,1.5
1978,45,0.230876145667642,3.56754758476522e-186,1.38926608654895,0,14.0465782959346,134.751617097533,135.801055250075,20,0.1,1.5
1978,44,0.230876145667642,3.56754758476526e-226,1.38649019239833,0,14.0188193544284,148.770436451961,149.819874604503,20,0.1,1.5
1978,43,0.230876145667642,3.5675475847653e-266,1.38371984476497,0,13.9911158780948,162.761552330056,163.810990482598,20,0.1,1.5
1978,42,0.230876145667642,3.56754758476535e-306,1.38095503256638,0,13.9634677561089,176.725020086165,177.774458238707,20,0.1,1.5
1978,41,0.230876145667642,0,1.37819574474219,0,13.935874877867,190.660894964032,191.710333116574,20,0.1,1.5
1978,40,0.230876145667642,0,1.37544197025414,0,13.9083371329865,204.569232097018,205.618670249561,20,0.1,1.5
1978,39,0.230876145667642,0,1.37269369808604,0,13.8808544113055,218.450086508324,219.499524660866,20,0.1,1.5
1978,38,0.230876145667642,0,1.36995091724369,0,13.853426602882,232.303513111206,233.352951263748,20,0.1,1.5
1978,37,0.230876145667642,0,1.36721361675486,0,13.8260535979937,246.129566709199,247.179004861742,20,0.1,1.5
1978,36,0.230876145667642,0,1.36448178566926,0,13.7987352871377,259.928301996337,260.977740148879,20,0.1,1.5
1978,35,0.230876145667642,0,1.36175541305847,0,13.7714715610298,273.699773557367,274.749211709909,20,0.1,1.5
1978,34,0.230876145667642,0,1.3590344880159,0,13.7442623106041,287.444035867971,288.493474020513,20,0.1,1.5
1978,33,0.230876145667642,0,1.35631899965675,0,13.7171074270126,301.161143294984,302.210581447526,20,0.1,1.5
1978,32,0.230876145667642,0,1.35360893711799,0,13.690006801625,314.851150096609,315.900588249151,20,0.1,1.5
1978,31,0.230876145667642,0,1.35090428955828,0,13.6629603260279,328.514110422637,329.563548575179,20,0.1,1.5
1978,30,0.230876145667642,0,1.34820504615793,0,13.6359678920244,342.150078314661,343.199516467203,20,0.1,1.5
1978,29,0.230876145667642,0,1.34551119611891,0,13.6090293916341,355.759107706295,356.808545858837,20,0.1,1.5
1978,28,0.230876145667642,0,1.34282272866471,0,13.5821447170922,369.341252423388,370.39069057593,20,0.1,1.5
1978,27,0.230876145667642,0,1.3401396330404,0,13.5553137608491,382.896566184237,383.946004336779,20,0.1,1.5
1978,26,0.230876145667642,0,1.33746189851251,0,13.5285364155702,396.425102599807,397.474540752349,20,0.1,1.5
1978,25,0.230876145667642,0,1.33478951436903,0,13.5018125741354,409.926915173942,410.976353326484,20,0.1,1.5
1978,24,0.230876145667642,0,1.33212246991936,0,13.4751421296387,423.402057303581,424.451495456123,20,0.1,1.5
1978,23,0.230876145667642,0,1.32946075449424,0,13.4485249753875,436.850582278968,437.90002043151,20,0.1,1.5
1978,22,0.230876145667642,0,1.32680435744574,0,13.4219610049025,450.272543283871,451.321981436413,20,0.1,1.5
1978,21,0.230876145667642,0,1.32415326814722,0,13.3954501119172,463.667993395788,464.71743154833,20,0.1,1.5
1978,20,0.230876145667642,0,1.32150747599324,0,13.3689921903775,477.036985586166,478.086423738708,20,0.1,1.5
1978,19,0.230876145667642,0,1.31886697039958,0,13.3425871344409,490.379572720607,491.429010873149,20,0.1,1.5
1978,18,0.230876145667642,0,1.31623174080315,0,13.3162348384766,503.695807559083,504.745245711625,20,0.1,1.5
1978,17,0.230876145667642,0,1.31360177666199,0,13.289935197065,516.985742756148,518.03518090869,20,0.1,1.5
1978,16,0.230876145667642,0,1.31097706745517,0,13.2636881049968,530.249430861145,531.298869013687,20,0.1,1.5
1978,15,0.230876145667642,0,1.30835760268281,0,13.2374934572732,543.486924318418,544.53636247096,20,0.1,1.5
1978,14,0.230876145667642,0,1.30574337186599,0,13.211351149105,556.698275467523,557.747713620065,20,0.1,1.5
1978,13,0.230876145667642,0,1.30313436454675,0,13.1852610759126,569.883536543436,570.932974695978,20,0.1,1.5
1978,12,0.230876145667642,0,1.30053057028801,0,13.1592231333252,583.042759676761,584.092197829303,20,0.1,1.5
1978,11,0.230876145667642,0,1.29793197867355,0,13.1332372171805,596.175996893941,597.225435046484,20,0.1,1.5
1978,10,0.230876145667642,0,1.29533857930794,0,13.1073032235245,609.283300117466,610.332738270008,20,0.1,1.5
1978,9,0.230876145667642,0,1.29275036181657,0,13.0814210486108,622.364721166077,623.414159318619,20,0.1,1.5
1978,8,0.230876145667642,0,1.29016731584552,0,13.0555905889002,635.420311754977,636.469749907519,20,0.1,1.5
1978,7,0.230876145667642,0,1.28758943106156,0,13.0298117410607,648.450123496038,649.49956164858,20,0.1,1.5
1978,6,0.230876145667642,0,1.28501669715213,0,13.0040844019664,661.454207898004,662.503646050546,20,0.1,1.5
1978,5,0.230876145667642,0,1.28244910382525,0,12.9784084686976,674.432616366701,675.482054519244,20,0.1,1.5
1978,4,0.230876145667642,0,1.27988664080953,0,12.9527838385404,687.385400205242,688.434838357784,20,0.1,1.5
1978,3,0.230876145667642,0,1.27732929785407,0,12.9272104089858,700.312610614228,701.36204876677,20,0.1,1.5
1978,2,0.0115438072833821,0,0.000542754846122636,0,0.0131234199834811,700.325734034211,701.375172186753,1,0.1,1.5
1978,1,150,0,1.28958672104065,0,112.895867210407,813.221601244618,814.27103939716,99999,0.1,1.5
1979,104,0.000120785541874898,0.0324091194167477,0.0324091194167477,0,0.648262912029537,0,0,1,0.1,1.5
1979,103,0.00013198617346202,0.000344145245722188,0.0344110831197616,0.00126296949310205,0.365682695767175,0.347640274437146,0.365682695767175,1,0.1,1.5
1979,102,0.000146022023884342,0.000359796328426488,0.0369161119416735,0.00134102860683946,0.3920139822432,0.720496705154068,0.757696678010376,1,0.1,1.5
1979,101,0.000163340102769242,0.000381656971970917,0.0395443785437179,0.00142085314490933,0.419667150628867,1.1198659537128,1.17736382863924,1,0.1,1.5
1979,100,0.000184356430157904,0.00040251807278376,0.0421900825545776,0.0014980901289113,0.447450198116261,1.54591486427319,1.6248140267555,1,0.1,1.5
1979,99,0.000209462986364965,0.000421284757948811,0.0447100405426383,0.00156753233317017,0.473846214042069,1.99736775926997,2.09866024079757,1,0.1,1.5
1979,98,0.00023869867776749,0.000437343286965465,0.0470348034564064,0.00162683848207806,0.498121149629536,2.47224835915553,2.59678139042711,1,0.1,1.5
1979,97,0.000273545078180885,0.000449365940853545,0.0490120869872799,0.00167107571247094,0.518669402844944,2.96704525182232,3.11545079327205,1,0.1,1.5
1979,96,0.000315752856364506,0.000455118395908902,0.0503755525325718,0.00169195231465024,0.532687958541196,3.47556246301137,3.64813875181325,1,0.1,1.5
1979,95,0.00036499349100484,0.000454603665902689,0.0510897886281967,0.00168950546940645,0.539823044355089,3.99124971494637,4.18796179616834,1,0.1,1.5
1979,94,0.000419058236425454,0.00045324701787967,0.0517390742292731,0.00168391633141401,0.546258532220773,4.51345229957551,4.73422032838911,1,0.1,1.5
1979,93,0.000482448475944876,0.000451540575614747,0.052376779541413,0.00167701548939292,0.552562197621759,5.04205713306309,5.28678252601087,1,0.1,1.5
1979,92,0.00060299185065275,0.000449504783684894,0.0530016763854203,0.00166887965828612,0.55875494423367,5.57697093932124,5.84553747024454,1,0.1,1.5
1979,91,0.000790773523234668,0.000447148221992735,0.0536137640583801,0.0016595414163042,0.564844039671183,6.11810724447379,6.41038150991572,1,0.1,1.5
1979,90,0.0010414617850305,0.000444473409652602,0.0542132972980945,0.00164901082707814,0.570829312463846,6.66537925940795,6.98121082237957,1,0.1,1.5
1979,89,0.00134841444488856,0.000441484480406698,0.0548008669634042,0.00163730395041417,0.576712513835856,7.21870171680932,7.55792333621543,1,0.1,1.5
1979,88,0.00170280607384191,0.000438186895378092,0.0553773757358975,0.00162444176382884,0.582497141273824,7.7779925471713,8.14042047748925,1,0.1,1.5
1979,87,0.00209388679772291,0.000434562990488276,0.0559408548743246,0.00161035955467489,0.5881552396753,8.34314265035124,8.72857571716455,1,0.1,1.5
1979,86,0.00252911276352324,0.000430599862756038,0.0564884717889483,0.00159501041279229,0.593662654732615,8.91401944204397,9.32223837189717,1,0.1,1.5
1979,85,0.00302291307004381,0.000426311177586229,0.0570202728813542,0.00157844592368678,0.599030343450673,9.4905005580134,9.92126871534784,1,0.1,1.5
1979,84,0.00357226601493947,0.000421702059496506,0.0575363675974876,0.00156068600503907,0.604257721604168,10.0724627652599,10.525526436952,1,0.1,1.5
1979,83,0.00417217271569693,0.000416779159076275,0.0580371813998587,0.00154175622329544,0.609346142970702,10.6597838193264,11.1348725799227,1,0.1,1.5
1979,82,0.00481565734026768,0.000411550540322153,0.0585234646734982,0.00152168736163693,0.614298981245576,11.2523444096914,11.7491715611683,1,0.1,1.5
1979,81,0.00549378725136755,0.000406025443861186,0.0589962839380829,0.00150051452897023,0.619121540496118,11.8500300283451,12.3682931016644,1,0.1,1.5
1979,80,0.00617346163419549,0.000400201305230281,0.0594565653152397,0.00147822920273342,0.623800867333212,12.4527133356392,12.9920939689976,1,0.1,1.5
1979,79,0.00684460455639497,0.000394091266962017,0.0599059607390822,0.00145488091584355,0.628347602848185,13.060276925404,13.6204415718458,1,0.1,1.5
1979,78,0.00751361466098227,0.000387718794917275,0.0603467662654721,0.00143055720975776,0.632790458612516,13.6726308524485,14.2532320304583,1,0.1,1.5
1979,77,0.00816621169751122,0.000381095939582737,0.0607811277413162,0.00140530334647852,0.637142140033214,14.2896972303892,14.8903741704915,1,0.1,1.5
1979,76,0.0087871703769529,0.000374234305224623,0.0612113232118158,0.00137916285599022,0.641416015269185,14.9114109191442,15.5317901857607,1,0.1,1.5
1979,75,0.00936087758225378,0.000367113016914696,0.0616342331788408,0.00135205959460282,0.645569184078146,15.5376649661566,16.1773593698389,1,0.1,1.5
1979,74,0.00990134123530219,0.000359721500966491,0.0620459837335872,0.00132395562457762,0.649571598282085,16.168322912659,16.8269309681209,1,0.1,1.5
1979,73,0.0104302392195847,0.000352081717187004,0.062447662324328,0.00129493283226481,0.653449973689132,16.8032738458872,17.4803809418101,1,0.1,1.5
1979,72,0.010943330463636,0.00034420105519341,0.0628397163777075,0.00126501936658756,0.657206433208398,17.4424085738586,18.1375873750185,1,0.1,1.5
1979,71,0.0114363299740136,0.000336086994411459,0.0632226231554746,0.0012342436831724,0.660843374098284,18.0856198953402,18.7984307491168,1,0.1,1.5
1979,70,0.0119049406274879,0.000327747052971765,0.0635968838754197,0.00120263435370648,0.664363427136142,18.7328028317091,19.4627941762529,1,0.1,1.5
1979,69,0.0123448861905648,0.000319188737568909,0.0639630170749534,0.00117021987939671,0.667769409100791,19.3838548139614,20.1305635853537,1,0.1,1.5
1979,68,0.0127519454795913,0.000310419496699101,0.0643215515295136,0.00113702851746017,0.671064271783667,20.0386758212099,20.8016278571374,1,0.1,1.5
1979,67,0.0131219875903563,0.000301446677964243,0.0646730187541276,0.0011030881231935,0.67425104780773,20.6971684672577,21.4758789049451,1,0.1,1.5
1979,66,0.0134510081719988,0.00029227749320937,0.0650179458312784,0.00106842602141605,0.677332800903582,21.3592380392839,22.1532117058487,1,0.1,1.5
1979,65,0.0137351630507112,0.000282918969146997,0.0653568435802662,0.00103306882566345,0.680312526942179,22.0247924401452,22.8335242327909,1,0.1,1.5
1979,64,0.0139708242108946,0.00027337634019547,0.0656898029496897,0.000997036580873762,0.683189055432882,22.6937381158513,23.5167132882237,1,0.1,1.5
1979,63,0.0141566193856268,0.000263654086230914,0.0660165246216254,0.00096034658833244,0.685958770311825,23.3659776491869,24.2026720585356,1,0.1,1.5
1979,62,0.0142935557971787,0.000253758401973729,0.0663369159556359,0.000923022409305353,0.688621815192863,24.0414134299612,24.8912938737284,1,0.1,1.5
1979,61,0.0143819976631218,0.000243695123232708,0.0666508076880018,0.000885086291405221,0.691177116431643,24.7199464565156,25.5824709901601,1,0.1,1.5
1979,60,0.014422593205688,0.000233470165841349,0.0669579882053961,0.000846560773852376,0.693623371190248,25.4014761023651,26.2760943613503,1,0.1,1.5
1979,59,0.0144162531860736,0.00022308954982053,0.0672582059897587,0.000807468777066346,0.69595905909698,26.0858998932183,26.9720534204473,1,0.1,1.5
1979,58,0.014364130186679,0.000212559429240656,0.0675511742878019,0.000767833712583381,0.698182476998451,26.7731133171798,27.6702358974457,1,0.1,1.5
1979,57,0.0142675880575216,0.000201886123700941,0.0678365783646033,0.000727679598139149,0.700291793085283,27.4630096874345,28.370527690531,1,0.1,1.5
1979,56,0.0141281581999049,0.000191074152292276,0.0681133414398724,0.000687023999068559,0.702277556613039,28.1554726154894,29.0728052471441,1,0.1,1.5
1979,55,0.0139511180168428,0.000180144431349849,0.0683863221816536,0.000645943307263265,0.704193173006928,28.850438026964,29.776998420151,1,0.1,1.5
1979,54,0.0137134382863921,0.000170000645568802,0.0690404079413749,0.000607663093193785,0.709927279391705,29.5516844050244,30.4869256995427,1,0.1,1.5
1979,53,0.0115438072833821,0.000158127588493582,0.069161953420134,0.000563194396595013,0.708942315845603,30.2525810866329,31.1958680153883,1,0.1,1.5
1979,52,0.230876145667642,0.0009957891798068,1.25452219011163,0.00336171799030477,12.7571217660781,42.9616783099924,43.9529897814664,20,0.1,1.5
1979,51,0.230876145667642,4.98945343336914e-20,1.0673373650411,0,10.8272910808561,53.7889693908484,54.7802808623224,20,0.1,1.5
1979,50,0.230876145667642,5.409732407192e-50,1.18326853572533,0,11.9866027876984,65.7755721785468,66.7668836500208,20,0.1,1.5
1979,49,0.230876145667642,7.75843450946564e-84,1.30439475016286,0,13.1978649320737,78.9734371106205,79.9647485820945,20,0.1,1.5
1979,48,0.230876145667642,4.03362672442071e-106,1.39080429686573,0,14.0619603991024,93.0353975097229,94.0267089811969,20,0.1,1.5
1979,47,0.230876145667642,3.56754758476513e-108,1.39469507538711,0,14.1008681843162,107.136265694039,108.127577165513,20,0.1,1.5
1979,46,0.230876145667642,3.56754758476517e-148,1.3919083335677,0,14.0730007661221,121.209266460161,122.200577931635,20,0.1,1.5
1979,45,0.230876145667642,3.56754758476522e-188,1.3891271599403,0,14.0451890298481,135.254455490009,136.245766961483,20,0.1,1.5
1979,44,0.230876145667642,3.56754758476526e-228,1.38635154337909,0,14.017432864236,149.271888354245,150.263199825719,20,0.1,1.5
1979,43,0.230876145667642,3.56754758476531e-268,1.3835814727805,0,13.98973215825,163.261620512495,164.252931983969,20,0.1,1.5
1979,42,0.230876145667642,3.56754758476535e-308,1.38081693706312,0,13.9620868010763,177.223707313572,178.215018785046,20,0.1,1.5
1979,41,0.230876145667642,0,1.37805792516771,0,13.9344966821222,191.158203995694,192.149515467168,20,0.1,1.5
1979,40,0.230876145667642,0,1.37530442605712,0,13.9069616910163,205.06516568671,206.056477158184,20,0.1,1.5
1979,39,0.230876145667642,0,1.37255642871623,0,13.8794817176074,218.944647404317,219.935958875791,20,0.1,1.5
1979,38,0.230876145667642,0,1.36981392215196,0,13.8520566519647,232.796704056282,233.788015527756,20,0.1,1.5
1979,37,0.230876145667642,0,1.36707689539319,0,13.824686384377,246.621390440659,247.612701912133,20,0.1,1.5
1979,36,0.230876145667642,0,1.3643453374907,0,13.7973708053521,260.418761246011,261.410072717485,20,0.1,1.5
1979,35,0.230876145667642,0,1.36161923751716,0,13.7701098056167,274.188871051628,275.180182523102,20,0.1,1.5
1979,34,0.230876145667642,0,1.3588985845671,0,13.7429032761161,287.931774327744,288.923085799218,20,0.1,1.5
1979,33,0.230876145667642,0,1.35618336775679,0,13.715751108013,301.647525435757,302.638836907231,20,0.1,1.5
1979,32,0.230876145667642,0,1.35347357622428,0,13.6886531926879,315.336178628445,316.327490099919,20,0.1,1.5
1979,31,0.230876145667642,0,1.35076919912932,0,13.6616094217383,328.997788050183,329.989099521657,20,0.1,1.5
1979,30,0.230876145667642,0,1.34807022565332,0,13.6346196869783,342.632407737162,343.623719208636,20,0.1,1.5
1979,29,0.230876145667642,0,1.34537664499929,0,13.607683880438,356.2400916176,357.231403089074,20,0.1,1.5
1979,28,0.230876145667642,0,1.34268844639184,0,13.5808018943635,369.820893511963,370.812204983437,20,0.1,1.5
1979,27,0.230876145667642,0,1.34000561907709,0,13.553973621216,383.374867133179,384.366178604653,20,0.1,1.5
1979,26,0.230876145667642,0,1.33732815232266,0,13.5271989536717,396.902066086851,397.893377558325,20,0.1,1.5
1979,25,0.230876145667642,0,1.3346560354176,0,13.5004777846211,410.402543871472,411.393855342946,20,0.1,1.5
1979,24,0.230876145667642,0,1.33198925767237,0,13.4738100071688,423.876353878641,424.867665350115,20,0.1,1.5
1979,23,0.230876145667642,0,1.32932780841879,0,13.447195514633,437.323549393274,438.314860864748,20,0.1,1.5
1979,22,0.230876145667642,0,1.32667167701,0,13.4206342005451,450.744183593819,451.735495065293,20,0.1,1.5
1979,21,0.230876145667642,0,1.3240208528204,0,13.3941259586491,464.138309552468,465.129621023942,20,0.1,1.5
1979,20,0.230876145667642,0,1.32137532524564,0,13.3676706829015,477.505980235369,478.497291706843,20,0.1,1.5
1979,19,0.230876145667642,0,1.31873508370254,0,13.3412682674705,490.84724850284,491.838559974314,20,0.1,1.5
1979,18,0.230876145667642,0,1.31610011762907,0,13.3149186067358,504.162167109576,505.15347858105,20,0.1,1.5
1979,17,0.230876145667642,0,1.31347041648432,0,13.2886215952883,517.450788704864,518.442100176338,20,0.1,1.5
1979,16,0.230876145667642,0,1.31084596974842,0,13.2623771279293,530.713165832793,531.704477304267,20,0.1,1.5
1979,15,0.230876145667642,0,1.30822676692254,0,13.2361850996705,543.949350932464,544.940662403938,20,0.1,1.5
1979,14,0.230876145667642,0,1.30561279752881,0,13.2100454057332,557.159396338197,558.150707809671,20,0.1,1.5
1979,13,0.230876145667642,0,1.3030040511103,0,13.1839579415481,570.343354279745,571.334665751219,20,0.1,1.5
1979,12,0.230876145667642,0,1.30040051723098,0,13.1579226027549,583.5012768825,584.492588353974,20,0.1,1.5
1979,11,0.230876145667642,0,1.29780218547568,0,13.1319392852019,596.633216167702,597.624527639176,20,0.1,1.5
1979,10,0.230876145667642,0,1.29520904545001,0,13.1060078849452,609.739224052647,610.730535524121,20,0.1,1.5
1979,9,0.230876145667642,0,1.29262108678039,0,13.080128298249,622.819352350896,623.81066382237,20,0.1,1.5
1979,8,0.230876145667642,0,1.29003829911393,0,13.0543004215844,635.87365277248,636.864964243954,20,0.1,1.5
1979,7,0.230876145667642,0,1.28746067211845,0,13.0285241516296,648.90217692411,649.893488395584,20,0.1,1.5
1979,6,0.230876145667642,0,1.28488819548241,0,13.0027993852692,661.904976309379,662.896287780853,20,0.1,1.5
1979,5,0.230876145667642,0,1.28232085891487,0,12.9771260195938,674.882102328973,675.873413800447,20,0.1,1.5
1979,4,0.230876145667642,0,1.27975865214544,0,12.9515039518995,687.833606280872,688.824917752346,20,0.1,1.5
1979,3,0.230876145667642,0,1.27720156492429,0,12.925933079688,700.75953936056,701.750850832034,20,0.1,1.5
1979,2,0.0115438072833821,0,0.000542700570638024,0,0.013122877228635,700.772662237789,701.763973709263,1,0.1,1.5
1979,1,150,0,1.28945776236855,0,112.894577623686,813.667239861474,814.658551332948,99999,0.1,1.5
1980,105,0.00011200539294908,0.0306140307366973,0.0306140307366973,0,0.612355284995912,0,0,1,0.1,1.5
1980,104,0.000120785541874898,0.000324091194167477,0.032405878504806,0.00112671051659815,0.343476085207149,0.327380220684318,0.343476085207149,1,0.1,1.5
1980,103,0.00013198617346202,0.000319183825732734,0.0347233843847251,0.00119503364816048,0.367585582146322,0.677893893571205,0.711061667353471,1,0.1,1.5
1980,102,0.000146022023884342,0.00033885511499413,0.0372476774821892,0.00126883573418082,0.394088898761768,1.05385656755896,1.10515056611524,1,0.1,1.5
1980,101,0.000163340102769242,0.000359029855947041,0.0398956373920909,0.00134406320399114,0.421856468796384,1.45651213344119,1.52700703491162,1,0.1,1.5
1980,100,0.000184356430157904,0.000378547712955664,0.04256038607855,0.0014167977294464,0.449752209765348,1.88602437564301,1.97675924467697,1,0.1,1.5
1980,99,0.000209462986364965,0.00039609593087203,0.0450974526218766,0.00148210321678568,0.476248030615334,2.34109950316141,2.45300727529231,1,0.1,1.5
1980,98,0.00023869867776749,0.000411083053389171,0.0474368095965802,0.00153776858094217,0.500606181536427,2.81973756211295,2.95361345682873,1,0.1,1.5
1980,97,0.000273545078180885,0.00042226258752627,0.0494249547066989,0.00157913857586365,0.521213658840043,3.31839209844066,3.47482711566878,1,0.1,1.5
1980,96,0.000315752856364506,0.000427539262621649,0.0507935030559811,0.00159839354261111,0.535255118556143,3.83081302353093,4.01008223422492,1,0.1,1.5
1980,95,0.00036499349100484,0.00042692240401064,0.0515070560166855,0.00159559249578477,0.542377291712175,4.35039613673189,4.55245952593709,1,0.1,1.5
1980,94,0.000419058236425454,0.000425511553032298,0.0521548794047037,0.00158981180323603,0.548794878924063,4.87647941846687,5.10125440486116,1,0.1,1.5
1980,93,0.000482448475944876,0.000423769278104377,0.0527907957358071,0.0015827818204318,0.555078451319723,5.40894670092328,5.65633285618088,1,0.1,1.5
1980,92,0.00060299185065275,0.000421714962408379,0.0534135961323533,0.00157457568572335,0.561249043882195,5.947701806438,6.21758190006307,1,0.1,1.5
1980,91,0.000790773523234668,0.000419356836295978,0.0540232880360503,0.00156522481474367,0.567313985568624,6.49265543751028,6.7848958856317,1,0.1,1.5
1980,90,0.0010414617850305,0.00041669744086606,0.0546201286751343,0.00155473936877952,0.573273131427826,7.04371800652697,7.35816901705952,1,0.1,1.5
1980,89,0.00134841444488856,0.00041374083240761,0.0552047128643114,0.00154313516748716,0.579128268037409,7.60080148645742,7.93729728509693,1,0.1,1.5
1980,88,0.00170280607384191,0.000410492309910991,0.0557779484392811,0.00153043266035903,0.584882935260564,8.16382109799857,8.5221802203575,1,0.1,1.5
1980,87,0.00209388679772291,0.000406935518573606,0.0563378506775059,0.00151657160139397,0.590509095083953,8.73266488449118,9.11268931544145,1,0.1,1.5
1980,86,0.00252911276352324,0.000403058601825634,0.0568815755449674,0.0015015086558515,0.595982540298634,9.30719730113479,9.70867185574008,1,0.1,1.5
1980,85,0.00302291307004381,0.000398874592697557,0.0574091823349877,0.00148529328536021,0.601314320162028,9.88729314579168,10.3099861759021,1,0.1,1.5
1980,84,0.00357226601493947,0.000394388521854733,0.0579207854619876,0.00146794511094397,0.606503894957106,10.4728263963067,10.9164900708592,1,0.1,1.5
1980,83,0.00417217271569693,0.000389606847414622,0.0584168167375426,0.00144948906681105,0.611552670995433,11.0636720806334,11.5280427418546,1,0.1,1.5
1980,82,0.00481565734026768,0.000384537345812453,0.0588980341674401,0.00142995498017086,0.616464081647526,11.6597082339928,12.1445068235022,1,0.1,1.5
1980,81,0.00549378725136755,0.000379188886681171,0.0593655129419317,0.00140937671968507,0.621243496258732,12.2608177771132,12.7657503197609,1,0.1,1.5
1980,80,0.00617346163419549,0.000373559313735659,0.0598201769593915,0.00138774716781555,0.625877963360957,12.8668707809339,13.3916282831219,1,0.1,1.5
1980,79,0.00684460455639497,0.000367661141630507,0.0602636903719692,0.00136511374331427,0.63037820974475,13.4777473657742,14.0220064928666,1,0.1,1.5
1980,78,0.00751361466098227,0.000361516490388612,0.060698370891285,0.00134155943359822,0.63477308502308,14.0933553160316,14.6567795778897,1,0.1,1.5
1980,77,0.00816621169751122,0.000355136796015459,0.0611263754651617,0.00131712742911796,0.639075369873702,14.713614579775,15.2958549477634,1,0.1,1.5
1980,76,0.0087871703769529,0.0003485330570498,0.0615499927934922,0.00129185921701633,0.643298503761717,15.3384579518651,15.9391534515251,1,0.1,1.5
1980,75,0.00936087758225378,0.000341686028819853,0.0619660846541737,0.00126568420558801,0.647399494821743,15.9677762437498,16.5865529463469,1,0.1,1.5
1980,74,0.00990134123530219,0.00033458612115407,0.0623707680413582,0.00123856781244079,0.651348261674002,16.6014306795318,17.2379012080209,1,0.1,1.5
1980,73,0.0104302392195847,0.000327254025238072,0.0627651507661617,0.0012105876278687,0.655171649696607,17.2393082202589,17.8930728577175,1,0.1,1.5
1980,72,0.010943330463636,0.000319696852198823,0.0631496872477166,0.00118177086704699,0.658871835599392,17.8812976149005,18.5519446933169,1,0.1,1.5
1980,71,0.0114363299740136,0.000311921790737214,0.0635248618139521,0.00115214500936924,0.662451270449129,18.52728967093,19.214395963766,1,0.1,1.5
1980,70,0.0119049406274879,0.000303936058956338,0.0638911827754588,0.00112173761777284,0.665912638540183,19.1771774863592,19.8803086023062,1,0.1,1.5
1980,69,0.0123448861905648,0.000295746857224867,0.0642491757430951,0.00109057616242016,0.669258809593388,19.8308566364894,20.5495674118996,1,0.1,1.5
1980,68,0.0127519454795913,0.000287361324332034,0.0645993765037257,0.00105868785711906,0.67249278751153,20.4882253117564,21.2220601994111,1,0.1,1.5
1980,67,0.0131219875903563,0.000278786497578018,0.0649423234830506,0.00102609951087975,0.675617655974329,21.1491844032896,21.8976778553854,1,0.1,1.5
1980,66,0.0134510081719988,0.000270029280286106,0.0652785505420493,0.00099283740745747,0.678636528539793,21.8136375402943,22.5763143839252,1,0.1,1.5
1980,65,0.0137351630507112,0.000261096396107333,0.065608575102324,0.000958927137071859,0.681552449452481,22.4814910306457,23.2578668333777,1,0.1,1.5
1980,64,0.0139708242108946,0.000251992908620395,0.0659324931146131,0.000924388169784736,0.684364288322237,23.1526497736853,23.9422311216999,1,0.1,1.5
1980,63,0.0141566193856268,0.000242723187945419,0.0662500096162463,0.000889237438714417,0.687068466280636,23.8270148479843,24.6292995879806,1,0.1,1.5
1980,62,0.0142935557971787,0.000233293186346075,0.0665610378663667,0.000853497685288595,0.689665171800798,24.5044871957096,25.3189647597814,1,0.1,1.5
1980,61,0.0143819976631218,0.000223708524083632,0.0668654141800843,0.000817190427868674,0.692153374453313,25.1849664211933,26.0111181342347,1,0.1,1.5
1980,60,0.014422593205688,0.000213974895121507,0.0671629326000386,0.000780337454100833,0.694531815004453,25.8683505582821,26.7056499492391,1,0.1,1.5
1980,59,0.0144162531860736,0.000204098089764792,0.0674533473634263,0.000742960905312066,0.696799017208037,26.5545358482713,27.4024489664472,1,0.1,1.5
1980,58,0.014364130186679,0.000194084022438252,0.067736377598519,0.000705083379332669,0.698953322705444,27.243416551272,28.1014022891526,1,0.1,1.5
1980,57,0.0142675880575216,0.000183938760771797,0.0680117146063016,0.000666728037433502,0.700992945291465,27.9348848103145,28.8023952344441,1,0.1,1.5
1980,56,0.0141281581999049,0.000173666741290063,0.0682782861054955,0.000627912162776082,0.70290847435507,28.6288231109156,29.5053037087991,1,0.1,1.5
1980,55,0.0139511180168428,0.000163287271129315,0.0685409693762512,0.000588706680552889,0.704753407254837,29.325166422734,30.210057116054,1,0.1,1.5
1980,54,0.0137134382863921,0.000153615779754134,0.0691854196738792,0.000552037561092315,0.710418897600009,30.0276990694612,30.920476013654,1,0.1,1.5
1980,53,0.0115438072833821,0.000142379875033689,0.0692958358239408,0.000509740185138989,0.709360031156842,30.7297770979732,31.6298360448108,1,0.1,1.5
1980,52,0.230876145667642,0.00085038738937426,1.25523716739019,0.00288511031312846,12.7560088398569,43.444570076214,44.3858448846677,20,0.1,1.5
1980,51,0.230876145667642,4.98945343336914e-22,1.0672306313046,0,10.826223743491,54.270793819705,55.2120686281587,20,0.1,1.5
1980,50,0.230876145667642,5.40973240719201e-52,1.18315020887176,0,11.9854195191626,66.2562133388676,67.1974881473214,20,0.1,1.5
1980,49,0.230876145667642,7.75843450946564e-86,1.30426431068785,0,13.1965605373236,79.4527738761912,80.3940486846449,20,0.1,1.5
1980,48,0.230876145667642,4.03362672442071e-108,1.39066521643604,0,14.0605695948055,93.5133434709967,94.4546182794504,20,0.1,1.5
1980,47,0.230876145667642,3.56754758476513e-110,1.39455560587957,0,14.0994734892408,107.612816960237,108.554091768691,20,0.1,1.5
1980,46,0.230876145667642,3.56754758476517e-150,1.39176914273435,0,14.0716088577885,121.684425818026,122.62570062648,20,0.1,1.5
1980,45,0.230876145667642,3.56754758476522e-190,1.38898824722431,0,14.0437999026881,135.728225720714,136.669500529168,20,0.1,1.5
1980,44,0.230876145667642,3.56754758476527e-230,1.38621290822475,0,14.0160465126926,149.744272233407,150.685547041861,20,0.1,1.5
1980,43,0.230876145667642,3.56754758476531e-270,1.38344311463322,0,13.9883485767773,163.732620810184,164.673895618638,20,0.1,1.5
1980,42,0.230876145667642,3.56754758476535e-310,1.38067885536941,0,13.9607059841392,177.693326794323,178.634601602777,20,0.1,1.5
1980,41,0.230876145667642,0,1.3779201193752,0,13.933118624197,191.62644541852,192.567720226974,20,0.1,1.5
1980,40,0.230876145667642,0,1.37516689561451,0,13.9055863865902,205.53203180511,206.473306613564,20,0.1,1.5
1980,39,0.230876145667642,0,1.37241917307336,0,13.8781091611787,219.410140966289,220.351415774743,20,0.1,1.5
1980,38,0.230876145667642,0,1.36967694075975,0,13.8506868380426,233.260827804332,234.202102612786,20,0.1,1.5
1980,37,0.230876145667642,0,1.36694018770365,0,13.8233193074816,247.084147111813,248.025421920267,20,0.1,1.5
1980,36,0.230876145667642,0,1.36420890295695,0,13.7960064600146,260.880153571828,261.821428380282,20,0.1,1.5
1980,35,0.230876145667642,0,1.36148307559341,0,13.7687481863792,274.648901758207,275.590176566661,20,0.1,1.5
1980,34,0.230876145667642,0,1.35876269470864,0,13.7415443775315,288.390446135739,289.331720944192,20,0.1,1.5
1980,33,0.230876145667642,0,1.35604774942001,0,13.7143949246452,302.104841060384,303.046115868838,20,0.1,1.5
1980,32,0.230876145667642,0,1.35333822886666,0,13.6872997191117,315.792140779496,316.733415587949,20,0.1,1.5
1980,31,0.230876145667642,0,1.35063412220941,0,13.6602586525392,329.452399432035,330.393674240489,20,0.1,1.5
1980,30,0.230876145667642,0,1.34793541863075,0,13.6332716167526,343.085671048787,344.026945857241,20,0.1,1.5
1980,29,0.230876145667642,0,1.34524210733479,0,13.606338503793,356.69200955258,357.633284361034,20,0.1,1.5
1980,28,0.230876145667642,0,1.3425541775472,0,13.5794592059171,370.271468758498,371.212743566951,20,0.1,1.5
1980,27,0.230876145667642,0,1.33987161851519,0,13.552633615597,383.824102374095,384.765377182548,20,0.1,1.5
1980,26,0.230876145667642,0,1.33719441950743,0,13.5258616255194,397.349963999614,398.291238808068,20,0.1,1.5
1980,25,0.230876145667642,0,1.33452256981405,0,13.4991431285856,410.8491071282,411.790381936653,20,0.1,1.5
1980,24,0.230876145667642,0,1.3318560587466,0,13.4724780179111,424.321585146111,425.262859954564,20,0.1,1.5
1980,23,0.230876145667642,0,1.32919487563795,0,13.4458661868246,437.767451332935,438.708726141389,20,0.1,1.5
1980,22,0.230876145667642,0,1.3265390098423,0,13.4193075288681,451.186758861803,452.128033670257,20,0.1,1.5
1980,21,0.230876145667642,0,1.32388845073512,0,13.3928019377963,464.5795607996,465.520835608053,20,0.1,1.5
1980,20,0.230876145667642,0,1.32124318771311,0,13.3663493075762,477.945910107176,478.887184915629,20,0.1,1.5
1980,19,0.230876145667642,0,1.31860321019417,0,13.3399495323868,491.285859639563,492.227134448016,20,0.1,1.5
1980,18,0.230876145667642,0,1.31596850761731,0,13.3136025066182,504.599462146181,505.540736954634,20,0.1,1.5
1980,17,0.230876145667642,0,1.31333906944267,0,13.2873081248718,517.886770271053,518.828045079506,20,0.1,1.5
1980,16,0.230876145667642,0,1.31071488515145,0,13.2610662819596,531.147836553012,532.089111361466,20,0.1,1.5
1980,15,0.230876145667642,0,1.30809594424585,0,13.2348768729036,544.382713425916,545.323988234369,20,0.1,1.5
1980,14,0.230876145667642,0,1.30548223624906,0,13.2087397929356,557.591453218851,558.532728027305,20,0.1,1.5
1980,13,0.230876145667642,0,1.30287375070519,0,13.182654937497,570.774108156348,571.715382964802,20,0.1,1.5
1980,12,0.230876145667642,0,1.30027047717926,0,13.1566222022377,583.930730358586,584.87200516704,20,0.1,1.5
1980,11,0.230876145667642,0,1.29767240525713,0,13.1306414830164,597.061371841603,598.002646650056,20,0.1,1.5
1980,10,0.230876145667642,0,1.29507952454547,0,13.1047126758998,610.166084517502,611.107359325956,20,0.1,1.5
1980,9,0.230876145667642,0,1.29249182467171,0,13.0788356771622,623.244920194664,624.186195003118,20,0.1,1.5
1980,8,0.230876145667642,0,1.28990929528402,0,13.0530103832853,636.29793057795,637.239205386403,20,0.1,1.5
1980,7,0.230876145667642,0,1.28733192605124,0,13.0272366909575,649.325167268907,650.266442077361,20,0.1,1.5
1980,6,0.230876145667642,0,1.28475970666286,0,13.0015144970737,662.326681765981,663.267956574434,20,0.1,1.5
1980,5,0.230876145667642,0,1.28219262682898,0,12.9758436987349,675.302525464716,676.243800273169,20,0.1,1.5
1980,4,0.230876145667642,0,1.27963067628023,0,12.9502241932474,688.252749657963,689.194024466417,20,0.1,1.5
1980,3,0.230876145667642,0,1.2770738447678,0,12.9246558781231,701.177405536086,702.11868034454,20,0.1,1.5
1980,2,0.0115438072833821,0,0.00054264630058096,0,0.0131223345280643,701.190527870614,702.131802679068,1,0.1,1.5
1980,1,150,0,1.28932881659231,0,112.893288165923,814.083816036537,815.025090844991,99999,0.1,1.5
1981,106,0.000105278796428683,0.0290687808493072,0.0290687808493072,0,0.58144580285043,0,0,1,0.1,1.5
1981,105,0.00011200539294908,0.000306140307366973,0.0306109693336236,0.00101566019149662,0.323755197978966,0.309245766671872,0.323755197978966,1,0.1,1.5
1981,104,0.000120785541874898,0.000284918541091211,0.0326843155461051,0.00107356257864673,0.345109472832928,0.639018631238418,0.668864670811894,1,0.1,1.5
1981,103,0.00013198617346202,0.000301950250297448,0.0350186704583268,0.00113925228298763,0.369569230482659,0.992312829106968,1.03843390129455,1,0.1,1.5
1981,102,0.000146022023884342,0.000320597484695146,0.0375611616479862,0.00120937465855775,0.396191720179275,1.3712277684497,1.43462562147383,1,0.1,1.5
1981,101,0.000163340102769242,0.000339606099557257,0.0402276636293494,0.00128080347755643,0.424078783227433,1.77700935914062,1.85870440470126,1,0.1,1.5
1981,100,0.000184356430157904,0.000357984909491157,0.0429103294723037,0.00134980383492532,0.452088960032225,2.20981540724534,2.31079336473349,1,0.1,1.5
1981,99,0.000209462986364965,0.000374486763505141,0.0454634686808108,0.00141167176398796,0.478685935919612,2.66833460367941,2.7894793006531,1,0.1,1.5
1981,98,0.00023869867776749,0.000388552975769435,0.0478165080608561,0.00146430427920583,0.503128375378184,3.15054434649751,3.29260767603128,1,0.1,1.5
1981,97,0.000273545078180885,0.000399007269841176,0.0498147968551941,0.00150327576060728,0.523795772644482,3.65286475113331,3.81640344867577,1,0.1,1.5
1981,96,0.000315752856364506,0.000403873778278993,0.0511880220913283,0.00152115731150389,0.537860279336086,4.16899421173363,4.35426372801185,1,0.1,1.5
1981,95,0.00036499349100484,0.000403167347986298,0.05190080343503,0.00151802778298961,0.544969148009732,4.6922772485578,4.89923287602158,1,0.1,1.5
1981,94,0.000419058236425454,0.000401708066339329,0.0525471168675722,0.00151205234729008,0.551368369315162,5.22204487005453,5.45060124533674,1,0.1,1.5
1981,93,0.000482448475944876,0.000399933147888994,0.0531812121113415,0.00150487870342487,0.557631352101385,5.75817795496413,6.00823259743813,1,0.1,1.5
1981,92,0.00060299185065275,0.00039786107105492,0.0538018986941709,0.00149657710236126,0.563779265110235,6.30057754718349,6.57201186254837,1,0.1,1.5
1981,91,0.000790773523234668,0.000395499772048878,0.0544091919109326,0.00148717806289516,0.56981950007714,6.84915164636213,7.1418313626255,1,0.1,1.5
1981,90,0.0010414617850305,0.000392851816603541,0.0550033515044616,0.00147669189056885,0.575751939504037,7.40380798742946,7.71758330212954,1,0.1,1.5
1981,89,0.00134841444488856,0.000389921200195867,0.0555849761848968,0.00146513426954356,0.581578406379094,7.96445590424365,8.29916170850863,1,0.1,1.5
1981,88,0.00170280607384191,0.000386713088188868,0.0561549788095269,0.00145252527458377,0.587302484091868,8.53100802727004,8.8864641926005,1,0.1,1.5
1981,87,0.00209388679772291,0.000383212255534228,0.0567113597927866,0.00143880842603654,0.59289605110126,9.10334967228506,9.47936024370176,1,0.1,1.5
1981,86,0.00252911276352324,0.000379407749981131,0.0572512645513758,0.00142394342545492,0.598334847124322,9.68134247047431,10.0776950908261,1,0.1,1.5
1981,85,0.00302291307004381,0.000375312067267028,0.0577747647380943,0.00140797804689298,0.603630015532113,10.264858513908,10.6813251063582,1,0.1,1.5
1981,84,0.00357226601493947,0.000370930162954539,0.0582819796611774,0.00139093173689248,0.608781062302124,10.8537691228259,11.2901061686603,1,0.1,1.5
1981,83,0.00417217271569693,0.00036626833517691,0.0587733473225716,0.00137282897567766,0.613789447564297,11.4479467278805,11.9038956162246,1,0.1,1.5
1981,82,0.00481565734026768,0.00036133411850084,0.0592496331090661,0.00135369886592392,0.618658665729999,12.047266838383,12.5225542819546,1,0.1,1.5
1981,81,0.00549378725136755,0.000356136068788078,0.0597119205705588,0.00133357431316203,0.623394152844314,12.6516099296107,13.1459484347989,1,0.1,1.5
1981,80,0.00617346163419549,0.000350672385091243,0.0601611317336494,0.00131244943571427,0.627982959929931,13.2608436118876,13.7739313947289,1,0.1,1.5
1981,79,0.00684460455639497,0.000344955047244873,0.0605989424387606,0.00129036996063509,0.632435901144819,13.8748456564519,14.4063672958737,1,0.1,1.5
1981,78,0.00751361466098227,0.000339005023303442,0.0610276909125954,0.00126741514576946,0.636781966453493,14.4935216922516,15.0431492623272,1,0.1,1.5
1981,77,0.00816621169751122,0.000332833225239644,0.0614495446848947,0.0012436265111009,0.641034013248745,15.1167896124846,15.6841832755759,1,0.1,1.5
1981,76,0.0087871703769529,0.00032645013482458,0.0618668025984669,0.00121904389216175,0.645205553662718,15.7445802534021,16.3293888292386,1,0.1,1.5
1981,75,0.00936087758225378,0.000319837911685201,0.0622763090971052,0.00119360138041438,0.649253503434374,16.3767823085449,16.978642332673,1,0.1,1.5
1981,74,0.00990134123530219,0.000312987814321738,0.0626741729176643,0.00116726725541632,0.653147747982676,17.0132548100216,17.6317900806557,1,0.1,1.5
1981,73,0.0104302392195847,0.000305919447219555,0.0630615211580523,0.00114011558319121,0.656915264339935,17.6538827088874,18.2887053449956,1,0.1,1.5
1981,72,0.010943330463636,0.000298639685283737,0.0634388149957536,0.00111217285589806,0.660558284108484,18.2985528093402,18.9492636291041,1,0.1,1.5
1981,71,0.0114363299740136,0.000291155470249682,0.063806545580113,0.00108346579227951,0.664079313233153,18.9471540398265,19.6133429423373,1,0.1,1.5
1981,70,0.0119049406274879,0.000283473765032773,0.0641652280616244,0.00105402116521275,0.667481090568889,19.599577685178,20.2808240329061,1,0.1,1.5
1981,69,0.0123448861905648,0.00027560150917729,0.0645153948661258,0.00102386563385633,0.670766539792307,20.2557175730581,20.9515905726985,1,0.1,1.5
1981,68,0.0127519454795913,0.000267545577523085,0.0648575885303551,0.000993025588323871,0.673938717898374,20.9154702111233,21.6255292905968,1,0.1,1.5
1981,67,0.0131219875903563,0.000259312742695717,0.0651923541284222,0.00096152700916402,0.677000760568998,21.5787348715614,22.3025300511658,1,0.1,1.5
1981,66,0.0134510081719988,0.000250909644667228,0.0655202320388595,0.000929395353682518,0.679955832097778,22.245413627178,22.9824858832636,1,0.1,1.5
1981,65,0.0137351630507112,0.000242342748229038,0.0658417460290818,0.000896655398201327,0.682807025971696,22.9154112903182,23.6652929092353,1,0.1,1.5
1981,64,0.0139708242108946,0.000233616971532388,0.0661569969077479,0.000863326173624426,0.685553252651843,23.5886313119183,24.3508461618871,1,0.1,1.5
1981,63,0.0141566193856268,0.000224736591558059,0.0664656939749633,0.000829424346961335,0.688190971164603,24.2649733638406,25.0390371330517,1,0.1,1.5
1981,62,0.0142935557971787,0.000215707353185609,0.0667677561839022,0.000794972013077941,0.690720415612968,24.9443370364096,25.7297575486647,1,0.1,1.5
1981,61,0.0143819976631218,0.000206534692208005,0.0670630252456334,0.000759990118708489,0.693140599516331,25.6266206342301,26.422898148181,1,0.1,1.5
1981,60,0.014422593205688,0.000197224112476423,0.0673513006703038,0.000724499860043532,0.69545030796555,26.311720944195,27.1183484561466,1,0.1,1.5
1981,59,0.0144162531860736,0.000187781207225664,0.067632342255018,0.000688522762802047,0.69764810954842,26.9995330142748,27.815996565695,1,0.1,1.5
1981,58,0.014364130186679,0.00017821168505755,0.0679058748055923,0.000652080779102555,0.699732391399083,27.6899499659725,28.5157289570941,1,0.1,1.5
1981,57,0.0142675880575216,0.000168521396966093,0.0681715954441994,0.000615196387546404,0.701701413605427,28.3828628597558,29.2174303706995,1,0.1,1.5
1981,56,0.0141281581999049,0.000158714708106921,0.068428436317579,0.000577886674144729,0.703545806306483,29.0781531421459,29.920976177006,1,0.1,1.5
1981,55,0.0139511180168428,0.000148809542849515,0.0686812919494518,0.000540217974532057,0.705319159903747,29.7757549024135,30.6262953369098,1,0.1,1.5
1981,54,0.0137134382863921,0.00013954554807062,0.0693165105221849,0.000504862053460302,0.710915167942916,30.479457755307,31.3372105048527,1,0.1,1.5
1981,53,0.0115438072833821,0.000128858845035084,0.0694163412866431,0.000464353459999433,0.709781493696172,31.182605628146,32.0469919985488,1,0.1,1.5
1981,52,0.230876145667642,0.000729781452175857,1.25583292125173,0.00249038024348477,12.7551213181054,43.9021500856302,44.8021133166542,20,0.1,1.5
1981,51,0.230876145667642,4.98945343336915e-24,1.06712390824146,0,10.8251565128597,54.7273065984899,55.627269829514,20,0.1,1.5
1981,50,0.230876145667642,5.40973240719201e-54,1.18303189385087,0,11.9842363689538,66.7115429674437,67.6115061984678,20,0.1,1.5
1981,49,0.230876145667642,7.75843450946564e-88,1.30413388425678,0,13.1952562730129,79.9067992404566,80.8067624714806,20,0.1,1.5
1981,48,0.230876145667642,4.03362672442071e-110,1.3905261499144,0,14.0591789295891,93.9659781700456,94.8659414010697,20,0.1,1.5
1981,47,0.230876145667642,3.56754758476513e-112,1.39441615031898,0,14.0980789336349,108.064057103681,108.964020334705,20,0.1,1.5
1981,46,0.230876145667642,3.56754758476518e-152,1.39162996582007,0,14.0702170886458,122.134274192326,123.03423742335,20,0.1,1.5
1981,45,0.230876145667642,3.56754758476522e-192,1.38884934839958,0,14.0424109144409,136.176685106767,137.076648337791,20,0.1,1.5
1981,44,0.230876145667642,3.56754758476527e-232,1.38607428693393,0,14.0146602997844,150.191345406552,151.091308637576,20,0.1,1.5
1981,43,0.230876145667642,3.56754758476531e-272,1.38330477032175,0,13.9869651336626,164.178310540214,165.078273771238,20,0.1,1.5
1981,42,0.230876145667642,3.56754758476752e-312,1.38054078748388,0,13.9593253052839,178.137635845498,179.037599076522,20,0.1,1.5
1981,41,0.230876145667642,0,1.37778232736326,0,13.9317407040777,192.069376549576,192.9693397806,20,0.1,1.5
1981,40,0.230876145667642,0,1.37502937892495,0,13.9042112196946,205.97358776927,206.873551000294,20,0.1,1.5
1981,39,0.230876145667642,0,1.37228193115605,0,13.8767367420056,219.850324511276,220.7502877423,20,0.1,1.5
1981,38,0.230876145667642,0,1.36953997306567,0,13.8493171611018,233.699641672378,234.599604903402,20,0.1,1.5
1981,37,0.230876145667642,0,1.36680349368488,0,13.8219523672939,247.521594039672,248.421557270696,20,0.1,1.5
1981,36,0.230876145667642,0,1.36407248206665,0,13.7946422511116,261.316236290783,262.216199521807,20,0.1,1.5
1981,35,0.230876145667642,0,1.36134692728585,0,13.7673867033036,275.083622994087,275.983586225111,20,0.1,1.5
1981,34,0.230876145667642,0,1.35862681843917,0,13.7401856148368,288.823808608924,289.723771839948,20,0.1,1.5
1981,33,0.230876145667642,0,1.35591214464507,0,13.7130388768958,302.53684748582,303.436810716844,20,0.1,1.5
1981,32,0.230876145667642,0,1.35320289504377,0,13.6859463808828,316.222793866702,317.122757097726,20,0.1,1.5
1981,31,0.230876145667642,0,1.35049905879719,0,13.658908018417,329.881701885119,330.781665116143,20,0.1,1.5
1981,30,0.230876145667642,0,1.34780062508889,0,13.631923681334,343.513625566453,344.413588797477,20,0.1,1.5
1981,29,0.230876145667642,0,1.34510758312406,0,13.6049932616857,357.118618828139,358.018582059163,20,0.1,1.5
1981,28,0.230876145667642,0,1.34241992212945,0,13.5781166517396,370.696735479879,371.596698710903,20,0.1,1.5
1981,27,0.230876145667642,0,1.33973763135333,0,13.5512937439784,384.248029223857,385.147992454881,20,0.1,1.5
1981,26,0.230876145667642,0,1.33706070006548,0,13.5245244310999,397.772553654957,398.672516885981,20,0.1,1.5
1981,25,0.230876145667642,0,1.33438911755707,0,13.4978086060158,411.270362260973,412.170325491997,20,0.1,1.5
1981,24,0.230876145667642,0,1.33172287314072,0,13.4711461618523,424.741508422825,425.641471653849,20,0.1,1.5
1981,23,0.230876145667642,0,1.32906195615038,0,13.4445369919489,438.186045414774,439.086008645798,20,0.1,1.5
1981,22,0.230876145667642,0,1.32640635594131,0,13.4179809898582,451.604026404632,452.503989635656,20,0.1,1.5
1981,21,0.230876145667642,0,1.32375606189005,0,13.3914780493455,464.995504453978,465.895467685002,20,0.1,1.5
1981,20,0.230876145667642,0,1.32111106339434,0,13.3650280643885,478.360532518367,479.26049574939,20,0.1,1.5
1981,19,0.230876145667642,0,1.31847134987315,0,13.3386309291766,491.699163447543,492.599126678567,20,0.1,1.5
1981,18,0.230876145667642,0,1.31583691076655,0,13.3122865381106,505.011449985654,505.911413216677,20,0.1,1.5
1981,17,0.230876145667642,0,1.31320773553573,0,13.2859947858024,518.297444771456,519.19740800248,20,0.1,1.5
1981,16,0.230876145667642,0,1.31058381366293,0,13.2597555670744,531.55720033853,532.457163569554,20,0.1,1.5
1981,15,0.230876145667642,0,1.30796513465142,0,13.2335687769593,544.79076911549,545.690732346514,20,0.1,1.5
1981,14,0.230876145667642,0,1.30535168802543,0,13.2074343106994,557.998203426189,558.898166657213,20,0.1,1.5
1981,13,0.230876145667642,0,1.30274346333012,0,13.1813520637463,571.179555489935,572.079518720959,20,0.1,1.5
1981,12,0.230876145667642,0,1.30014045013154,0,13.1553219317605,584.334877421696,585.23484065272,20,0.1,1.5
1981,11,0.230876145667642,0,1.2975426380166,0,13.1293438106111,597.464221232307,598.364184463331,20,0.1,1.5
1981,10,0.230876145667642,0,1.29495001659301,0,13.1034175963752,610.567638828682,611.467602059706,20,0.1,1.5
1981,9,0.230876145667642,0,1.29236257548924,0,13.0775431853375,623.64518201402,624.545145245044,20,0.1,1.5
1981,8,0.230876145667642,0,1.28978030435449,0,13.05172047399,636.696902488009,637.596865719034,20,0.1,1.5
1981,7,0.230876145667642,0,1.28720319285864,0,13.0259493590314,649.722851847041,650.622815078065,20,0.1,1.5
1981,6,0.230876145667642,0,1.2846312306922,0,13.0002297373671,662.723081584408,663.623044815432,20,0.1,1.5
1981,5,0.230876145667642,0,1.28206440756629,0,12.974561506108,675.697643090516,676.59760632154,20,0.1,1.5
1981,4,0.230876145667642,0,1.2795027132126,0,12.9489445625711,688.646587653087,689.546550884111,20,0.1,1.5
1981,3,0.230876145667642,0,1.27694613738332,0,12.9233788042783,701.569966457365,702.46992968839,20,0.1,1.5
1981,2,0.0115438072833821,0,0.000542592035950902,0,0.0131217918817637,701.583088249247,702.483051480271,1,0.1,1.5
1981,1,150,0,1.28919988371065,0,112.891998837107,814.475087086354,815.375050317378,99999,0.1,1.5
1982,107,0.000100297303143751,0.027792982134566,0.027792982134566,0,0.555926507560082,0,0,1,0.1,1.5
1982,106,0.000105278796428683,0.000290687808493072,0.0290658739712223,0.000928285851497997,0.306897030111411,0.293635803661439,0.306897030111411,1,0.1,1.5
1982,105,0.00011200539294908,0.000256976450947824,0.0308618232845644,0.000975856132094978,0.325203469504159,0.604898471278527,0.63210049961557,1,0.1,1.5
1982,104,0.000120785541874898,0.000271239830072594,0.0329494377592121,0.00103252037471501,0.347037590654788,0.937185770865958,0.979138090270358,1,0.1,1.5
1982,103,0.00013198617346202,0.000287832573249882,0.0352999816620279,0.00109551156805291,0.371616298392984,1.29315190400104,1.35075438866334,1,0.1,1.5
1982,102,0.000146022023884342,0.00030554963948639,0.0378597491964608,0.00116271062865907,0.398360488213381,1.67490224037644,1.74911487687672,1,0.1,1.5
1982,101,0.000163340102769242,0.000323596930384679,0.0405438417323756,0.00123111859574047,0.426370688540027,2.08368552040589,2.17548556541675,1,0.1,1.5
1982,100,0.000184356430157904,0.000341030807826243,0.0432434893980878,0.00129714102993803,0.454498692487884,2.5196536267518,2.62998425790463,1,0.1,1.5
1982,99,0.000209462986364965,0.000356662808632042,0.0458118402749397,0.00135625648498468,0.481199765469266,2.98147829957843,3.1111840233739,1,0.1,1.5
1982,98,0.00023869867776749,0.000369961599559151,0.0481778024798515,0.00140644753325204,0.505728880863838,3.46711507282438,3.61691290423774,1,0.1,1.5
1982,97,0.000273545078180885,0.000379809012850231,0.0501856343156604,0.00144347048518424,0.526457803601764,3.97295186949494,4.1433707078395,1,0.1,1.5
1982,96,0.000315752856364506,0.000384328065658763,0.0515631926169951,0.00146020667165834,0.540545804040187,4.49263757822572,4.68391651187969,1,0.1,1.5
1982,95,0.00036499349100484,0.000383538619227266,0.0522751203004339,0.0014567537909896,0.547640686633323,5.01946749641634,5.23155719851301,1,0.1,1.5
1982,94,0.000419058236425454,0.000382030167485912,0.052919875242708,0.00145055944137386,0.554020703993468,5.55276592267589,5.78557790250648,1,0.1,1.5
1982,93,0.000482448475944876,0.000380219007335108,0.0535521136659866,0.00144320624436564,0.56026219111288,6.0924108817264,6.34584009361936,1,0.1,1.5
1982,92,0.00060299185065275,0.000378122886300864,0.0541706627798918,0.00143476227936598,0.566386455219971,6.63830073295543,6.91222654883933,1,0.1,1.5
1982,91,0.000790773523234668,0.000375749513444278,0.0547755455074653,0.00142525746059127,0.572400953423508,7.19034086551335,7.48462750226284,1,0.1,1.5
1982,90,0.0010414617850305,0.000373101490808247,0.0553670241419534,0.00141470231209127,0.578305597214179,7.74843642969766,8.06293309947702,1,0.1,1.5
1982,89,0.00134841444488856,0.00037018277938785,0.0559457012546642,0.00140311251442546,0.584102247795572,8.31249421300143,8.64703534727259,1,0.1,1.5
1982,88,0.00170280607384191,0.000366998449527831,0.0565124946302919,0.0013905079473676,0.589794534095534,8.88242434784886,9.23682988136812,1,0.1,1.5
1982,87,0.00209388679772291,0.000363534229064476,0.0570653907633165,0.00137683523638685,0.595354249261151,9.45810952230449,9.83218413062927,1,0.1,1.5
1982,86,0.00252911276352324,0.00035977993386354,0.0576015252812844,0.00136205662274995,0.600757079080732,10.0394086496316,10.43294120971,1,0.1,1.5
1982,85,0.00302291307004381,0.000355747632395916,0.0581209817733437,0.00134621865893695,0.606014264565096,10.6261912190691,11.0389554742751,1,0.1,1.5
1982,84,0.00357226601493947,0.000351442235852666,0.0586238843974344,0.00132934077277987,0.611125359477781,11.2183259960786,11.6500808337529,1,0.1,1.5
1982,83,0.00417217271569693,0.000346869927271183,0.0591106772317588,0.00131144720123263,0.61609188008504,11.815682916146,12.2661727138379,1,0.1,1.5
1982,82,0.00481565734026768,0.00034203805766599,0.0595821328622361,0.00129256658471526,0.62091738435037,12.4181350635719,12.8870900981883,1,0.1,1.5
1982,81,0.00549378725136755,0.000336954938978389,0.0600393429567922,0.00127273117155346,0.625607377671286,13.0255605673638,13.5126974758596,1,0.1,1.5
1982,80,0.00617346163419549,0.00033161908277948,0.0604832279794046,0.00125193618631766,0.630148914372986,13.6378246790751,14.1428463902326,1,0.1,1.5
1982,79,0.00684460455639497,0.000326042040631221,0.0609154750346755,0.00123022611205058,0.63455289920091,14.2548029195325,14.7773992894335,1,0.1,1.5
1982,78,0.00751361466098227,0.000320243836675399,0.0613384419299465,0.00120767731162171,0.638848467130041,14.8763988536393,15.4162477565635,1,0.1,1.5
1982,77,0.00816621169751122,0.00031423496002762,0.0617543063582014,0.0011843300527738,0.643048555067876,15.5025284079533,16.0592963116314,1,0.1,1.5
1982,76,0.0087871703769529,0.000308025474388683,0.0621653768912475,0.00116022292500359,0.647166750455334,16.1331205451943,16.7064630620867,1,0.1,1.5
1982,75,0.00936087758225378,0.000301598724220446,0.0625684818112991,0.0011352938921047,0.651159874582956,16.7680619356043,17.3576229366697,1,0.1,1.5
1982,74,0.00990134123530219,0.000294946691997297,0.0629597223142266,0.00110951365571563,0.654997779300759,17.4072095198234,18.0126207159704,1,0.1,1.5
1982,73,0.0104302392195847,0.000288088090269998,0.0633402439017343,0.00108295353717639,0.658707577549905,18.0504463325565,18.6713282935204,1,0.1,1.5
1982,72,0.010943330463636,0.000281029610827351,0.0637105143282285,0.00105563954175852,0.662291557915247,18.6976573255895,19.3336198514356,1,0.1,1.5
1982,71,0.0114363299740136,0.000273778002772374,0.0640710313736249,0.00102759786743109,0.665752283281378,19.3487296393362,19.999372134717,1,0.1,1.5
1982,70,0.0119049406274879,0.000266340028953516,0.0644223168301214,0.000998854738870324,0.669092549088175,20.0035528350119,20.6684646838051,1,0.1,1.5
1982,69,0.0123448861905648,0.000258722423555856,0.0647649097351033,0.000969436246318734,0.672315334946759,20.6620190807255,21.3407800187519,1,0.1,1.5
1982,68,0.0127519454795913,0.000250931852856199,0.0650993591685831,0.000939368196860305,0.67542375287022,21.3240232879263,22.0162037716221,1,0.1,1.5
1982,67,0.0131219875903563,0.000242974879717962,0.0654262166453004,0.00090867598028429,0.67842099240972,21.9894631949034,22.6946247640318,1,0.1,1.5
1982,66,0.0134510081719988,0.000234857934867302,0.0657460288540762,0.000877384460924569,0.681310270398261,22.6582394015742,23.3759350344301,1,0.1,1.5
1982,65,0.0137351630507112,0.000226587277032622,0.0660593257040292,0.000845517828574679,0.684094731300254,23.3302553067519,24.0600297657304,1,0.1,1.5
1982,64,0.0139708242108946,0.00021816771312143,0.0663662127514632,0.000813094832347978,0.686773327915223,24.005412994205,24.7468030936456,1,0.1,1.5
1982,63,0.0141566193856268,0.000209603452655914,0.0666664034923061,0.000780131999190438,0.689342558552282,24.6836108099117,25.4361456521979,1,0.1,1.5
1982,62,0.0142935557971787,0.000200900076801341,0.0669598224115533,0.000746650970092505,0.691802704511558,25.3647470719934,26.1279483567094,1,0.1,1.5
1982,61,0.0143819976631218,0.000192062876599202,0.067246316472786,0.0007126722979524,0.694152824763824,26.0487188639293,26.8221011814733,1,0.1,1.5
1982,60,0.014422593205688,0.000183097206135647,0.0675256905052477,0.000678216767512161,0.696391750215418,26.7354218031803,27.5184929316887,1,0.1,1.5
1982,59,0.0144162531860736,0.000174008502772768,0.067797709711493,0.000643305471953161,0.6985180957708,27.4247498207803,28.2170110274595,1,0.1,1.5
1982,58,0.014364130186679,0.000164802311626214,0.0680621044128874,0.000607959904925849,0.700530295535196,28.1165949748166,28.9175413229947,1,0.1,1.5
1982,57,0.0142675880575216,0.000155484310856262,0.0683185773815416,0.000572202054987796,0.702426657366914,28.8108473171123,29.6199679803616,1,0.1,1.5
1982,56,0.0141281581999049,0.000146058815617251,0.0685660651424834,0.000536048924075905,0.70419785348679,29.5073873288265,30.3241658338484,1,0.1,1.5
1982,55,0.0139511180168428,0.000136542589061509,0.0688094783138899,0.000499563081367886,0.705897569822188,30.2061482832006,31.0300634036706,1,0.1,1.5
1982,54,0.0137134382863921,0.000127610968845782,0.0694357943844977,0.000465202340616566,0.711422093447457,30.910924628925,31.741485497118,1,0.1,1.5
1982,53,0.0115438072833821,0.000117376953450209,0.0695254880175143,0.000426089128101312,0.710211508776205,31.6150491501569,32.4516970058942,1,0.1,1.5
1982,52,0.230876145667642,0.000629892875392952,1.25632993302048,0.00216255398529749,12.7544093177652,44.3385648395607,45.2061063236594,20,0.1,1.5
1982,51,0.230876145667642,4.98945343336915e-26,1.06701719585064,0,10.8240893889515,55.1626542285122,56.0301957126109,20,0.1,1.5
1982,50,0.230876145667642,5.40973240719201e-56,1.18291359066148,0,11.9830533370599,67.1457075655721,68.0132490496709,20,0.1,1.5
1982,49,0.230876145667642,7.75843450946565e-90,1.30400347086835,0,13.1939521391286,80.3396597047007,81.2072011887995,20,0.1,1.5
1982,48,0.230876145667642,4.03362672442072e-112,1.39038709729941,0,14.0577884034392,94.3974481081399,95.2649895922386,20,0.1,1.5
1982,47,0.230876145667642,3.56754758476513e-114,1.39427670870395,0,14.0966845174846,108.494132625624,109.361674109723,20,0.1,1.5
1982,46,0.230876145667642,3.56754758476518e-154,1.39149080282349,0,14.06882545868,122.562958084304,123.430499568403,20,0.1,1.5
1982,45,0.230876145667642,3.56754758476522e-194,1.38871046346474,0,14.0410220650925,136.603980149397,137.471521633496,20,0.1,1.5
1982,44,0.230876145667642,3.56754758476527e-234,1.38593567950524,0,14.0132742254975,150.617254374894,151.484795858993,20,0.1,1.5
1982,43,0.230876145667642,3.56754758476531e-274,1.38316643984472,0,13.9855818288923,164.602836203787,165.470377687886,20,0.1,1.5
1982,42,0.230876145667642,3.56754758457978e-314,1.38040273340513,0,13.9579447644964,178.560780968283,179.428322452382,20,0.1,1.5
1982,41,0.230876145667642,0,1.37764454913052,0,13.9303629217503,192.491143890033,193.358685374132,20,0.1,1.5
1982,40,0.230876145667642,0,1.37489187598706,0,13.9028361903157,206.393980080349,207.261521564448,20,0.1,1.5
1982,39,0.230876145667642,0,1.37214470296294,0,13.8753644600745,220.269344540424,221.136886024522,20,0.1,1.5
1982,38,0.230876145667642,0,1.36940301906837,0,13.8479476211288,234.117292161552,234.984833645651,20,0.1,1.5
1982,37,0.230876145667642,0,1.36666681333551,0,13.8205855638002,247.937877725352,248.805419209451,20,0.1,1.5
1982,36,0.230876145667642,0,1.36393607481845,0,13.7932781786296,261.731155903982,262.598697388081,20,0.1,1.5
1982,35,0.230876145667642,0,1.36121079259312,0,13.7660253563763,275.497181260358,276.364722744457,20,0.1,1.5
1982,34,0.230876145667642,0,1.35849095575732,0,13.7388269880183,289.236008248377,290.103549732476,20,0.1,1.5
1982,33,0.230876145667642,0,1.3557765534306,0,13.7116829647511,302.947691213128,303.815232697227,20,0.1,1.5
1982,32,0.230876145667642,0,1.35306757475427,0,13.6845931779878,316.632284391116,317.499825875215,20,0.1,1.5
1982,31,0.230876145667642,0,1.35036400889131,0,13.6575575193582,330.289841910474,331.157383394573,20,0.1,1.5
1982,30,0.230876145667642,0,1.34766584502638,0,13.6305758807089,343.920417791183,344.787959275282,20,0.1,1.5
1982,29,0.230876145667642,0,1.34497307236575,0,13.6036481541026,357.524065945285,358.391607429384,20,0.1,1.5
1982,28,0.230876145667642,0,1.34228568013724,0,13.5767742318175,371.100840177103,371.968381661202,20,0.1,1.5
1982,27,0.230876145667642,0,1.3396036575902,0,13.5499540063471,384.65079418345,385.518335667549,20,0.1,1.5
1982,26,0.230876145667642,0,1.33692699399547,0,13.5231873703998,398.17398155385,399.041523037949,20,0.1,1.5
1982,25,0.230876145667642,0,1.33425567864532,0,13.4964742168983,411.670455770748,412.537997254847,20,0.1,1.5
1982,24,0.230876145667642,0,1.33158970085341,0,13.4698144389792,425.140270209727,426.007811693826,20,0.1,1.5
1982,23,0.230876145667642,0,1.32892904995477,0,13.4432079299928,438.58347813972,439.451019623819,20,0.1,1.5
1982,22,0.230876145667642,0,1.32627371530572,0,13.4166545835023,452.000132723222,452.867674207321,20,0.1,1.5
1982,21,0.230876145667642,0,1.32362368628386,0,13.3901542932837,465.390287016506,466.257828500605,20,0.1,1.5
1982,20,0.230876145667642,0,1.320978952288,0,13.3637069533251,478.753993969831,479.62153545393,20,0.1,1.5
1982,19,0.230876145667642,0,1.31833950273816,0,13.3373124578267,492.091306427658,492.958847911757,20,0.1,1.5
1982,18,0.230876145667642,0,1.31570532707547,0,13.3109707011998,505.402277128858,506.269818612956,20,0.1,1.5
1982,17,0.230876145667642,0,1.31307641476217,0,13.2846815780668,518.686958706925,519.554500191023,20,0.1,1.5
1982,16,0.230876145667642,0,1.31045275528157,0,13.2584449832608,531.945403690185,532.812945174284,20,0.1,1.5
1982,15,0.230876145667642,0,1.30783433813796,0,13.2322608118247,545.17766450201,546.045205986109,20,0.1,1.5
1982,14,0.230876145667642,0,1.30522115285663,0,13.2061289590114,558.383793461021,559.25133494512,20,0.1,1.5
1982,13,0.230876145667642,0,1.30261318898379,0,13.1800493202829,571.563842781304,572.431384265403,20,0.1,1.5
1982,12,0.230876145667642,0,1.30001043608653,0,13.1540217913104,584.717864572615,585.585406056713,20,0.1,1.5
1982,11,0.230876145667642,0,1.2974128837528,0,13.1280462679731,597.845910840588,598.713452324686,20,0.1,1.5
1982,10,0.230876145667642,0,1.29482052159135,0,13.1021226463586,610.948033486946,611.815574971045,20,0.1,1.5
1982,9,0.230876145667642,0,1.29223333923169,0,13.076250822762,624.024284309708,624.891825793807,20,0.1,1.5
1982,8,0.230876145667642,0,1.28965132632406,0,13.0504306936856,637.074715003394,637.942256487493,20,0.1,1.5
1982,7,0.230876145667642,0,1.28707447253935,0,13.0246621558386,650.099377159232,650.966918643331,20,0.1,1.5
1982,6,0.230876145667642,0,1.28450276756913,0,12.9989451061364,663.098322265369,663.965863749468,20,0.1,1.5
1982,5,0.230876145667642,0,1.28193620112554,0,12.9732794417005,676.071601707069,676.939143191168,20,0.1,1.5
1982,4,0.230876145667642,0,1.27937476294128,0,12.9476650598579,689.019266766927,689.886808251026,20,0.1,1.5
1982,3,0.230876145667642,0,1.27681844276958,0,12.9221018581409,701.941368625068,702.808910109167,20,0.1,1.5
1982,2,0.0115438072833821,0,0.000542537776747307,0,0.0131212492897278,701.954489874358,702.822031358457,1,0.1,1.5
1982,1,150,0,1.28907096372228,0,112.890709637223,814.84519951158,815.712740995679,99999,0.1,1.5
1983,108,9.68099325605506e-05,0.0267917223030492,0.0267917223030492,0,0.535898986016024,0,0,1,0.1,1.5
1983,107,0.000100297303143751,0.00027792982134566,0.0277902028363525,0.000862396887959624,0.293068146988025,0.280748191445744,0.293068146988025,1,0.1,1.5
1983,106,0.000105278796428683,0.00023497834095943,0.0292950388466996,0.000900170336950965,0.308229933983033,0.576118549186621,0.601298080971058,1,0.1,1.5
1983,105,0.00011200539294908,0.000246533797533223,0.0311027011352597,0.000947620026072112,0.327104448533782,0.889685568776516,0.92840252950484,1,0.1,1.5
1983,104,0.000120785541874898,0.000260842491979478,0.033204272909115,0.00100249155354353,0.349052985613292,1.22441724648204,1.27745551511813,1,0.1,1.5
1983,103,0.00013198617346202,0.000276756217745726,0.0355703295558749,0.00106345164927418,0.373751014936717,1.58297609500056,1.65120653005485,1,0.1,1.5
1983,102,0.000146022023884342,0.000293733153559631,0.0381466408787059,0.00112845539532359,0.400621879700344,1.96747718333914,2.05182840975519,1,0.1,1.5
1983,101,0.000163340102769242,0.000311015618238964,0.0408475669971375,0.00119458596912823,0.4287602334003,2.37917190289475,2.48058864315549,1,0.1,1.5
1983,100,0.000184356430157904,0.00032769556556277,0.0435634503066325,0.00125835121233958,0.45701080889929,2.81820626590347,2.93759945205478,1,0.1,1.5
1983,99,0.000209462986364965,0.00034263074933249,0.0461463232121584,0.00131536395902275,0.483820095306144,3.28323544750929,3.42141954736093,1,0.1,1.5
1983,98,0.00023869867776749,0.000355311499308602,0.0485245965829165,0.00136367064864161,0.508439222540405,3.77219366078339,3.92985876990133,1,0.1,1.5
1983,97,0.000273545078180885,0.000364665711424562,0.0505414833735249,0.00139916371831338,0.529231907353711,4.28143751501834,4.45909067725504,1,0.1,1.5
1983,96,0.000315752856364506,0.000368894948571172,0.051923087965648,0.00141495757406352,0.543344010675914,4.80456784606477,5.00243468793096,1,0.1,1.5
1983,95,0.00036499349100484,0.000368023833939672,0.0526340812361513,0.00141116867205672,0.550423932152866,5.33483222575968,5.55285862008382,1,0.1,1.5
1983,94,0.000419058236425454,0.000366460162018324,0.0532772231155272,0.00140471411776924,0.556783549472632,5.87154843069275,6.10964216955645,1,0.1,1.5
1983,93,0.000482448475944876,0.000364603751164761,0.0539075600157114,0.00139712844076963,0.563002247711339,6.41459170067881,6.67264441726779,1,0.1,1.5
1983,92,0.00060299185065275,0.000362471798704503,0.0545239362834553,0.00138847826407027,0.569101479161132,6.96385777606751,7.24174589642892,1,0.1,1.5
1983,91,0.000790773523234668,0.000360071860282261,0.0551263823180623,0.001378793203158,0.575088769891669,7.51924950019978,7.81683466632059,1,0.1,1.5
1983,90,0.0010414617850305,0.000357406592930901,0.055715163017562,0.0013680840967471,0.580964062486575,8.0806695041614,8.39779872880717,1,0.1,1.5
1983,89,0.00134841444488856,0.000354479956400243,0.0562908848131451,0.00135636677323171,0.586729258847737,8.64802209482011,8.9845279876549,1,0.1,1.5
1983,88,0.00170280607384191,0.000351296971337177,0.0568544703676708,0.00134366111430813,0.592388036215138,9.22121497225942,9.57691602387004,1,0.1,1.5
1983,87,0.00209388679772291,0.000347844151387356,0.0574038930333369,0.00132991624576695,0.597912099890014,9.80012826863847,10.1748281237601,1,0.1,1.5
1983,86,0.00252911276352324,0.000344111955026123,0.0579362792844438,0.00131509650570569,0.603277080509034,10.3846182562089,10.7781052042691,1,0.1,1.5
1983,85,0.00302291307004381,0.000340112141058197,0.0584517243399006,0.0012992477010491,0.608494321633176,10.9745518963985,11.3865995259023,1,0.1,1.5
1983,84,0.00357226601493947,0.000335849615553495,0.0589503572021896,0.00128238942047244,0.61356342771795,11.5697954752525,12.0001629536202,1,0.1,1.5
1983,83,0.00417217271569693,0.000331330499580869,0.0594326279643438,0.00126454588925489,0.618485974391447,12.1702165083689,12.6186489280117,1,0.1,1.5
1983,82,0.00481565734026768,0.000326562026755476,0.0598993162951287,0.00124574556550772,0.623265586667226,12.7756857298146,13.2419145146789,1,0.1,1.5
1983,81,0.00549378725136755,0.000321552342278149,0.0603515218153849,0.00122602036067802,0.62790784299199,13.3860789962255,13.8698223576709,1,0.1,1.5
1983,80,0.00617346163419549,0.00031630023740721,0.0607901637031861,0.00120536651418597,0.632399802126625,14.0012592767209,14.5022221597975,1,0.1,1.5
1983,79,0.00684460455639497,0.000310816948418958,0.0612169400151847,0.0011838277191226,0.636752463899194,14.6210999160612,15.1389746236967,1,0.1,1.5
1983,78,0.00751361466098227,0.00030512176627218,0.061634227413659,0.00116147825838276,0.640995114788292,15.2455024843011,15.779969738485,1,0.1,1.5
1983,77,0.00816621169751122,0.000299224862793726,0.062044213440759,0.00113835756613881,0.645140775112042,15.8743810084683,16.425110513597,1,0.1,1.5
1983,76,0.0087871703769529,0.000293135985994785,0.0624492160848092,0.00111450338989555,0.649203111291183,16.507662642761,17.0743136248882,1,0.1,1.5
1983,75,0.00936087758225378,0.000286839460268379,0.0628460484361442,0.00108985683154844,0.653138847326796,17.14523210678,17.727452472215,1,0.1,1.5
1983,74,0.00990134123530219,0.000280327880848881,0.0632308047559241,0.00106439063505101,0.656917801025327,17.7869443273046,18.3843702732403,1,0.1,1.5
1983,73,0.0104302392195847,0.000273619265196797,0.0636046482616382,0.00103817413661002,0.660567227175835,18.432680495386,19.0449375004162,1,0.1,1.5
1983,72,0.010943330463636,0.000266720181547903,0.0639680531622353,0.0010112331039817,0.664089474279995,19.0823237824662,19.7090269746962,1,0.1,1.5
1983,71,0.0114363299740136,0.000259637246885496,0.0643215237373453,0.000983593466353879,0.66748716505861,19.7357596122912,20.3765141397548,1,0.1,1.5
1983,70,0.0119049406274879,0.000252377085007116,0.064665588283156,0.000955281153100491,0.670763154382344,20.3928758930578,21.0472772941371,1,0.1,1.5
1983,69,0.0123448861905648,0.000244946285815242,0.0650007923057095,0.000926321937664865,0.67392048058036,21.0535632031001,21.7211977747175,1,0.1,1.5
1983,68,0.0127519454795913,0.000237351367743638,0.0653276912818813,0.000896741293853595,0.676962313394837,21.7177149265828,22.3981600881123,1,0.1,1.5
1983,67,0.0131219875903563,0.000229598743868252,0.0656468430187069,0.000866564266641126,0.6798918988761,22.3852273359354,23.0780519869884,1,0.1,1.5
1983,66,0.0134510081719988,0.000221694694579815,0.065958800366422,0.000835815368339763,0.682712508939061,23.0559996253268,23.7607644959275,1,0.1,1.5
1983,65,0.0137351630507112,0.000213645329913996,0.0662640992286025,0.000804518436454558,0.685427341473085,23.7299338462791,24.4461918374006,1,0.1,1.5
1983,64,0.0139708242108946,0.000205455385218209,0.066562849838275,0.00077269210797477,0.688035393727549,24.4069307813213,25.1342272311281,1,0.1,1.5
1983,63,0.0141566193856268,0.000197129034324169,0.0668547698517545,0.000740352911098158,0.690533205276416,25.0868875164392,25.8247604364045,1,0.1,1.5
1983,62,0.0142935557971787,0.00018867174329114,0.0671397891718353,0.000707522234727353,0.692921106845488,25.7697011627885,26.51768154325,1,0.1,1.5
1983,61,0.0143819976631218,0.000180088703254092,0.0674177599156268,0.000674220425912726,0.695198205001072,26.4552676474194,27.2128797482511,1,0.1,1.5
1983,60,0.014422593205688,0.000171385163939397,0.0676884921280752,0.000640468047779459,0.697363378596978,27.1434814824767,27.9102431268481,1,0.1,1.5
1983,59,0.0144162531860736,0.000162566453016018,0.0679517563085102,0.000606285953466443,0.699415290979307,27.8342355455493,28.6096584178274,1,0.1,1.5
1983,58,0.014364130186679,0.000153637999347724,0.0682072881786776,0.000571695374339343,0.701352425347649,28.5274208941207,29.311010843175,1,0.1,1.5
1983,57,0.0142675880575216,0.000144605356855512,0.0684547960375504,0.000536718009897473,0.703173139457132,29.2229266334365,30.0141839826322,1,0.1,1.5
1983,56,0.0141281581999049,0.000135472819175149,0.0686932207669882,0.000501370909780295,0.704868149563193,29.9206323414314,30.7190521321954,1,0.1,1.5
1983,55,0.0139511180168428,0.000126256196232587,0.0689274881364005,0.000465713625880333,0.706491240469183,30.6204705301023,31.4255433726645,1,0.1,1.5
1983,54,0.0137134382863921,0.000117576694842599,0.0695451513902134,0.000432024625736875,0.711941353409158,31.3262401031437,32.1374847260737,1,0.1,1.5
1983,53,0.0115438072833821,0.00010769605155983,0.0696250577507379,0.000393918269239061,0.710650813391505,32.031263512689,32.8481355394652,1,0.1,1.5
1983,52,0.230876145667642,0.000546937425078302,1.2567449385235,0.00188834359970519,12.7538125270695,44.7580997026199,45.6019480665347,20,0.1,1.5
1983,51,0.230876145667642,4.98945343336915e-28,1.06691049413106,0,10.8230223717557,55.5811220743755,56.4249704382904,20,0.1,1.5
1983,50,0.230876145667642,5.40973240719201e-58,1.18279529930242,0,11.9818704234693,67.5629924978448,68.4068408617597,20,0.1,1.5
1983,49,0.230876145667642,7.75843450946565e-92,1.30387307052126,0,13.1926481356577,80.7556406335025,81.5994889974174,20,0.1,1.5
1983,48,0.230876145667642,4.03362672442072e-114,1.39024805858968,0,14.0563980163419,94.8120386498444,95.6558870137593,20,0.1,1.5
1983,47,0.230876145667642,3.56754758476513e-116,1.39413728103308,0,14.0952902407759,108.90732889062,109.751177254535,20,0.1,1.5
1983,46,0.230876145667642,3.56754758476518e-156,1.39135165374321,0,14.0674339678772,122.974762858497,123.818611222412,20,0.1,1.5
1983,45,0.230876145667642,3.56754758476523e-196,1.3885715924184,0,14.0396333546291,137.014396213126,137.858244577041,20,0.1,1.5
1983,44,0.230876145667642,3.56754758476527e-236,1.38579708593729,0,14.011888289818,151.026284502944,151.870132866859,20,0.1,1.5
1983,43,0.230876145667642,3.56754758476531e-276,1.38302812320074,0,13.9841986624525,165.010483165397,165.854331529312,20,0.1,1.5
1983,42,0.230876145667642,3.56754758507384e-316,1.38026469313179,0,13.956564361763,178.96704752716,179.810895891075,20,0.1,1.5
1983,41,0.230876145667642,0,1.37750678467561,0,13.9289852772012,192.896032804361,193.739881168276,20,0.1,1.5
1983,40,0.230876145667642,0,1.37475438679946,0,13.9014612984397,206.797494102801,207.641342466716,20,0.1,1.5
1983,39,0.230876145667642,0,1.37200748849264,0,13.8739923153715,220.671486418172,221.515334782087,20,0.1,1.5
1983,38,0.230876145667642,0,1.36926607876646,0,13.8465782181097,234.518064636282,235.361913000197,20,0.1,1.5
1983,37,0.230876145667642,0,1.36653014665418,0,13.8192188969869,248.337283533269,249.181131897184,20,0.1,1.5
1983,36,0.230876145667642,0,1.36379968121096,0,13.7919142425547,262.129197775824,262.973046139738,20,0.1,1.5
1983,35,0.230876145667642,0,1.36107467151387,0,13.7646641455837,275.893861921407,276.737710285322,20,0.1,1.5
1983,34,0.230876145667642,0,1.35835510666175,0,13.7374684970626,289.63133041847,290.475178782385,20,0.1,1.5
1983,33,0.230876145667642,0,1.35564097577526,0,13.7103271881977,303.341657606668,304.185505970582,20,0.1,1.5
1983,32,0.230876145667642,0,1.35293226799679,0,13.683240110413,317.024897717081,317.868746080995,20,0.1,1.5
1983,31,0.230876145667642,0,1.35022897249042,0,13.6562071553493,330.68110487243,331.524953236345,20,0.1,1.5
1983,30,0.230876145667642,0,1.34753107844188,0,13.6292282148639,344.310333087294,345.154181451209,20,0.1,1.5
1983,29,0.230876145667642,0,1.34483857505851,0,13.6023031810302,357.912636268324,358.756484632239,20,0.1,1.5
1983,28,0.230876145667642,0,1.34215145156922,0,13.5754319461373,371.488068214461,372.331916578376,20,0.1,1.5
1983,27,0.230876145667642,0,1.33946969722444,0,13.5486144026895,385.036682617151,385.880530981066,20,0.1,1.5
1983,26,0.230876145667642,0,1.33679330129607,0,13.5218504434058,398.558533060557,399.402381424471,20,0.1,1.5
1983,25,0.230876145667642,0,1.33412225307745,0,13.4951399612196,412.053673021776,412.897521385691,20,0.1,1.5
1983,24,0.230876145667642,0,1.33145654188333,0,13.4684828492783,425.522155871055,426.366004234969,20,0.1,1.5
1983,23,0.230876145667642,0,1.32879615704977,0,13.4418790009428,438.964034871998,439.807883235912,20,0.1,1.5
1983,22,0.230876145667642,0,1.32614108793419,0,13.415328309787,452.379363181785,453.223211545699,20,0.1,1.5
1983,21,0.230876145667642,0,1.32349132391523,0,13.3888306695974,465.768193851382,466.612042215297,20,0.1,1.5
1983,20,0.230876145667642,0,1.32084685439277,0,13.3623859743728,479.130579825755,479.974428189669,20,0.1,1.5
1983,19,0.230876145667642,0,1.31820766878789,0,13.335994118324,492.466573944079,493.310422307993,20,0.1,1.5
1983,18,0.230876145667642,0,1.31557375654276,0,13.3096549958727,505.776228939952,506.620077303866,20,0.1,1.5
1983,17,0.230876145667642,0,1.3129451071207,0,13.2833685016521,519.059597441604,519.903445805518,20,0.1,1.5
1983,16,0.230876145667642,0,1.31032171000604,0,13.2571345305055,532.316731972109,533.160580336024,20,0.1,1.5
1983,15,0.230876145667642,0,1.30770355470414,0,13.2309529774865,545.547684949596,546.39153331351,20,0.1,1.5
1983,14,0.230876145667642,0,1.30509063074134,0,13.2048237378585,558.752508687454,559.596357051369,20,0.1,1.5
1983,13,0.230876145667642,0,1.30248292766489,0,13.178746707094,571.931255394548,572.775103758463,20,0.1,1.5
1983,12,0.230876145667642,0,1.29988043504292,0,13.1527217808743,585.083977175422,585.927825539337,20,0.1,1.5
1983,11,0.230876145667642,0,1.29728314246443,0,13.1267488550894,598.210726030512,599.054574394426,20,0.1,1.5
1983,10,0.230876145667642,0,1.2946910395392,0,13.100827825837,611.311553856349,612.155402220264,20,0.1,1.5
1983,9,0.230876145667642,0,1.29210411589777,0,13.0749585894228,624.386512445771,625.230360809686,20,0.1,1.5
1983,8,0.230876145667642,0,1.28952236119142,0,13.0491410423593,637.435653488131,638.279501852046,20,0.1,1.5
1983,7,0.230876145667642,0,1.2869457650921,0,13.023375081366,650.459028569497,651.302876933412,20,0.1,1.5
1983,6,0.230876145667642,0,1.28437431729237,0,12.9976606033688,663.456689172865,664.30053753678,20,0.1,1.5
1983,5,0.230876145667642,0,1.28180800750542,0,12.9719975054993,676.428686678365,677.27253504228,20,0.1,1.5
1983,4,0.230876145667642,0,1.27924682546499,0,12.946385685095,689.37507236346,690.218920727375,20,0.1,1.5
1983,3,0.230876145667642,0,1.2766907609253,0,12.9208250396981,702.295897403158,703.139745767073,20,0.1,1.5
1983,2,0.0115438072833821,0,0.000542483522969632,0,0.013120706751951,702.30901810991,703.152866473825,1,0.1,1.5
1983,1,150,0,1.28894205662591,0,112.889420566259,815.198438676169,816.042287040084,99999,0.1,1.5
1984,109,9.46190478656791e-05,0.0260600230032535,0.0260600230032535,0,0.521263539430314,0,0,1,0.1,1.5
1984,108,9.68099325605506e-05,0.000267917223030492,0.0267890431308189,0.000815693806914818,0.282286912163746,0.270634143493534,0.282286912163746,1,0.1,1.5
1984,107,0.000100297303143751,0.000218378520203363,0.0280030230380588,0.000844380037849723,0.294343452420666,0.552915023944918,0.576630364584411,1,0.1,1.5
1984,106,0.000105278796428683,0.000227392367647336,0.0295171519270527,0.000882865863158076,0.310127998284973,0.850430652756204,0.886758362869384,1,0.1,1.5
1984,105,0.00011200539294908,0.00023937034449336,0.0313364958716642,0.000929273900539612,0.329108673859822,1.16626398517975,1.21586703672921,1,0.1,1.5
1984,104,0.000120785541874898,0.000253231313305677,0.0334515753702099,0.000982907426226843,0.351170125190123,1.50339257570949,1.56703716191933,1,0.1,1.5
1984,103,0.00013198617346202,0.000268630474496001,0.0358326354352378,0.0010424753803934,0.375993155313838,1.86449322558913,1.94303031723317,1,0.1,1.5
1984,102,0.000146022023884342,0.000285051180366493,0.0384249400634489,0.00110596610092764,0.402996776181615,2.25169048604321,2.34602709341478,1,0.1,1.5
1984,101,0.000163340102769242,0.000301756648464448,0.0411421287327198,0.00117051444094502,0.431269382084332,2.6662382332569,2.77729647549911,1,0.1,1.5
1984,100,0.000184356430157904,0.000317864758740522,0.0438736817646868,0.00123269424610364,0.459648287322525,3.10827660277794,3.23694476282164,1,0.1,1.5
1984,99,0.000209462986364965,0.000332267297249013,0.0464705495695929,0.00128820692973514,0.486570766798402,3.57644441343727,3.72351552962004,1,0.1,1.5
1984,98,0.00023869867776749,0.000344470777153489,0.0488606617854186,0.00133514239931848,0.511283920924973,4.06865487151484,4.23479945054501,1,0.1,1.5
1984,97,0.000273545078180885,0.000353437586692591,0.0508862201547659,0.00136948620425175,0.532143029432207,4.58123381231488,4.76694247997722,1,0.1,1.5
1984,96,0.000315752856364506,0.000357428343001591,0.0522716350503673,0.00138451354188453,0.546279900721997,5.10773494815281,5.31322238069922,1,0.1,1.5
1984,95,0.00036499349100484,0.000356472406353577,0.0529816099960418,0.00138036034728443,0.553343586550592,5.64135910117076,5.86656596724981,1,0.1,1.5
1984,94,0.000419058236425454,0.000354843131062494,0.0536230739226579,0.00137359000902303,0.559681257109436,6.18141764386559,6.42624722435925,1,0.1,1.5
1984,93,0.000482448475944876,0.000352928147704056,0.0542514513699022,0.00136570501576609,0.565875499147161,6.72778307135895,6.99212272350641,1,0.1,1.5
1984,92,0.00060299185065275,0.000350744284004612,0.0548656034558445,0.00135677123277176,0.571947918148047,7.28034854332454,7.56407064165445,1,0.1,1.5
1984,91,0.000790773523234668,0.000348299019392323,0.05546556798062,0.00134681828852958,0.577906113613655,7.83901439567348,8.14197675526811,1,0.1,1.5
1984,90,0.0010414617850305,0.000345595090116085,0.056051612525447,0.00133585745084286,0.583750061881502,8.4036807796858,8.72572681714961,1,0.1,1.5
1984,89,0.00134841444488856,0.00034263649287193,0.0566243474179717,0.00132390486214166,0.589481708673719,8.9742495617575,9.31520852582333,1,0.1,1.5
1984,88,0.00170280607384191,0.000339428248290403,0.057184700199211,0.0013109806144794,0.595104783016805,9.55062605028174,9.91031330884014,1,0.1,1.5
1984,87,0.00209388679772291,0.00033595750295561,0.0577306317054753,0.00129703579475819,0.600590899398384,10.1326878668979,10.5109042082385,1,0.1,1.5
1984,86,0.00252911276352324,0.000332215245976683,0.0582592597829417,0.00128203645420395,0.605915631953494,10.7202886923627,11.116819840192,1,0.1,1.5
1984,85,0.00302291307004381,0.000328213046672857,0.0587706910927289,0.00126602812837782,0.61109043289373,11.3132930091368,11.7279102730857,1,0.1,1.5
1984,84,0.00357226601493947,0.000323955851273644,0.0592650595215875,0.0012490307638112,0.616114961031112,11.911564673542,12.3440252341169,1,0.1,1.5
1984,83,0.00417217271569693,0.00031944977730953,0.0597428211738611,0.00123106881924124,0.620990855406569,12.5149688315309,12.9650160895234,1,0.1,1.5
1984,82,0.00481565734026768,0.000314702011644484,0.0602047627548761,0.00121217085985352,0.625721812461387,13.1233739174229,13.5907379019848,1,0.1,1.5
1984,81,0.00549378725136755,0.000309720613592288,0.0606519917533729,0.00119236878603342,0.630313488304374,13.7366535659268,14.2210513902892,1,0.1,1.5
1984,80,0.00617346163419549,0.000304504630920566,0.0610854263153623,0.00117165979707257,0.634752947653329,14.3546685164791,14.8558043379425,1,0.1,1.5
1984,79,0.00684460455639497,0.000299065099264839,0.0615067752509638,0.00115008724514967,0.639051290994402,14.9772899896856,15.4948556289369,1,0.1,1.5
1984,78,0.00751361466098227,0.000293420782258411,0.0619184335555133,0.00112772411141864,0.64323796426721,15.604417609504,16.1380935932041,1,0.1,1.5
1984,77,0.00816621169751122,0.000287581640162639,0.0623225984109497,0.00110460940566768,0.647326076009478,16.2359635511468,16.7854196692136,1,0.1,1.5
1984,76,0.0087871703769529,0.000281557207333835,0.0627215970106746,0.00108078042653625,0.651329376143809,16.8718532069115,17.4367490453574,1,0.1,1.5
1984,75,0.00936087758225378,0.000275332602489793,0.0631122280391877,0.00105618076528745,0.655204488118574,17.5119693983831,18.091953533476,1,0.1,1.5
1984,74,0.00990134123530219,0.000268900937571241,0.0634905793342113,0.00103078489057644,0.658921195311499,18.1561650952578,18.7508747287875,1,0.1,1.5
1984,73,0.0104302392195847,0.000262279726804472,0.0638578313309646,0.00100466087684507,0.662506901631391,18.8043196986486,19.4133816304189,1,0.1,1.5
1984,72,0.010943330463636,0.000255475477810905,0.0642144646329145,0.000977834509166129,0.665964019166337,19.4563146533983,20.0793456495852,1,0.1,1.5
1984,71,0.0114363299740136,0.000248494739057325,0.06456098995156,0.000950331704274807,0.669295234092775,20.1120337202871,20.748640883678,1,0.1,1.5
1984,70,0.0119049406274879,0.000241344059125194,0.0648979420126028,0.000922178352435576,0.672503464265637,20.7713632080894,21.4211443479436,1,0.1,1.5
1984,69,0.0123448861905648,0.000234029947274369,0.0652258727108951,0.000893400164764557,0.675591810205374,21.4341921587981,22.096736158149,1,0.1,1.5
1984,68,0.0127519454795913,0.000226558837140835,0.0655453438362165,0.000864022533072882,0.678563502763866,22.1004124825181,22.7752996609129,1,0.1,1.5
1984,67,0.0131219875903563,0.000218937054098964,0.0658569194010653,0.000834070404277124,0.68142184776822,22.7699190387966,23.4567215086811,1,0.1,1.5
1984,66,0.0134510081719988,0.000211170789030739,0.0661611583284702,0.000803568179827818,0.684170175382454,23.442609668753,24.1408916840636,1,0.1,1.5
1984,65,0.0137351630507112,0.000203266062412779,0.0664586024277933,0.000772539578968175,0.686811739968746,24.1183851290222,24.8277034240323,1,0.1,1.5
1984,64,0.0139708242108946,0.000195227580845874,0.0667493665802849,0.000741003302281858,0.68934558587974,24.7971449534408,25.517049009912,1,0.1,1.5
1984,63,0.0141566193856268,0.000187059518117781,0.0670331726025438,0.000708976029790128,0.691768296460702,25.4787850209045,26.2088173063727,1,0.1,1.5
1984,62,0.0142935557971787,0.00017876727611475,0.0673099557515999,0.000676479102424385,0.694080254652757,26.1632012883797,26.9028975610255,1,0.1,1.5
1984,61,0.0143819976631218,0.000170355993510722,0.0675795732461134,0.000643532852924188,0.696280617308668,26.850288579218,27.5991781783342,1,0.1,1.5
1984,60,0.014422593205688,0.000161830863584259,0.0678418402908073,0.000610157815748766,0.698368313906023,27.5399403528991,28.2975464922402,1,0.1,1.5
1984,59,0.0144162531860736,0.000153197152896771,0.0680965326212459,0.0005763747991167,0.700342058900476,28.2320484860979,28.9978885511407,1,0.1,1.5
1984,58,0.014364130186679,0.000144460223578313,0.0683433912934445,0.000542204970348309,0.702200387252038,28.9265030880592,29.7000889383927,1,0.1,1.5
1984,57,0.0142675880575216,0.000135625556042923,0.068582130060421,0.000507669942228051,0.703941709282435,29.6231923695956,30.4040306476751,1,0.1,1.5
1984,56,0.0141281581999049,0.000126697455636825,0.0688116941723566,0.000472786955814181,0.705556787781978,30.3219950580088,31.1095874354571,1,0.1,1.5
1984,55,0.0139511180168428,0.000117690968432409,0.0690370237940569,0.000437613211482734,0.707099510276351,31.0228429509782,31.8166869457335,1,0.1,1.5
1984,54,0.0137134382863921,0.000109181923382645,0.0696462030315086,0.000404276706874153,0.712471523266615,31.7295390927181,32.5291584690001,1,0.1,1.5
1984,53,0.0115438072833821,9.95565278253635e-05,0.0697165748122726,0.000366803405019841,0.711097233566375,32.4353962776413,33.2402557025665,1,0.1,1.5
1984,52,0.230876145667642,0.000477555274177079,1.25709134992958,0.00165631191730614,12.7532680813013,45.1650027601239,45.9935237838677,20,0.1,1.5
1984,51,0.230876145667642,4.98945343336915e-30,1.06680380308164,0,10.8219554612615,55.9869582213854,56.8154792451293,20,0.1,1.5
1984,50,0.230876145667642,5.40973240719202e-60,1.18267701977249,0,11.98068762817,67.9676458495554,68.7961668732992,20,0.1,1.5
1984,49,0.230876145667642,7.75843450946566e-94,1.30374268321421,0,13.1913442625872,81.1589901121426,81.9875111358865,20,0.1,1.5
1984,48,0.230876145667642,4.03362672442072e-116,1.39010903378382,0,14.0550077682833,95.2139978804259,96.0425189041697,20,0.1,1.5
1984,47,0.230876145667642,3.56754758476514e-118,1.39399786730498,0,14.0938961034949,109.307893983921,110.136415007665,20,0.1,1.5
1984,46,0.230876145667642,3.56754758476518e-158,1.39121251857783,0,14.0660426162234,123.373936600144,124.202457623888,20,0.1,1.5
1984,45,0.230876145667642,3.56754758476523e-198,1.38843273525915,0,14.0382447830366,137.412181383181,138.240702406925,20,0.1,1.5
1984,44,0.230876145667642,3.56754758476527e-238,1.38565850622869,0,14.010502492732,151.422683875913,152.251204899657,20,0.1,1.5
1984,43,0.230876145667642,3.56754758476532e-278,1.38288982038842,0,13.9828156343293,165.405499510242,166.234020533986,20,0.1,1.5
1984,42,0.230876145667642,3.56754921549047e-318,1.38012666666247,0,13.9551840970698,179.360683607312,180.189204631056,20,0.1,1.5
1984,41,0.230876145667642,0,1.37736903399714,0,13.9276077704165,193.288291377728,194.116812401472,20,0.1,1.5
1984,40,0.230876145667642,0,1.37461691136078,0,13.9000865440529,207.188377921781,208.016898945525,20,0.1,1.5
1984,39,0.230876145667642,0,1.37187028774379,0,13.872620307883,221.060998229664,221.889519253408,20,0.1,1.5
1984,38,0.230876145667642,0,1.36912915215858,0,13.8452089520309,234.906207181695,235.734728205439,20,0.1,1.5
1984,37,0.230876145667642,0,1.36639349363951,0,13.8178523668402,248.724059548535,249.552580572279,20,0.1,1.5
1984,36,0.230876145667642,0,1.36366330124284,0,13.7905504428735,262.514609991409,263.343131015153,20,0.1,1.5
1984,35,0.230876145667642,0,1.36093856404671,0,13.7633030709122,276.277913062321,277.106434086065,20,0.1,1.5
1984,34,0.230876145667642,0,1.35821927115108,0,13.7361101419559,290.014023204277,290.842544228021,20,0.1,1.5
1984,33,0.230876145667642,0,1.35550541167768,0,13.7089715472219,303.722994751499,304.551515775243,20,0.1,1.5
1984,32,0.230876145667642,0,1.35279697476999,0,13.681887178145,317.404881929644,318.233402953388,20,0.1,1.5
1984,31,0.230876145667642,0,1.35009394959317,0,13.6548569263768,331.059738856021,331.888259879765,20,0.1,1.5
1984,30,0.230876145667642,0,1.34739632533403,0,13.6278806837854,344.687619539806,345.51614056355,20,0.1,1.5
1984,29,0.230876145667642,0,1.34470409120101,0,13.6009583424551,358.288577882262,359.117098906005,20,0.1,1.5
1984,28,0.230876145667642,0,1.34201723642407,0,13.5740897946857,371.862667676947,372.691188700691,20,0.1,1.5
1984,27,0.230876145667642,0,1.33933575025472,0,13.5472749329923,385.40994260994,386.238463633683,20,0.1,1.5
1984,26,0.230876145667642,0,1.33665962196594,0,13.5205136501045,398.930456260044,399.758977283788,20,0.1,1.5
1984,25,0.230876145667642,0,1.33398884085214,0,13.4938058389665,412.424262099011,413.252783122754,20,0.1,1.5
1984,24,0.230876145667642,0,1.33132339622914,0,13.4671513927365,425.891413491747,426.719934515491,20,0.1,1.5
1984,23,0.230876145667642,0,1.32866327743407,0,13.4405502047858,439.331963696533,440.160484720277,20,0.1,1.5
1984,22,0.230876145667642,0,1.32600847382539,0,13.414002168699,452.745965865232,453.574486888976,20,0.1,1.5
1984,21,0.230876145667642,0,1.32335897478284,0,13.3875071782735,466.133473043506,466.961994067249,20,0.1,1.5
1984,20,0.230876145667642,0,1.32071476970734,0,13.3610651275184,479.494538171024,480.323059194767,20,0.1,1.5
1984,19,0.230876145667642,0,1.31807584802101,0,13.3346759106552,492.829214081679,493.657735105423,20,0.1,1.5
1984,18,0.230876145667642,0,1.31544219916711,0,13.3083394221162,506.137553503796,506.966074527539,20,0.1,1.5
1984,17,0.230876145667642,0,1.31281381260999,0,13.282055556545,519.41960906034,520.248130084084,20,0.1,1.5
1984,16,0.230876145667642,0,1.31019067783504,0,13.2558242087955,532.675433269136,533.503954292879,20,0.1,1.5
1984,15,0.230876145667642,0,1.30757278434867,0,13.2296452739318,545.905078543068,546.733599566811,20,0.1,1.5
1984,14,0.230876145667642,0,1.30496012167827,0,13.2035186472278,559.108597190296,559.937118214039,20,0.1,1.5
1984,13,0.230876145667642,0,1.30235267937212,0,13.1774442241663,572.286041414462,573.114562438205,20,0.1,1.5
1984,12,0.230876145667642,0,1.29975044699942,0,13.1514219004393,585.437463314901,586.265984338644,20,0.1,1.5
1984,11,0.230876145667642,0,1.29715341415018,0,13.1254515719469,598.562914886848,599.391435910591,20,0.1,1.5
1984,10,0.230876145667642,0,1.29456157043524,0,13.0995331347975,611.662448021645,612.490969045389,20,0.1,1.5
1984,9,0.230876145667642,0,1.29197490548618,0,13.0736664853069,624.736114506952,625.564635530696,20,0.1,1.5
1984,8,0.230876145667642,0,1.2893934089553,0,13.0478515199981,637.78396602695,638.612487050694,20,0.1,1.5
1984,7,0.230876145667642,0,1.28681707051559,0,13.022088135601,650.806054162551,651.634575186295,20,0.1,1.5
1984,6,0.230876145667642,0,1.28424587986064,0,12.9963762290515,663.802430391603,664.630951415346,20,0.1,1.5
1984,5,0.230876145667642,0,1.28167982670467,0,12.9707156974918,676.773146089095,677.601667112838,20,0.1,1.5
1984,4,0.230876145667642,0,1.27911890078244,0,12.9451064382695,689.718252527364,690.546773551108,20,0.1,1.5
1984,3,0.230876145667642,0,1.27656309184921,0,12.9195483489372,702.637800876301,703.466321900045,20,0.1,1.5
1984,2,0.0115438072833821,0,0.000542429274617335,0,0.0131201642684281,702.65092104057,703.479442064313,1,0.1,1.5
1984,1,150,0,1.28881316242025,0,112.888131624202,815.539052664772,816.367573688516,99999,0.1,1.5
1985,110,9.35740399939811e-05,0.0255866786744414,0.0255866786744414,0,0.511795956182157,0,0,1,0.1,1.5
1985,109,9.46190478656791e-05,0.000260600230032535,0.0260574170009532,0.00078607385899247,0.274472878232136,0.263243251675101,0.274472878232136,1,0.1,1.5
1985,108,9.68099325605506e-05,0.000206602623959009,0.0269902876782345,0.000806395857073406,0.28355338379231,0.535276694652076,0.558026262024446,1,0.1,1.5
1985,107,0.000100297303143751,0.000213278794664464,0.0282113177452174,0.000836364022002091,0.296260887724754,0.819589524919658,0.8542871497492,1,0.1,1.5
1985,106,0.000105278796428683,0.000222990389465992,0.0297349166776495,0.000874370637366187,0.312140265640672,1.1192387814551,1.16642741538987,1,0.1,1.5
1985,105,0.00011200539294908,0.000234712178579837,0.0315656806972119,0.000920172995909893,0.331223927532882,1.43731738047498,1.49765134292275,1,0.1,1.5
1985,104,0.000120785541874898,0.000248259169689767,0.0336939570692296,0.000973100311388246,0.353404119103609,1.77682006655876,1.85105546202636,1,0.1,1.5
1985,103,0.00013198617346202,0.000263305149843309,0.0360896710167927,0.0010318671064703,0.378358711112529,2.14043781900743,2.22941417313889,1,0.1,1.5
1985,102,0.000146022023884342,0.000279342037035575,0.0386975890946745,0.00109447461165812,0.40550201092814,2.53030447834045,2.63491618406703,1,0.1,1.5
1985,101,0.000163340102769242,0.000295646176720901,0.0414306431300828,0.00115808086485125,0.433915798824901,2.94767626481033,3.06883198289193,1,0.1,1.5
1985,100,0.000184356430157904,0.000311352209113315,0.0441774679580362,0.00121929168218122,0.462429558560856,3.3926873707686,3.53126154145279,1,0.1,1.5
1985,99,0.000209462986364965,0.000325374405406275,0.0467879542470697,0.00127385438595544,0.489470848315033,3.86396029928427,4.02073238976782,1,0.1,1.5
1985,98,0.00023869867776749,0.000337230307601156,0.0491895613190697,0.00131988345488144,0.514282526645431,4.35938734800282,4.53501491641325,1,0.1,1.5
1985,97,0.000273545078180885,0.000345905926929864,0.0512235030838134,0.00135341775835585,0.53521099289797,4.87526380149571,5.07022590931122,1,0.1,1.5
1985,96,0.000315752856364506,0.000349702668901148,0.0526125362723334,0.00136782657917578,0.5493732710191,5.4050966928123,5.61959918033032,1,0.1,1.5
1985,95,0.00036499349100484,0.000348654810884643,0.0533214019218633,0.001363266796409,0.556419136270183,5.94204058913378,6.1760183166005,1,0.1,1.5
1985,94,0.000419058236425454,0.000346945933566382,0.0539611091175214,0.00135611271522474,0.56273296145742,6.48540051180228,6.73875127805792,1,0.1,1.5
1985,93,0.000482448475944876,0.000344955535418563,0.0545874524787068,0.00134784973427394,0.568900708662463,7.03504622426083,7.30765198672039,1,0.1,1.5
1985,92,0.00060299185065275,0.000342700251032985,0.0551993097036919,0.00133854363525908,0.574944146046623,7.59086831837518,7.88259613276701,1,0.1,1.5
1985,91,0.000790773523234668,0.000340187562326317,0.0557967259959544,0.00132822437338563,0.580870951837139,8.15276463630681,8.46346708460415,1,0.1,1.5
1985,90,0.0010414617850305,0.000337420313611876,0.0563799717269052,0.00131690377625082,0.586681139351155,8.72063286456867,9.05014822395531,1,0.1,1.5
1985,89,0.00134841444488856,0.000334402580464134,0.0569496611987653,0.00130459847874986,0.592376701880551,9.29437244532422,9.64252492583586,1,0.1,1.5
1985,88,0.00170280607384191,0.000331139436102754,0.057506726882811,0.00129132900025285,0.597961424384835,9.87388631256259,10.2404863502207,1,0.1,1.5
1985,87,0.00209388679772291,0.000327618523719103,0.0580491175909943,0.00127704791904343,0.60340682737957,10.4590495982415,10.8438931776003,1,0.1,1.5
1985,86,0.00252911276352324,0.000323831266010755,0.0585739429705144,0.00126172267688331,0.608688427210696,11.0497134157825,11.452581604811,1,0.1,1.5
1985,85,0.00302291307004381,0.000319789162561184,0.0590813210557141,0.00124539900412507,0.613817791907426,11.6457397933453,12.0663993967184,1,0.1,1.5
1985,84,0.00357226601493947,0.000315497249465538,0.0595713907065882,0.00122809741595393,0.618794639036505,12.2469901835824,12.6851940357549,1,0.1,1.5
1985,83,0.00417217271569693,0.000310961702583406,0.060044614096554,0.00120984285905672,0.623620675883601,12.8533273900509,13.3088147116385,1,0.1,1.5
1985,82,0.00481565734026768,0.000306189735079825,0.060501784993564,0.00119066429991913,0.628299675512128,13.4646175755642,13.9371143871506,1,0.1,1.5
1985,81,0.00549378725136755,0.000301189402644277,0.0609440187507059,0.00117059395424738,0.632837377142709,14.080732181932,14.5699517642933,1,0.1,1.5
1985,80,0.00617346163419549,0.000295959995577349,0.0613722327219989,0.00114962996086127,0.637220853420387,14.7015297501972,15.2071726177137,1,0.1,1.5
1985,79,0.00684460455639497,0.000290512462280066,0.0617881463847261,0.00112781576892764,0.641461312016149,15.3268794083715,15.8486339297299,1,0.1,1.5
1985,78,0.00751361466098227,0.000284865235677245,0.0621941727400124,0.00110522379081522,0.645588367494912,15.9566788645691,16.4942222972248,1,0.1,1.5
1985,77,0.00816621169751122,0.000279028167818545,0.0625925185025255,0.00108189300642464,0.64961522221261,16.5908384724042,17.1438375194374,1,0.1,1.5
1985,76,0.0087871703769529,0.000273010678707401,0.0629855199576076,0.00105786064287538,0.653555714846005,17.229281892352,17.7973932342834,1,0.1,1.5
1985,75,0.00936087758225378,0.000266798517346761,0.0633699620077056,0.00103307222025277,0.657366364880399,17.8718900826573,18.4547595991638,1,0.1,1.5
1985,74,0.00990134123530219,0.000260385232019822,0.063741926498922,0.00100750367585768,0.661016921121395,18.5185140941236,19.1157765202852,1,0.1,1.5
1985,73,0.0104302392195847,0.000253788016479313,0.0641026107670427,0.000981222501427422,0.664534944954383,19.1690315747719,19.7803114652396,1,0.1,1.5
1985,72,0.010943330463636,0.000247013382069641,0.0644525018137428,0.000954254755045091,0.667922916386906,19.8233222803724,20.4482343816265,1,0.1,1.5
1985,71,0.0114363299740136,0.000240067873459275,0.0647921167786336,0.000926626597049444,0.671183589318596,20.481268346876,21.1194179709451,1,0.1,1.5
1985,70,0.0119049406274879,0.000232958028700146,0.0651219968065105,0.000898364133501962,0.67431994877284,21.1427545223131,21.7937379197179,1,0.1,1.5
1985,69,0.0123448861905648,0.000225690340663883,0.0654427001648152,0.000869493265477254,0.677335161545794,21.807668351495,22.4710730812637,1,0.1,1.5
1985,68,0.0127519454795913,0.000218271221639629,0.0657547949351011,0.000840039551115261,0.680232523569734,22.4759003100488,23.1513056048334,1,0.1,1.5
1985,67,0.0131219875903563,0.000210706971610271,0.0660588513101945,0.000810028082436006,0.683015404294038,23.1473438845937,23.8343210091275,1,0.1,1.5
1985,66,0.0134510081719988,0.000203003752847262,0.0663554342575944,0.00077948338706795,0.685687195843862,23.8218956034795,24.5200082049713,1,0.1,1.5
1985,65,0.0137351630507112,0.000195167555366172,0.0666450914622925,0.000748429295574861,0.688251212623368,24.4994549690232,25.2082594175947,1,0.1,1.5
1985,64,0.0139708242108946,0.000187203101378923,0.0669279424691974,0.000716884749923022,0.690706549226212,25.1799203075362,25.8989659668209,1,0.1,1.5
1985,63,0.0141566193856268,0.00017911460262871,0.0672037132927311,0.000684866737812513,0.693049835750861,25.8631863327469,26.5920158025718,1,0.1,1.5
1985,62,0.0142935557971787,0.000170907448367244,0.0674723445316309,0.000652396754416957,0.695281510632628,26.549147889745,27.2872973132044,1,0.1,1.5
1985,61,0.0143819976631218,0.000162586773166154,0.0677336985020199,0.000619495309034465,0.697400784180148,27.237698740939,27.9846980973846,1,0.1,1.5
1985,60,0.014422593205688,0.000154157762573034,0.0679875955607154,0.000586183099251106,0.699406639645025,27.928731336309,28.6841047370296,1,0.1,1.5
1985,59,0.0144162531860736,0.000145625671308143,0.068233816667763,0.000552481081784142,0.701297845730724,28.6221365951571,29.3854025827603,1,0.1,1.5
1985,58,0.014364130186679,0.00013699584482286,0.0684721081969023,0.000518410555798803,0.703072992291211,29.3178037223654,30.0884755750515,1,0.1,1.5
1985,57,0.0142675880575216,0.000128273741117442,0.068702189332972,0.00048399324659717,0.704730545349677,30.015620078478,30.7932061204012,1,0.1,1.5
1985,56,0.0141281581999049,0.000119463713509913,0.0689230097418929,0.000449246737571493,0.706261317224033,30.7154635851653,31.4994674376252,1,0.1,1.5
1985,55,0.0139511180168428,0.000110580212555008,0.0691395233945482,0.000414226456966051,0.707719302229394,31.4172653665809,32.2071867398546,1,0.1,1.5
1985,54,0.0137134382863921,0.000102160995952365,0.069740307587924,0.000380933239905921,0.713008881456919,32.1248323446106,32.9201956213115,1,0.1,1.5
1985,53,0.0115438072833821,9.26964165332139e-05,0.0698013040060464,0.000343739532090668,0.711546440492203,32.8314682203586,33.6317420618037,1,0.1,1.5
1985,52,0.230876145667642,0.000418853532068305,1.25737971877391,0.00145682642151108,12.7527149595265,45.5633713738635,46.3844570213302,20,0.1,1.5
1985,51,0.230876145667642,4.98945343336916e-32,1.06669712270133,0,10.8208886574584,56.3842600313219,57.2053456787886,20,0.1,1.5
1985,50,0.230876145667642,5.40973240719202e-62,1.18255875207051,0,11.9795049511502,68.3637649824721,69.1848506299388,20,0.1,1.5
1985,49,0.230876145667642,7.75843450946566e-96,1.30361230894589,0,13.190040519904,81.5538055023761,82.3748911498428,20,0.1,1.5
1985,48,0.230876145667642,4.03362672442072e-118,1.38997002288044,0,14.0536176592495,95.6074231616256,96.4285088090923,20,0.1,1.5
1985,47,0.230876145667642,3.56754758476514e-120,1.39385846751825,0,14.0925021056276,109.699925267253,110.52101091472,20,0.1,1.5
1985,46,0.230876145667642,3.56754758476518e-160,1.39107339732598,0,14.0646514037048,123.764576670958,124.585662318425,20,0.1,1.5
1985,45,0.230876145667642,3.56754758476523e-200,1.38829389198563,0,14.0368563503014,137.801433021259,138.622518668726,20,0.1,1.5
1985,44,0.230876145667642,3.56754758476527e-240,1.38551994037807,0,14.0091168342258,151.810549855485,152.631635502952,20,0.1,1.5
1985,43,0.230876145667642,3.56754758476532e-280,1.38275153140638,0,13.9814327445089,165.791982599994,166.613068247461,20,0.1,1.5
1985,42,0.230876145667642,3.56764802861964e-320,1.37998865399581,0,13.9538039704032,179.745786570397,180.566872217864,20,0.1,1.5
1985,41,0.230876145667642,0,1.37723129709374,0,13.9262304013825,193.67201697178,194.493102619246,20,0.1,1.5
1985,40,0.230876145667642,0,1.37447944966964,0,13.8987119271415,207.570728898921,208.391814546388,20,0.1,1.5
1985,39,0.230876145667642,0,1.37173310071502,0,13.8712484375953,221.441977336516,222.263062983983,20,0.1,1.5
1985,38,0.230876145667642,0,1.36899223924337,0,13.8438398228788,235.285817159395,236.106902806862,20,0.1,1.5
1985,37,0.230876145667642,0,1.36625685429015,0,13.8164859733466,249.102303132742,249.923388780209,20,0.1,1.5
1985,36,0.230876145667642,0,1.36352693491272,0,13.7891867795723,262.891489912314,263.712575559781,20,0.1,1.5
1985,35,0.230876145667642,0,1.36080247019031,0,13.7619421323482,276.653432044662,277.474517692129,20,0.1,1.5
1985,34,0.230876145667642,0,1.35808344922397,0,13.7347519226848,290.388183967347,291.209269614814,20,0.1,1.5
1985,33,0.230876145667642,0,1.35536986113652,0,13.7076160418103,304.095800009157,304.916885656624,20,0.1,1.5
1985,32,0.230876145667642,0,1.35266169507251,0,13.6805343811702,317.776334390328,318.597420037794,20,0.1,1.5
1985,31,0.230876145667642,0,1.34995894019821,0,13.6535068324272,331.429841222755,332.250926870221,20,0.1,1.5
1985,30,0.230876145667642,0,1.3472615857015,0,13.6265332874601,345.056374510215,345.877460157682,20,0.1,1.5
1985,29,0.230876145667642,0,1.34456962079189,0,13.5996136383639,358.655988148579,359.477073796046,20,0.1,1.5
1985,28,0.230876145667642,0,1.34188303470042,0,13.5727477774493,372.228735926028,373.049821573495,20,0.1,1.5
1985,27,0.230876145667642,0,1.33920181667969,0,13.545935597242,385.77467152327,386.595757170737,20,0.1,1.5
1985,26,0.230876145667642,0,1.33652595600374,0,13.5191769904825,399.293848513753,400.114934161219,20,0.1,1.5
1985,25,0.230876145667642,0,1.33385544196806,0,13.4924718501257,412.786320363879,413.607406011345,20,0.1,1.5
1985,24,0.230876145667642,0,1.33119026388951,0,13.4658200693402,426.252140433219,427.073226080685,20,0.1,1.5
1985,23,0.230876145667642,0,1.32853041110632,0,13.4392215415083,439.691361974727,440.512447622194,20,0.1,1.5
1985,22,0.230876145667642,0,1.32587587297801,0,13.4126761602252,453.104038134952,453.925123782419,20,0.1,1.5
1985,21,0.230876145667642,0,1.32322663888536,0,13.3861838192987,466.490221954251,467.311307601718,20,0.1,1.5
1985,20,0.230876145667642,0,1.32058269823036,0,13.3597444127487,479.849966367,480.671052014466,20,0.1,1.5
1985,19,0.230876145667642,0,1.31794404043621,0,13.3333578348072,493.183324201807,494.004409849273,20,0.1,1.5
1985,18,0.230876145667642,0,1.31531065494719,0,13.307023979917,506.490348181724,507.31143382919,20,0.1,1.5
1985,17,0.230876145667642,0,1.31268253122873,0,13.2807427427324,519.771090924457,520.592176571923,20,0.1,1.5
1985,16,0.230876145667642,0,1.31005965876726,0,13.2545140181176,533.025604942574,533.84669059004,20,0.1,1.5
1985,15,0.230876145667642,0,1.30744202707024,0,13.2283377011475,546.253942643722,547.075028291188,20,0.1,1.5
1985,14,0.230876145667642,0,1.3048296256661,0,13.2022136871061,559.456156330828,560.277241978294,20,0.1,1.5
1985,13,0.230876145667642,0,1.30222244410418,0,13.1761418714869,572.632298202315,573.453383849781,20,0.1,1.5
1985,12,0.230876145667642,0,1.29962047195472,0,13.1501221499923,585.782420352307,586.603505999773,20,0.1,1.5
1985,11,0.230876145667642,0,1.29702369880877,0,13.1241544185328,598.90657477084,599.727660418306,20,0.1,1.5
1985,10,0.230876145667642,0,1.2944321142782,0,13.0982385732271,612.004813344067,612.825898991533,20,0.1,1.5
1985,9,0.230876145667642,0,1.29184570799563,0,13.0723745104014,625.077187854468,625.898273501934,20,0.1,1.5
1985,8,0.230876145667642,0,1.28926446961441,0,13.0465621265892,638.123749981057,638.944835628524,20,0.1,1.5
1985,7,0.230876145667642,0,1.28668838880853,0,13.0208013185304,651.144551299588,651.965636947054,20,0.1,1.5
1985,6,0.230876145667642,0,1.28411745527266,0,12.9950919831716,664.139643282759,664.960728930226,20,0.1,1.5
1985,5,0.230876145667642,0,1.281551658722,0,12.9694340176651,677.109077300424,677.930162947891,20,0.1,1.5
1985,4,0.230876145667642,0,1.27899098889236,0,12.9438273193687,690.052904619793,690.873990267259,20,0.1,1.5
1985,3,0.230876145667642,0,1.27643543554003,0,12.9182717858454,702.971176405638,703.792262053105,20,0.1,1.5
1985,2,0.0115438072833821,0,0.000542375031689873,0,0.0131196218391535,702.984296027478,703.805381674944,1,0.1,1.5
1985,1,150,0,1.28868428110401,0,112.88684281104,815.871138838518,816.692224485984,99999,0.1,1.5
1986,111,9.28453480993618e-05,0.0253570567600014,0.0253570567600014,0,0.507203032098761,0,0,1,0.1,1.5
1986,110,9.35740399939811e-05,0.000255866786744414,0.0255841200065739,0.000766720291548541,0.269415397648635,0.258462250626513,0.269415397648635,1,0.1,1.5
1986,109,9.46190478656791e-05,0.000199124467048443,0.0262513297240012,0.000779240045158781,0.275699621920866,0.523029871902253,0.5451150195695,1,0.1,1.5
1986,108,9.68099325605506e-05,0.000203664990507942,0.027189187613735,0.000801043589949637,0.285436545853893,0.797022937899723,0.830551565423393,1,0.1,1.5
1986,107,0.000100297303143751,0.000211223793447167,0.0284175876189434,0.000830712462066981,0.29822229987934,1.08337791689239,1.12877386530273,1,0.1,1.5
1986,106,0.000105278796428683,0.000220822563236207,0.0299505358453233,0.000868318707394543,0.31418832291266,1.38516168684227,1.44296218821539,1,0.1,1.5
1986,105,0.00011200539294908,0.000232390370763272,0.0317925673781197,0.00091364264552713,0.33337628554404,1.70548593459307,1.77633847375943,1,0.1,1.5
1986,104,0.000120785541874898,0.000245757669543959,0.0339338627513698,0.000966011337026867,0.355676889861247,2.04736266249679,2.13201536362068,1,0.1,1.5
1986,103,0.00013198617346202,0.000260599828116007,0.0363440288263086,0.00102414090218977,0.380764861643551,2.41349693982334,2.51278022526423,1,0.1,1.5
1986,102,0.000146022023884342,0.000276412073284886,0.0389673379886796,0.00108603989829854,0.408049704325547,2.80603178845891,2.92082992958978,1,0.1,1.5
1986,101,0.000163340102769242,0.000292476677980022,0.0417160202819826,0.00114888164422116,0.436606457918918,3.22622565146038,3.3574363875087,1,0.1,1.5
1986,100,0.000184356430157904,0.000307936442636439,0.0444778731317857,0.0012092944911417,0.465256635618732,3.67420665149137,3.82269302312743,1,0.1,1.5
1986,99,0.000209462986364965,0.000321717340542922,0.0471017390481338,0.00126305984396324,0.492417917934295,4.14858085736905,4.31511094106172,1,0.1,1.5
1986,98,0.00023869867776749,0.00033334316679637,0.0495146132266582,0.0013083115378961,0.517328861213478,4.64721955375544,4.8324398022752,1,0.1,1.5
1986,97,0.000273545078180885,0.00034181349885826,0.0515567351730939,0.0013411307415834,0.538326860699025,5.16638740386042,5.37076666297422,1,0.1,1.5
1986,96,0.000315752856364506,0.000345453671482956,0.0529492316635001,0.0013549623174677,0.552513959789327,5.69954475911449,5.92328062276355,1,0.1,1.5
1986,95,0.00036499349100484,0.000344303247211095,0.0536568864807734,0.00134998450840393,0.559540719251047,6.23979998538834,6.4828213420146,1,0.1,1.5
1986,94,0.000419058236425454,0.000342497638141849,0.0542947411854159,0.00134242828785067,0.565829307362489,6.78645174578153,7.04865064937709,1,0.1,1.5
1986,93,0.000482448475944876,0.00034041198892267,0.0549189561670274,0.00133376612520814,0.571969115665485,7.33936705965833,7.62061976504257,1,0.1,1.5
1986,92,0.00060299185065275,0.000338062911325099,0.0555284256815363,0.00132406391184293,0.577982079236329,7.89843394015405,8.1986018442789,1,0.1,1.5
1986,91,0.000790773523234668,0.000335457968969671,0.0561232024167012,0.00131335202234205,0.583875957953275,8.46354772635958,8.78247780223218,1,0.1,1.5
1986,90,0.0010414617850305,0.000332600147198824,0.0567035596737952,0.00130164288542666,0.589650804429866,9.0346036324262,9.37212860666204,1,0.1,1.5
1986,89,0.00134841444488856,0.000329493645492106,0.0572701158523329,0.00128895368255222,0.595308661977969,9.61149867036771,9.96743726864001,1,0.1,1.5
1986,88,0.00170280607384191,0.000326143644424239,0.0578238084601859,0.00127530542472303,0.600853374019944,10.194133395463,10.56829064266,1,0.1,1.5
1986,87,0.00209388679772291,0.000322538164998049,0.058362574658996,0.00126065205407282,0.606256367829939,10.7823804482348,11.1745470104899,1,0.1,1.5
1986,86,0.00252911276352324,0.000318668981880935,0.0588835162454382,0.00124496231525307,0.61149310338106,11.3760883756837,11.786040113871,1,0.1,1.5
1986,85,0.00302291307004381,0.00031454764265688,0.0593867626746398,0.00122828226470953,0.616575268048846,11.9751167542367,12.4026153819198,1,0.1,1.5
1986,84,0.00357226601493947,0.000310179326483139,0.059872457921506,0.00121063304584792,0.621502640954345,12.5793246373932,13.0241180228741,1,0.1,1.5
1986,83,0.00417217271569693,0.000305570331790013,0.0603410703499085,0.00119204016439514,0.626277000499761,13.1885724926873,13.6503950233739,1,0.1,1.5
1986,82,0.00481565734026768,0.000300727972330582,0.0607934008900445,0.00117253306970386,0.630902199274936,13.8027242195379,14.2812972226488,1,0.1,1.5
1986,81,0.00549378725136755,0.000295660382588287,0.0612305728373926,0.00115214438280778,0.635384062502737,14.421649076572,14.9166812851516,1,0.1,1.5
1986,80,0.00617346163419549,0.000290367090171092,0.061653502988942,0.00113087317438586,0.63970967294325,15.0452034184525,15.5563909580948,1,0.1,1.5
1986,79,0.00684460455639497,0.000284859066854711,0.0620639215123196,0.00110876311047201,0.643890348502749,15.6732542939486,16.2002813065976,1,0.1,1.5
1986,78,0.00751361466098227,0.000279154600060579,0.0624642592704422,0.00108588623718781,0.647955875676937,16.3056975090942,16.8482371822745,1,0.1,1.5
1986,77,0.00816621169751122,0.000273263533284345,0.0628567325022814,0.00106228161227991,0.65191955309133,16.9424416105816,17.5001567353658,1,0.1,1.5
1986,76,0.0087871703769529,0.00026719526750592,0.0632436865663307,0.00103798649421911,0.655795310411846,17.5834085425046,18.1559520457777,1,0.1,1.5
1986,75,0.00936087758225378,0.00026093604023666,0.063621893066568,0.00101294816972884,0.659539564261866,18.2284774186275,18.8154916100396,1,0.1,1.5
1986,74,0.00990134123530219,0.000254479771284617,0.0639874282252365,0.000987143966296205,0.663122030783453,18.8774973927495,19.478613640823,1,0.1,1.5
1986,73,0.0104302392195847,0.000247843505521649,0.0643415061313229,0.000960640977917376,0.666570431723179,19.530344381931,20.1451840725462,1,0.1,1.5
1986,72,0.010943330463636,0.000241033822581969,0.0646846202523227,0.000933465601011217,0.669887317263059,20.1868964763225,20.8150713898092,1,0.1,1.5
1986,71,0.0114363299740136,0.000234057327996954,0.0650172942162181,0.000905644304538455,0.673075511203947,20.8470342117473,21.4881469010132,1,0.1,1.5
1986,70,0.0119049406274879,0.000226920613662492,0.0653400756402053,0.000877203474673503,0.676138067833291,21.510640801371,22.1642849688465,1,0.1,1.5
1986,69,0.0123448861905648,0.000219630219775952,0.065653529211168,0.000848169265692538,0.67907822223209,22.1776023198075,22.8433631910786,1,0.1,1.5
1986,68,0.0127519454795913,0.000212192599995212,0.0659582293433864,0.000818567463886295,0.681899337332872,22.8478078362277,23.5252625284114,1,0.1,1.5
1986,67,0.0131219875903563,0.000204614090325104,0.0662547524456725,0.000788423366474241,0.684604848036512,23.5211494933146,24.209867376448,1,0.1,1.5
1986,66,0.0134510081719988,0.00019690088429546,0.0665436695609356,0.000757761685388494,0.687198210167764,24.1975225365482,24.8970655866157,1,0.1,1.5
1986,65,0.0137351630507112,0.000189058999447377,0.06682553427704,0.000726606418313554,0.689682799822208,24.8768252446802,25.5867483864379,1,0.1,1.5
1986,64,0.0139708242108946,0.000181093218494545,0.0671004708624312,0.000694976789114405,0.692057763461012,25.5589547682968,26.2788061498989,1,0.1,1.5
1986,63,0.0141566193856268,0.000173007830479415,0.067368209605855,0.000662890126801765,0.694319779574739,26.2438046889172,26.9731259294737,1,0.1,1.5
1986,62,0.0142935557971787,0.000164808263087912,0.0676286964857819,0.000630368127513086,0.69646934365129,26.931268773604,27.669595273125,1,0.1,1.5
1986,61,0.0143819976631218,0.000156499694990278,0.0678817989594283,0.000597431520173217,0.698505720988741,27.6212397585903,28.3681009941137,1,0.1,1.5
1986,60,0.014422593205688,0.000148087352438507,0.0681273425759721,0.000564101208469084,0.700427950113647,28.3136091200115,29.0685289442274,1,0.1,1.5
1986,59,0.0144162531860736,0.000139576527159117,0.0683651135565422,0.000530398340704853,0.702234855447322,29.0082668563059,29.7707637996747,1,0.1,1.5
1986,58,0.014364130186679,0.000130972597397929,0.0685948636250323,0.000496344391346626,0.703925083177516,29.7051013053213,30.4746888828522,1,0.1,1.5
1986,57,0.0142675880575216,0.000122281049060467,0.068816317425688,0.000461961242305972,0.705497156437822,30.4039990154405,31.18018603929,1,0.1,1.5
1986,56,0.0141281581999049,0.000113506321527972,0.0690284291253116,0.000427266847971693,0.706941938715547,31.1048371420422,31.8871279780056,1,0.1,1.5
1986,55,0.0139511180168428,0.000104662416367063,0.0692361660564502,0.000392315026666719,0.708313530453688,31.8075461721149,32.5954415084593,1,0.1,1.5
1986,54,0.0137134382863921,9.62549199360039e-05,0.0698285668671417,0.000358986884247216,0.71351889412238,32.5159366821766,33.3089604025816,1,0.1,1.5
1986,53,0.0115438072833821,8.68618471879991e-05,0.0698802587586684,0.000321980674995819,0.71196680150933,33.2233037597574,34.020927204091,1,0.1,1.5
1986,52,0.230876145667642,0.000368395140698452,1.25761818740741,0.00127601940186912,12.7520121045243,45.9570870156836,46.7729393086153,20,0.1,1.5
1986,51,0.230876145667642,4.98945343336916e-34,1.06659045298906,0,10.8198219603357,56.7769089760193,57.592761268951,20,0.1,1.5
1986,50,0.230876145667642,5.40973240719202e-64,1.1824404961953,0,11.9783223923981,68.7552313684174,69.5710836613491,20,0.1,1.5
1986,49,0.230876145667642,7.75843450946566e-98,1.303481947715,0,13.1887369075951,81.9439682760125,82.7598205689442,20,0.1,1.5
1986,48,0.230876145667642,4.03362672442072e-120,1.38983102587815,0,14.0522276892266,95.9961959652391,96.8120482581708,20,0.1,1.5
1986,47,0.230876145667642,3.56754758476514e-122,1.39371908167149,0,14.09110824716,110.087304212399,110.903156505331,20,0.1,1.5
1986,46,0.230876145667642,3.56754758476519e-162,1.39093428998624,0,14.0632603303075,124.150564542707,124.966416835638,20,0.1,1.5
1986,45,0.230876145667642,3.56754758476523e-202,1.38815506259643,0,14.0354680564094,138.186032599116,139.001884892048,20,0.1,1.5
1986,44,0.230876145667642,3.56754758476528e-242,1.38538138838403,0,14.0077313142854,152.193763913401,153.009616206333,20,0.1,1.5
1986,43,0.230876145667642,3.56754758476532e-282,1.38261325625324,0,13.9800499929775,166.173813906379,166.989666199311,20,0.1,1.5
1986,42,0.230876145667642,3.55727265005698e-322,1.37985065513041,0,13.9524239817492,180.126237888128,180.94209018106,20,0.1,1.5
1986,41,0.230876145667642,0,1.37709357396403,0,13.9248531700854,194.051091058213,194.866943351145,20,0.1,1.5
1986,40,0.230876145667642,0,1.37434200172468,0,13.8973374476918,207.948428505905,208.764280798837,20,0.1,1.5
1986,39,0.230876145667642,0,1.37159592740495,0,13.8698767044945,221.8183052104,222.634157503332,20,0.1,1.5
1986,38,0.230876145667642,0,1.36885534001944,0,13.8424708306395,235.660776041039,236.476628333971,20,0.1,1.5
1986,37,0.230876145667642,0,1.36612022860472,0,13.8151197164923,249.475895757532,250.291748050463,20,0.1,1.5
1986,36,0.230876145667642,0,1.36339058221923,0,13.7878232526374,263.263719010169,264.079571303101,20,0.1,1.5
1986,35,0.230876145667642,0,1.36066638994329,0,13.760581329878,277.024300340047,277.840152632979,20,0.1,1.5
1986,34,0.230876145667642,0,1.35794764087905,0,13.7333938392355,290.757694179283,291.573546472214,20,0.1,1.5
1986,33,0.230876145667642,0,1.3552343241504,0,13.7062606719491,304.463954851232,305.279807144163,20,0.1,1.5
1986,32,0.230876145667642,0,1.35252642890301,0,13.6791817194752,318.143136570707,318.958988863639,20,0.1,1.5
1986,31,0.230876145667642,0,1.34982394430419,0,13.652156873487,331.795293444194,332.611145737126,20,0.1,1.5
1986,30,0.230876145667642,0,1.34712685954293,0,13.6251860258744,345.420479470068,346.236331763,20,0.1,1.5
1986,29,0.230876145667642,0,1.34443516382981,0,13.5982690687432,359.018748538812,359.834600831743,20,0.1,1.5
1986,28,0.230876145667642,0,1.34174884639695,0,13.5714058944146,372.590154433226,373.406006726158,20,0.1,1.5
1986,27,0.230876145667642,0,1.33906789649802,0,13.5445963954253,386.134750828652,386.950603121583,20,0.1,1.5
1986,26,0.230876145667642,0,1.33639230340814,0,13.5178404645265,399.652591293178,400.46844358611,20,0.1,1.5
1986,25,0.230876145667642,0,1.33372205642386,0,13.4911379946837,413.143729287862,413.959581580793,20,0.1,1.5
1986,24,0.230876145667642,0,1.33105714486312,0,13.4644888790763,426.608218166938,427.42407045987,20,0.1,1.5
1986,23,0.230876145667642,0,1.32839755806521,0,13.4378930110972,440.046111178036,440.861963470967,20,0.1,1.5
1986,22,0.230876145667642,0,1.32574328539071,0,13.4113502843522,453.457461462388,454.273313755319,20,0.1,1.5
1986,21,0.230876145667642,0,1.32309431622147,0,13.3848605926598,466.842322055048,467.658174347979,20,0.1,1.5
1986,20,0.230876145667642,0,1.32045063996054,0,13.3584238300505,480.200745885098,481.016598178029,20,0.1,1.5
1986,19,0.230876145667642,0,1.31781224603216,0,13.3320398907667,493.532785775865,494.348638068796,20,0.1,1.5
1986,18,0.230876145667642,0,1.3151791238817,0,13.3057086692621,506.838494445127,507.654346738058,20,0.1,1.5
1986,17,0.230876145667642,0,1.3125512629756,0,13.2794300602011,520.117924505328,520.933776798259,20,0.1,1.5
1986,16,0.230876145667642,0,1.30992865280138,0,13.2532039584589,533.371128463787,534.186980756718,20,0.1,1.5
1986,15,0.230876145667642,0,1.30731128286753,0,13.2270302591204,546.598158722907,547.414011015839,20,0.1,1.5
1986,14,0.230876145667642,0,1.30469914270353,0,13.2009088574804,559.799067580388,560.614919873319,20,0.1,1.5
1986,13,0.230876145667642,0,1.30209222185977,0,13.1748396490428,572.97390722943,573.789759522362,20,0.1,1.5
1986,12,0.230876145667642,0,1.29949050990752,0,13.1488225295203,586.122729758951,586.938582051882,20,0.1,1.5
1986,11,0.230876145667642,0,1.29689399643889,0,13.1228573948339,599.245587153785,600.061439446716,20,0.1,1.5
1986,10,0.230876145667642,0,1.29430267106677,0,13.0969441411128,612.342531294897,613.158383587829,20,0.1,1.5
1986,9,0.230876145667642,0,1.29171652342483,0,13.0710826646934,625.413613959591,626.229466252522,20,0.1,1.5
1986,8,0.230876145667642,0,1.28913554316745,0,13.0452728621196,638.45888682171,639.274739114642,20,0.1,1.5
1986,7,0.230876145667642,0,1.28655971996965,0,13.0195146301416,651.478401451852,652.294253744784,20,0.1,1.5
1986,6,0.230876145667642,0,1.28398904352713,0,12.9938078657164,664.472209317568,665.2880616105,20,0.1,1.5
1986,5,0.230876145667642,0,1.28142350355613,0,12.9681524660064,677.440361783575,678.256214076506,20,0.1,1.5
1986,4,0.230876145667642,0,1.27886308979347,0,12.9425483283798,690.382910111954,691.198762404886,20,0.1,1.5
1986,3,0.230876145667642,0,1.27630779199647,0,12.9169953504098,703.299905462364,704.115757755296,20,0.1,1.5
1986,2,0.0115438072833821,0,0.000542320794186704,0,0.0131190794641218,703.313024541828,704.12887683476,1,0.1,1.5
1986,1,150,0,1.2885554126759,0,112.885554126759,816.198578668587,817.014430961519,99999,0.1,1.5
1987,112,9.20091095629163e-05,0.0251954384581848,0.0251954384581848,0,0.503970108570071,0,0,1,0.1,1.5
1987,111,9.28453480993618e-05,0.000253570567600014,0.0253545210543254,0.000753987342188994,0.266914060863544,0.256142813117987,0.266914060863544,1,0.1,1.5
1987,110,9.35740399939811e-05,0.000194238740754579,0.0257732416674604,0.000759198491588182,0.270582879512453,0.515879999893466,0.537496940375997,1,0.1,1.5
1987,109,9.46190478656791e-05,0.00019680125596018,0.0264435146023185,0.000773253331528624,0.277512714112725,0.782346237841497,0.815009654488722,1,0.1,1.5
1987,108,9.68099325605506e-05,0.000202297547392489,0.027386729592461,0.000794800404555039,0.287309102847219,1.05830104919507,1.10231875733594,1,0.1,1.5
1987,107,0.000100297303143751,0.000209790353451217,0.0286224239756983,0.000824108762961671,0.300161990488281,1.34669005735533,1.40248074782422,1,0.1,1.5
1987,106,0.000105278796428683,0.000219287902480998,0.0301646204685874,0.000861272770571361,0.316213166297418,1.6505993269303,1.71869391412164,1,0.1,1.5
1987,105,0.00011200539294908,0.000230734565089415,0.0320177987827636,0.000906068362823236,0.335503837495114,1.9731593306708,2.05419775161675,1,0.1,1.5
1987,104,0.000120785541874898,0.000243960410952156,0.0341719721993514,0.000957820868259749,0.357923005058472,2.31739918046841,2.41212075667523,1,0.1,1.5
1987,103,0.00013198617346202,0.000258641223828604,0.0365964296489734,0.00101524957501865,0.383142264867737,2.68603787997874,2.79526302154296,1,0.1,1.5
1987,102,0.000146022023884342,0.000274274095307484,0.0392349512294553,0.00107637275065048,0.410566354844272,3.08122748124229,3.20582937638724,1,0.1,1.5
1987,101,0.000163340102769242,0.00029014517783509,0.0419990690910097,0.00113838231436096,0.439263640581165,3.50422851733259,3.6450930169684,1,0.1,1.5
1987,100,0.000184356430157904,0.00030540298721179,0.044775748967258,0.00119793305690052,0.468047753215763,3.95516294116406,4.11314077018416,1,0.1,1.5
1987,99,0.000209462986364965,0.00031898213439624,0.0474127938352198,0.00125084526935897,0.49532661982077,4.43262034285113,4.60846739000493,1,0.1,1.5
1987,98,0.00023869867776749,0.00033041131614199,0.0498367396498095,0.00129527423006159,0.520334559683668,4.93445098496249,5.1288019496886,1,0.1,1.5
1987,97,0.000273545078180885,0.000338700820384433,0.0518868621849725,0.00132734772296335,0.541400103767071,5.45688897840151,5.67020205345567,1,0.1,1.5
1987,96,0.000315752856364506,0.000342195116081755,0.0532826773197007,0.00134059330721846,0.555610559222331,5.99334820466358,6.225812612678,1,0.1,1.5
1987,95,0.00036499349100484,0.000340939159573093,0.0539890169192263,0.00133521006976721,0.5626173193501,6.53689109444557,6.7884299320281,1,0.1,1.5
1987,94,0.000419058236425454,0.000339032048344085,0.05462491878326,0.00132726747484793,0.568879844400057,7.08680997491923,7.35730977642816,1,0.1,1.5
1987,93,0.000482448475944876,0.000336845651191262,0.0552469058027127,0.00131822341750958,0.574990909963616,7.64296912177557,7.93230068639178,1,0.1,1.5
1987,92,0.00060299185065275,0.000334396607073984,0.0558538888169288,0.00130814381973656,0.58097261766051,8.2052539705827,8.51327330405229,1,0.1,1.5
1987,91,0.000790773523234668,0.00033169258527521,0.056445928102045,0.00129705943576769,0.586832809732993,8.77355735980473,9.10010611378528,1,0.1,1.5
1987,90,0.0010414617850305,0.000328736722828653,0.0570233000391845,0.00128498327486036,0.592571579403395,9.34777203528155,9.69267769318868,1,0.1,1.5
1987,89,0.00134841444488856,0.000325533357092976,0.0575866272613857,0.00127193303867206,0.598191021129075,9.92779258442959,10.2908687143178,1,0.1,1.5
1987,88,0.00170280607384191,0.000322087792625,0.0581368524355207,0.0012579301988897,0.603695037743394,10.5135171907603,10.8945637520611,1,0.1,1.5
1987,87,0.00209388679772291,0.000318388395168186,0.0586719014150484,0.00124293010043358,0.609054966925889,11.1048160133943,11.503618718987,1,0.1,1.5
1987,86,0.00252911276352324,0.000314427268632078,0.0591888684726269,0.00122690281107265,0.614246215603596,11.7015350459825,12.1178649345906,1,0.1,1.5
1987,85,0.00302291307004381,0.000310216042603951,0.0596878945645497,0.00120989465089653,0.619280590750088,12.3035314274341,12.7371455253407,1,0.1,1.5
1987,84,0.00357226601493947,0.000305760054726813,0.0601691289371758,0.00119192735490538,0.624157934237158,12.9106618280297,13.3613034595779,1,0.1,1.5
1987,83,0.00417217271569693,0.000301065744416685,0.0606330462839723,0.00117302694607539,0.628880096562098,13.5227843967908,13.99018355614,1,0.1,1.5
1987,82,0.00481565734026768,0.00029614054714927,0.0610804548173814,0.00115322331035656,0.633451010591531,14.1397607886629,14.6236345667315,1,0.1,1.5
1987,81,0.00549378725136755,0.000290992699527828,0.0615124858758109,0.00113254942441508,0.637876588079276,14.7614580992506,15.2615111548108,1,0.1,1.5
1987,80,0.00617346163419549,0.000285621964498176,0.0619300559322396,0.00111100527392394,0.64214392397004,15.3877305193074,15.9036550787808,1,0.1,1.5
1987,79,0.00684460455639497,0.000280039368286549,0.0623349058977863,0.00108863467976769,0.646264446361673,16.0184430416724,16.5499195251425,1,0.1,1.5
1987,78,0.00751361466098227,0.000274263105297558,0.0627294844038121,0.00106550923342152,0.650268112009202,16.6534895932041,17.2001876371517,1,0.1,1.5
1987,77,0.00816621169751122,0.000268303038402821,0.0631160172321012,0.00104166801597858,0.654168315493551,17.2927769370409,17.8543559526452,1,0.1,1.5
1987,76,0.0087871703769529,0.000262168576229837,0.0634968588212289,0.0010171482655028,0.657979077066405,17.9362253246001,18.5123350297116,1,0.1,1.5
1987,75,0.00936087758225378,0.000255846402834576,0.0638687679196936,0.000991899066268874,0.661656714941101,18.5837120528802,19.1739917446527,1,0.1,1.5
1987,74,0.00990134123530219,0.000249330789286897,0.064227815473988,0.000965899133929019,0.665170915845746,19.2350844096698,19.8391626604985,1,0.1,1.5
1987,73,0.0104302392195847,0.00024263867953456,0.0645752322251891,0.000939215080093236,0.668549560147339,19.8902166115301,20.5077122206458,1,0.1,1.5
1987,72,0.010943330463636,0.000235776738478624,0.0649115181905502,0.000911873592988859,0.671795268546839,20.5489851144628,21.1795074891927,1,0.1,1.5
1987,71,0.0114363299740136,0.000228751649414583,0.0652372035629311,0.000883901403576921,0.674910935014374,21.211268886569,21.854418424207,1,0.1,1.5
1987,70,0.0119049406274879,0.000221570074805001,0.0655528425013097,0.000855325131646,0.677899683298224,21.8769496394151,22.5323181075053,1,0.1,1.5
1987,69,0.0123448861905648,0.000214238618620894,0.06585900617467,0.000826171138493452,0.680764816895573,22.545912011475,23.2130829244008,1,0.1,1.5
1987,68,0.0127519454795913,0.000206763791971526,0.0661562753864236,0.000796465392881274,0.683509765811507,23.2180437002454,23.8965926902124,1,0.1,1.5
1987,67,0.0131219875903563,0.000199151982521811,0.0664452328120465,0.000766233352197046,0.686138030418259,23.893235539918,24.5827307206306,1,0.1,1.5
1987,66,0.0134510081719988,0.000191409430190078,0.0667264556153266,0.000735499868416185,0.688653130213873,24.5713815291545,25.2713838508445,1,0.1,1.5
1987,65,0.0137351630507112,0.000183542194572862,0.0670005033281907,0.000704289062979016,0.691058502923048,25.2523787597493,25.9624423537675,1,0.1,1.5
1987,64,0.0139708242108946,0.000175555129463547,0.0672675050126235,0.000672620401738394,0.693353347110111,25.9361232439774,26.6557957008776,1,0.1,1.5
1987,63,0.0141566193856268,0.000167452610005236,0.0675271953165948,0.000640511515884518,0.695534390035721,26.6225074695005,27.3513300909134,1,0.1,1.5
1987,62,0.0142935557971787,0.000159240114509151,0.0677795256480116,0.000607984260201277,0.697602184254774,27.3114241643238,28.0489322751681,1,0.1,1.5
1987,61,0.0143819976631218,0.000150922876993207,0.0680243686595756,0.000575059541430603,0.699556050113921,28.0027650781316,28.7484883252821,1,0.1,1.5
1987,60,0.014422593205688,0.000142506175641656,0.0682615551438318,0.000541758427251893,0.701395081435458,28.6964207534634,29.4498834067175,1,0.1,1.5
1987,59,0.0144162531860736,0.000133995350447804,0.0684908766303628,0.000508102215101645,0.703118158338369,29.3922803087289,30.1530015650559,1,0.1,1.5
1987,58,0.014364130186679,0.000125395823810636,0.0687120902365064,0.000474112511900059,0.704723983278576,30.0902312561232,30.8577255483345,1,0.1,1.5
1987,57,0.0142675880575216,0.000116713121067098,0.0689249261045219,0.000439811312900344,0.70621113638329,30.7901593737508,31.5639366847177,1,0.1,1.5
1987,56,0.0141281581999049,0.000107951775208203,0.069128342994392,0.000405216900292299,0.70757053269059,31.4919410935801,32.2715072174083,1,0.1,1.5
1987,55,0.0139511180168428,9.91253808303503e-05,0.0693273211965113,0.000370381436466868,0.708856374496076,32.195506304698,32.9803635919044,1,0.1,1.5
1987,54,0.0137134382863921,9.0709270261164e-05,0.0699113307315168,0.000337066541083197,0.713977928509896,32.9046689969067,33.6943415204143,1,0.1,1.5
1987,53,0.0115438072833821,8.13637872208347e-05,0.0699537659015415,0.000300295848166828,0.712337109097975,33.6127161653166,34.4066786295123,1,0.1,1.5
1987,52,0.230876145667642,0.000322688801874265,1.25781143043914,0.00110839249140809,12.7510928013039,46.3479747881718,47.1577714308162,20,0.1,1.5
1987,51,0.230876145667642,4.98945343336916e-36,1.06648379394377,0,10.8187553698827,57.1667301580546,57.9765268006989,20,0.1,1.5
1987,50,0.230876145667642,5.40973240719203e-66,1.18232225214568,0,11.9771399519019,69.1438701099565,69.9536667526009,20,0.1,1.5
1987,49,0.230876145667642,7.75843450946567e-100,1.30335159952023,0,13.1874334256473,82.3313035356038,83.1411001782482,20,0.1,1.5
1987,48,0.230876145667642,4.03362672442073e-122,1.38969204277556,0,14.0508378582007,96.3821413938046,97.1919380364489,20,0.1,1.5
1987,47,0.230876145667642,3.56754758476514e-124,1.39357970976333,0,14.0897145280784,110.471855921883,111.281652564527,20,0.1,1.5
1987,46,0.230876145667642,3.56754758476519e-164,1.39079519655724,0,14.0618693960175,124.5337253179,125.343521960545,20,0.1,1.5
1987,45,0.230876145667642,3.56754758476523e-204,1.38801624709017,0,14.0340799013468,138.567805219247,139.377601861892,20,0.1,1.5
1987,44,0.230876145667642,3.56754758476528e-244,1.38524285024519,0,14.006345932897,152.574151152144,153.383947794789,20,0.1,1.5
1987,43,0.230876145667642,3.56754758476532e-284,1.38247499492761,0,13.9786673797212,166.552818531865,167.36261517451,20,0.1,1.5
1987,42,0.230876145667642,4.94065645841247e-324,1.3797126700649,0,13.951044131094,180.50386266296,181.313659305604,20,0.1,1.5
1987,41,0.230876145667642,0,1.37695586460664,0,13.9234760765114,194.427338739471,195.237135382115,20,0.1,1.5
1987,40,0.230876145667642,0,1.3742045675245,0,13.8959631056901,208.323301845161,209.133098487805,20,0.1,1.5
1987,39,0.230876145667642,0,1.3714587678122,0,13.8685051085671,222.191806953728,223.001603596373,20,0.1,1.5
1987,38,0.230876145667642,0,1.36871845448544,0,13.8411019752995,236.032908929028,236.842705571672,20,0.1,1.5
1987,37,0.230876145667642,0,1.36598361658186,0,13.8137535962637,249.846662525291,250.656459167936,20,0.1,1.5
1987,36,0.230876145667642,0,1.36325424316101,0,13.7864598620551,263.633122387347,264.442919029991,20,0.1,1.5
1987,35,0.230876145667642,0,1.3605303233043,0,13.7592206634881,277.392343050835,278.202139693479,20,0.1,1.5
1987,34,0.230876145667642,0,1.35781184611496,0,13.7320358915947,291.124378942429,291.934175585074,20,0.1,1.5
1987,33,0.230876145667642,0,1.35509880071799,0,13.704905437625,304.829284380054,305.639081022699,20,0.1,1.5
1987,32,0.230876145667642,0,1.35239117626012,0,13.6778291930463,318.507113573101,319.316910215745,20,0.1,1.5
1987,31,0.230876145667642,0,1.34968896190976,0,13.6508070495427,332.157920622643,332.967717265288,20,0.1,1.5
1987,30,0.230876145667642,0,1.34699214685698,0,13.6238388990149,345.781759521658,346.591556164302,20,0.1,1.5
1987,29,0.230876145667642,0,1.34430072031342,0,13.5969246335793,359.378684155238,360.188480797882,20,0.1,1.5
1987,28,0.230876145667642,0,1.34161467151231,0,13.5700641455682,372.948748300806,373.75854494345,20,0.1,1.5
1987,27,0.230876145667642,0,1.33893398970837,0,13.5432573275288,386.492005628335,387.301802270979,20,0.1,1.5
1987,26,0.230876145667642,0,1.3362586641778,0,13.5165040722231,400.008509700558,400.818306343202,20,0.1,1.5
1987,25,0.230876145667642,0,1.33358868421822,0,13.4898042726273,413.498313973185,414.308110615829,20,0.1,1.5
1987,24,0.230876145667642,0,1.33092403914864,0,13.4631578219315,426.961471795117,427.771268437761,20,0.1,1.5
1987,23,0.230876145667642,0,1.32826471830941,0,13.4365646135392,440.398036408656,441.2078330513,20,0.1,1.5
1987,22,0.230876145667642,0,1.32561071106217,0,13.4100245410668,453.808060949723,454.617857592367,20,0.1,1.5
1987,21,0.230876145667642,0,1.32296200678985,0,13.3835374983436,467.191598448066,468.00139509071,20,0.1,1.5
1987,20,0.230876145667642,0,1.32031859489655,0,13.3571033794105,480.548701827477,481.358498470121,20,0.1,1.5
1987,19,0.230876145667642,0,1.31768046480756,0,13.3307220785207,493.879423905998,494.689220548642,20,0.1,1.5
1987,18,0.230876145667642,0,1.31504760596931,0,13.3043934901382,507.183817396136,507.99361403878,20,0.1,1.5
1987,17,0.230876145667642,0,1.31242000784931,0,13.2781175089381,520.461934905074,521.271731547718,20,0.1,1.5
1987,16,0.230876145667642,0,1.3097976599361,0,13.2518940298061,533.71382893488,534.523625577524,20,0.1,1.5
1987,15,0.230876145667642,0,1.30718055173925,0,13.2257229478375,546.939551882718,547.749348525361,20,0.1,1.5
1987,14,0.230876145667642,0,1.30456867278926,0,13.1996041583377,560.139156041055,560.948952683699,20,0.1,1.5
1987,13,0.230876145667642,0,1.30196201263759,0,13.173537556821,573.312693597876,574.12249024052,20,0.1,1.5
1987,12,0.230876145667642,0,1.29936056085653,0,13.1475230390104,586.460216636887,587.27001327953,20,0.1,1.5
1987,11,0.230876145667642,0,1.29676430703924,0,13.1215605008375,599.581777137724,600.391573780368,20,0.1,1.5
1987,10,0.230876145667642,0,1.29417324079966,0,13.0956498384417,612.677426976166,613.48722361881,20,0.1,1.5
1987,9,0.230876145667642,0,1.29158735177249,0,13.06979094817,625.747217924336,626.55701456698,20,0.1,1.5
1987,8,0.230876145667642,0,1.28900662961313,0,13.0439837265764,638.791201650912,639.600998293556,20,0.1,1.5
1987,7,0.230876145667642,0,1.28643106399766,0,13.0182280704217,651.809429721334,652.619226363978,20,0.1,1.5
1987,6,0.230876145667642,0,1.28386064462278,0,12.9925238766728,664.801953598007,665.611750240651,20,0.1,1.5
1987,5,0.230876145667642,0,1.28129536120578,0,12.9668710425028,677.768824640509,678.578621283153,20,0.1,1.5
1987,4,0.230876145667642,0,1.27873520348449,0,12.94126946529,690.710094105799,691.519890748443,20,0.1,1.5
1987,3,0.230876145667642,0,1.27618016121727,0,12.9157190426178,703.625813148417,704.435609791061,20,0.1,1.5
1987,2,0.0115438072833821,0,0.000542266562107286,0,0.0131185371433276,703.63893168556,704.448728328205,1,0.1,1.5
1987,1,150,0,1.28842655713463,0,112.884265571346,816.523197256907,817.332993899551,99999,0.1,1.5
1988,113,9.13426677909883e-05,0.0250084257287235,0.0250084257287235,0,0.50022940968633,0,0,1,0.1,1.5
1988,112,9.20091095629163e-05,0.000251954384581848,0.025192918914339,0.000744509716492963,0.26514592548834,0.254510072395583,0.26514592548834,1,0.1,1.5
1988,111,9.28453480993618e-05,0.000191032541223249,0.0255404824377672,0.000747652667744072,0.268057799084981,0.511887119084221,0.533203724573321,1,0.1,1.5
1988,110,9.35740399939811e-05,0.000191742010304591,0.0259604639661907,0.000754476174071063,0.27236267351644,0.773471561542503,0.805566398089761,1,0.1,1.5
1988,109,9.46190478656791e-05,0.000195281345441758,0.0266341835837404,0.000768361414935983,0.279334320299008,1.04182929019957,1.08490071838877,1,0.1,1.5
1988,108,9.68099325605506e-05,0.000200723076612685,0.0275826910206406,0.000789652684253524,0.289179433559766,1.31972797112714,1.37408015194854,1,0.1,1.5
1988,107,0.000100297303143751,0.00020812509427493,0.0288255889240411,0.000818640977441676,0.302098876158233,1.61013197617906,1.67617902810677,1,0.1,1.5
1988,106,0.000105278796428683,0.00021751107166765,0.0303769221991834,0.000855414620061665,0.31823472743082,1.91614649475186,1.99441375553759,1,0.1,1.5
1988,105,0.00011200539294908,0.000228824436356703,0.0322411140935912,0.000899744418977327,0.337627547261121,2.24092055031331,2.33204130279871,1,0.1,1.5
1988,104,0.000120785541874898,0.000241894821174459,0.0344080102191964,0.000950953080932265,0.36016461811161,2.5875001244116,2.69220592091032,1,0.1,1.5
1988,103,0.00013198617346202,0.000256398805992949,0.0368465823997631,0.00100776135024953,0.385514393557719,2.95861792725147,3.07772031446804,1,0.1,1.5
1988,102,0.000146022023884342,0.000271835928615695,0.039500120921995,0.00106819452914368,0.41307683836694,3.3564348437735,3.49079715283498,1,0.1,1.5
1988,101,0.000163340102769242,0.00028749703036859,0.0422794647626908,0.00112945931761053,0.441913644441162,3.78221335510594,3.93271079727614,1,0.1,1.5
1988,100,0.000184356430157904,0.000302537294097249,0.0450707546565864,0.00118823237254312,0.470830571972795,4.23606917889954,4.40354136924894,1,0.1,1.5
1988,99,0.000209462986364965,0.000315901138683705,0.0477207638731761,0.00124036711779297,0.498225822363693,4.71657547100905,4.90176719161263,1,0.1,1.5
1988,98,0.00023869867776749,0.000327122670676816,0.05015557453336,0.00128403772962558,0.523329500629721,5.22156157550126,5.42509669224235,1,0.1,1.5
1988,97,0.000273545078180885,0.000335223938944683,0.0522135104294948,0.00131541320803681,0.544461324327518,5.74723128257111,5.96955801656987,1,0.1,1.5
1988,96,0.000315752856364506,0.000338570277965433,0.0536124973787734,0.00132809471365788,0.558693960095315,6.28695246104274,6.52825197666518,1,0.1,1.5
1988,95,0.00036499349100484,0.000337211909037534,0.0543174205349762,0.00132230229976853,0.565679686287976,6.83374211447688,7.09393166295316,1,0.1,1.5
1988,94,0.000419058236425454,0.000335207189195424,0.0549512731600936,0.00131396626720556,0.571915122324873,7.38688629012739,7.66584678527803,1,0.1,1.5
1988,93,0.000482448475944876,0.000332924310889308,0.0555709369665098,0.00130453196917066,0.57799641607944,7.94624653521868,8.24384320135747,1,0.1,1.5
1988,92,0.00060299185065275,0.000330379921004881,0.0561753393829813,0.00129406545036584,0.583945836897904,8.51170572282564,8.82778903825537,1,0.1,1.5
1988,91,0.000790773523234668,0.000327581784794675,0.0567645483681768,0.00128259788742535,0.589771310841757,9.08315420670418,9.41756034909713,1,0.1,1.5
1988,90,0.0010414617850305,0.000324533185943375,0.0573388435278957,0.00127014288743094,0.595472973386948,9.66048228169926,10.0130333224841,1,0.1,1.5
1988,89,0.00134841444488856,0.000321238593238944,0.0578988518583276,0.00125671869551813,0.601052971700612,10.2435821291782,10.6140862941847,1,0.1,1.5
1988,88,0.00170280607384191,0.000317703427648674,0.0584455212999995,0.00124234727211835,0.606515269498829,10.8323495805039,11.2206015636835,1,0.1,1.5
1988,87,0.00209388679772291,0.000313916409060076,0.0589767667500152,0.00122698529778254,0.611831117519462,11.4266523366265,11.832432681203,1,0.1,1.5
1988,86,0.00252911276352324,0.000309869975454483,0.0594896752885478,0.00121060411502343,0.61697587231604,12.0263338644422,12.449408553519,1,0.1,1.5
1988,85,0.00302291307004381,0.000305575823150173,0.0599843994378174,0.00119325036704808,0.621961461804677,12.6312488924319,13.0713700153237,1,0.1,1.5
1988,84,0.00357226601493947,0.000301039439273614,0.0604610938630084,0.00117494640423406,0.626787792331362,13.2412517361313,13.6981578076551,1,0.1,1.5
1988,83,0.00417217271569693,0.000296267393963013,0.0609202397158628,0.00115571879604107,0.631456788090261,13.8561982557067,14.3296145957453,1,0.1,1.5
1988,82,0.00481565734026768,0.000291267233060633,0.0613626525994888,0.00113559789924918,0.635972463684471,14.475947892259,14.9655870594298,1,0.1,1.5
1988,81,0.00549378725136755,0.000286047283099049,0.061789471983327,0.00111461708445884,0.640340818705061,15.1003656097576,15.6059278781349,1,0.1,1.5
1988,80,0.00617346163419549,0.000280607538125968,0.0622016142451273,0.0010927772415989,0.64454896237341,15.7293034686795,16.2504768405083,1,0.1,1.5
1988,79,0.00684460455639497,0.000274959063624787,0.0626008310771385,0.00107012239914954,0.648608433956889,16.3626244397914,16.8990852744652,1,0.1,1.5
1988,78,0.00751361466098227,0.000269119939408356,0.0629895887637271,0.00104672378840476,0.65254936044922,17.0002206032635,17.5516346349144,1,0.1,1.5
1988,77,0.00816621169751122,0.000263100034378673,0.0633701226343726,0.00102262056109289,0.656385232977657,17.6419969710826,18.208019867892,1,0.1,1.5
1988,76,0.0087871703769529,0.000256908752137997,0.0637447962017225,0.000997849979909799,0.660130162836237,18.2878721342059,18.8681500307283,1,0.1,1.5
1988,75,0.00936087758225378,0.000250533230595564,0.0641103558094689,0.000972362837421136,0.663740373132925,18.9377216096614,19.5318904038612,1,0.1,1.5
1988,74,0.00990134123530219,0.000243968091375124,0.0644628674759229,0.000946139189231756,0.66718552396173,19.5913908594912,20.1990759278229,1,0.1,1.5
1988,73,0.0104302392195847,0.000237230156818655,0.0648035784719899,0.000919245249697986,0.670493654096827,20.2487524385924,20.8695695819197,1,0.1,1.5
1988,72,0.010943330463636,0.000230326165632001,0.0651329954369784,0.000891708023574245,0.673667455719589,20.9096812082609,21.5432370376393,1,0.1,1.5
1988,71,0.0114363299740136,0.000223262867388376,0.065451655193469,0.000863554528366414,0.676709893853627,21.5740546088521,22.219946931493,1,0.1,1.5
1988,70,0.0119049406274879,0.00021604698365955,0.065760118499971,0.00083481164167302,0.679624162516626,22.2417528907734,22.8995710940096,1,0.1,1.5
1988,69,0.0123448861905648,0.000208685170809572,0.0660589630586759,0.000805505955496309,0.682413634357559,22.9126592971953,23.5819847283671,1,0.1,1.5
1988,68,0.0127519454795913,0.000201183986140034,0.0663487761071053,0.000775663644078941,0.685081807119975,23.5866601951142,24.2670665354871,1,0.1,1.5
1988,67,0.0131219875903563,0.00019354985787448,0.0666301466268145,0.000745310347176147,0.687632247247739,24.263645151688,24.9546987827349,1,0.1,1.5
1988,66,0.0134510081719988,0.000185789061405947,0.0669036579368691,0.000714471078084393,0.690068538451003,24.9435069604521,25.6447673211859,1,0.1,1.5
1988,65,0.0137351630507112,0.000177907687690483,0.0671698755436026,0.000683170102181332,0.692394180568377,25.6261415681321,26.3371615017542,1,0.1,1.5
1988,64,0.0139708242108946,0.000169910651729234,0.0674289333625569,0.000651427139569961,0.694608424943981,26.3114438910823,27.0317699266982,1,0.1,1.5
1988,63,0.0141566193856268,0.000161802405071182,0.0676805704760343,0.000619260132221473,0.696708048385589,26.9993053661504,27.7284779750838,1,0.1,1.5
1988,62,0.0142935557971787,0.000153588466195411,0.0679247437604971,0.000586691109046324,0.698693661022849,27.6896177256154,28.4271716361067,1,0.1,1.5
1988,61,0.0143819976631218,0.000145274114127583,0.0681613311080673,0.000553741168212409,0.70056463878135,28.3822717762795,29.127736274888,1,0.1,1.5
1988,60,0.014422593205688,0.00013686466856939,0.0683901685951303,0.000520431555001221,0.70232013127414,29.0771571710536,29.8300564061622,1,0.1,1.5
1988,59,0.0144162531860736,0.000128365507279889,0.0686110530964752,0.000486783729709534,0.703959074776498,29.7741621925485,30.5340154809386,1,0.1,1.5
1988,58,0.014364130186679,0.000119782086213121,0.0688237471554578,0.000452819445705981,0.7054802284322,30.4731735717564,31.2394957093708,1,0.1,1.5
1988,57,0.0142675880575216,0.000111119959435757,0.0690279864401365,0.000418560826003239,0.706882229738879,31.1740763611238,31.9463779391097,1,0.1,1.5
1988,56,0.0141281581999049,0.000102383742825157,0.0692227343851656,0.000384026486562374,0.708156046078354,31.8767463145369,32.6545339851881,1,0.1,1.5
1988,55,0.0139511180168428,9.35866129250205e-05,0.0694129838235083,0.00034926701400113,0.70935597848034,32.5811127642458,33.3638899636684,1,0.1,1.5
1988,54,0.0137134382863921,8.51737279734109e-05,0.0699886062337145,0.000315928716652806,0.714393359188561,33.2909928560536,34.078283322857,1,0.1,1.5
1988,53,0.0115438072833821,7.58875999139153e-05,0.070021844486993,0.000279349020004538,0.712663892677103,33.999666048445,34.7909472155341,1,0.1,1.5
1988,52,0.230876145667642,0.000280325010870764,1.25796274741895,0.000955552878566933,12.7499989101514,46.7360142031882,47.5409461256854,20,0.1,1.5
1988,51,0.230876145667642,4.98945343336917e-38,1.06637714556437,0,10.8176888860888,57.553703089277,58.3586350117742,20,0.1,1.5
1988,50,0.230876145667642,5.40973240719203e-68,1.18220401992047,0,11.9759576296498,69.5296607189268,70.334592641424,20,0.1,1.5
1988,49,0.230876145667642,7.75843450946567e-102,1.30322126436027,0,13.1861300740478,82.7157907929746,83.5207227154718,20,0.1,1.5
1988,48,0.230876145667642,4.03362672442073e-124,1.38955307357129,0,14.049448166158,96.7652389591326,97.5701708816298,20,0.1,1.5
1988,47,0.230876145667642,3.56754758476514e-126,1.39344035179235,0,14.0883209483686,110.853559907501,111.658491829998,20,0.1,1.5
1988,46,0.230876145667642,3.56754758476519e-166,1.39065611703759,0,14.060478600821,124.914038508322,125.718970430819,20,0.1,1.5
1988,45,0.230876145667642,3.56754758476523e-206,1.38787744546546,0,14.0326918850997,138.946730393422,139.751662315919,20,0.1,1.5
1988,44,0.230876145667642,3.56754758476528e-246,1.38510432596017,0,14.0049606900468,152.951691083469,153.756623005966,20,0.1,1.5
1988,43,0.230876145667642,3.56754758476532e-286,1.38233674742812,0,13.9772849047263,166.928975988195,167.733907910692,20,0.1,1.5
1988,42,0.230876145667642,0,1.37957469879789,0,13.949664418424,180.878640406619,181.683572329116,20,0.1,1.5
1988,41,0.230876145667642,0,1.37681816902017,0,13.9220991206468,194.800739527266,195.605671449763,20,0.1,1.5
1988,40,0.230876145667642,0,1.37406714706775,0,13.8945889011226,208.695328428388,209.500260350886,20,0.1,1.5
1988,39,0.230876145667642,0,1.37132162193542,0,13.8671336497993,222.562462078188,223.367394000685,20,0.1,1.5
1988,38,0.230876145667642,0,1.36858158263999,0,13.839733256845,236.402195335033,237.20712725753,20,0.1,1.5
1988,37,0.230876145667642,0,1.3658470182202,0,13.8123876126471,250.21458294768,251.019514870177,20,0.1,1.5
1988,36,0.230876145667642,0,1.36311791773669,0,13.785096607812,263.999679555492,264.804611477989,20,0.1,1.5
1988,35,0.230876145667642,0,1.36039427027197,0,13.7578601331648,277.757539688657,278.562471611154,20,0.1,1.5
1988,34,0.230876145667642,0,1.35767606493035,0,13.7306780797486,291.488217768405,292.293149690902,20,0.1,1.5
1988,33,0.230876145667642,0,1.35496329083792,0,13.7035503388243,305.191768107229,305.996700029727,20,0.1,1.5
1988,32,0.230876145667642,0,1.35225593714249,0,13.67647680187,318.8682449091,319.673176831597,20,0.1,1.5
1988,31,0.230876145667642,0,1.34955399301357,0,13.6494573605808,332.51770226968,333.322634192177,20,0.1,1.5
1988,30,0.230876145667642,0,1.34685744764229,0,13.622491906868,346.140194176548,346.945126099045,20,0.1,1.5
1988,29,0.230876145667642,0,1.34416629024139,0,13.595580332859,359.735774509407,360.540706431904,20,0.1,1.5
1988,28,0.230876145667642,0,1.34148051004516,0,13.5687225308967,373.304497040304,374.109428962801,20,0.1,1.5
1988,27,0.230876145667642,0,1.3388000963094,0,13.5419183935391,386.846415433843,387.65134735634,20,0.1,1.5
1988,26,0.230876145667642,0,1.33612503831138,0,13.5151678135589,400.361583247402,401.166515169899,20,0.1,1.5
1988,25,0.230876145667642,0,1.3334553253498,0,13.4884706839431,413.850053931345,414.654985853842,20,0.1,1.5
1988,24,0.230876145667642,0,1.33079094674472,0,13.4618268978923,427.311880829238,428.116812751735,20,0.1,1.5
1988,23,0.230876145667642,0,1.32813189183758,0,13.4352363488209,440.747117178059,441.552049100555,20,0.1,1.5
1988,22,0.230876145667642,0,1.32547814999107,0,13.4086989303558,454.155816108414,454.960748030911,20,0.1,1.5
1988,21,0.230876145667642,0,1.32282971058917,0,13.3822145363368,467.538030644751,468.342962567248,20,0.1,1.5
1988,20,0.230876145667642,0,1.32018656303706,0,13.3557830608156,480.893813705567,481.698745628064,20,0.1,1.5
1988,19,0.230876145667642,0,1.31754869676108,0,13.3294043980559,494.223218103623,495.02815002612,20,0.1,1.5
1988,18,0.230876145667642,0,1.31491610120871,0,13.3030784425322,507.526296546155,508.331228468652,20,0.1,1.5
1988,17,0.230876145667642,0,1.31228876584852,0,13.2768050889303,520.803101635085,521.608033557582,20,0.1,1.5
1988,16,0.230876145667642,0,1.3096666801701,0,13.2505842321461,534.053685867231,534.858617789728,20,0.1,1.5
1988,15,0.230876145667642,0,1.30704983368407,0,13.2244157672858,547.278101634517,548.083033557014,20,0.1,1.5
1988,14,0.230876145667642,0,1.30443821592198,0,13.1982995896649,560.476401224182,561.281333146679,20,0.1,1.5
1988,13,0.230876145667642,0,1.30183181643632,0,13.1722355948083,573.64863681899,574.453568741487,20,0.1,1.5
1988,12,0.230876145667642,0,1.29923062480045,0,13.1462236784495,586.79486049744,587.599792419937,20,0.1,1.5
1988,11,0.230876145667642,0,1.29663463060854,0,13.1202637365305,599.91512423397,600.720056156467,20,0.1,1.5
1988,10,0.230876145667642,0,1.29404382347558,0,13.0943556652009,613.009479899171,613.814411821668,20,0.1,1.5
1988,9,0.230876145667642,0,1.29145819303731,0,13.0684993608182,626.077979259989,626.882911182486,20,0.1,1.5
1988,8,0.230876145667642,0,1.28887772895017,0,13.0426947199468,639.120673979936,639.925605902433,20,0.1,1.5
1988,7,0.230876145667642,0,1.28630242089126,0,13.0169416393577,652.137615619294,652.942547541791,20,0.1,1.5
1988,6,0.230876145667642,0,1.28373225855831,0,12.9912400160282,665.128855635322,665.933787557819,20,0.1,1.5
1988,5,0.230876145667642,0,1.28116723166965,0,12.9655897471416,678.094445382464,678.899377304961,20,0.1,1.5
1988,4,0.230876145667642,0,1.27860732996414,0,12.9399907300865,691.03443611255,691.839368035047,20,0.1,1.5
1988,3,0.230876145667642,0,1.27605254320115,0,12.9144428624566,703.948878975007,704.753810897504,20,0.1,1.5
1988,2,0.0115438072833821,0,0.000542212335451075,0,0.0131179948767655,703.961996969883,704.76692889238,1,0.1,1.5
1988,1,150,0,1.28829771447892,0,112.882977144789,816.844974114672,817.64990603717,99999,0.1,1.5
1989,114,9.09181511776128e-05,0.0248581917241794,0.0248581917241794,0,0.497224446584373,0,0,1,0.1,1.5
1989,113,9.13426677909883e-05,0.000250084257287235,0.0250059248861506,0.000736022388811623,0.263135592100691,0.252620986546239,0.263135592100691,1,0.1,1.5
1989,112,9.20091095629163e-05,0.000188646972969059,0.0253765270515708,0.000739880183980516,0.266282796565781,0.508334066198012,0.529418388666472,1,0.1,1.5
1989,111,9.28453480993618e-05,0.00018882349234825,0.0257248415564594,0.000744680517531264,0.269836840494399,0.767532613584822,0.799255229160871,1,0.1,1.5
1989,110,9.35740399939811e-05,0.000190536463620812,0.0261464869633118,0.000751398295273776,0.27416687832371,1.03096523054748,1.07342210748458,1,0.1,1.5
1989,109,9.46190478656791e-05,0.000194043167188413,0.026823610519116,0.000765113514366395,0.281169809290665,1.30120484677577,1.35459191677525,1,0.1,1.5
1989,108,9.68099325605506e-05,0.000199420401829508,0.0277773459226019,0.000786193430279436,0.291063537917632,1.58103704997512,1.64565545469288,1,0.1,1.5
1989,107,0.000100297303143751,0.000206741495303168,0.0290273666095092,0.000814923029417625,0.304049703479995,1.87344499589201,1.94970515817287,1,0.1,1.5
1989,106,0.000105278796428683,0.000216028765732093,0.0305877381619789,0.000851384281578476,0.320270487735374,2.1815528510334,2.26997564590825,1,0.1,1.5
1989,105,0.00011200539294908,0.000227224349107899,0.0324628260869261,0.0008953423496553,0.339765779617382,2.50852802565571,2.60974142552563,1,0.1,1.5
1989,104,0.000120785541874898,0.000240157218444811,0.0346423076884075,0.000946115857208857,0.362421113580376,2.85743319841882,2.972162539106,1,0.1,1.5
1989,103,0.00013198617346202,0.000254504325622311,0.0370948380790855,0.00100242426398989,0.387901761457814,3.2310146132482,3.36006430056382,1,0.1,1.5
1989,102,0.000146022023884342,0.000269766991572078,0.0397632195421887,0.00106229569096238,0.415602866081565,3.63144182660173,3.77566716664538,1,0.1,1.5
1989,101,0.000163340102769242,0.000285239799706318,0.0425576016456172,0.00112294566926492,0.44457938884458,4.05997913445681,4.22024655548996,1,0.1,1.5
1989,100,0.000184356430157904,0.000300083466076753,0.0453633056742565,0.00118106565766799,0.473629162228218,4.51673593014692,4.69387571771818,1,0.1,1.5
1989,99,0.000209462986364965,0.000313250790835079,0.048026083576237,0.00123253340991418,0.501140605803262,5.00026891580855,5.19501632352144,1,0.1,1.5
1989,98,0.00023869867776749,0.000324280659113164,0.050471568408313,0.0012755381585254,0.526339596819327,5.50838653893466,5.72135592034077,1,0.1,1.5
1989,97,0.000273545078180885,0.000332205541398649,0.0525371423804611,0.00130628200911343,0.547537014162814,6.03726238153871,6.26889293450358,1,0.1,1.5
1989,96,0.000315752856364506,0.000335409381194124,0.05393915980745,0.00131842614227652,0.561790852966063,6.58021857532939,6.83068378746965,1,0.1,1.5
1989,95,0.00036499349100484,0.000333947694032507,0.0546425643678648,0.00131221208875274,0.568754336595158,7.13022702494237,7.3994381240648,1,0.1,1.5
1989,94,0.000419058236425454,0.000331843638693343,0.055274269599579,0.00130346494943855,0.574961432389463,7.68656752948271,7.97439955645427,1,0.1,1.5
1989,93,0.000482448475944876,0.000329462235401559,0.0558915128651059,0.00129362062436477,0.581011677956153,8.24909891280508,8.55541123441042,1,0.1,1.5
1989,92,0.00060299185065275,0.00032682016180151,0.0564932382116344,0.0012827454294412,0.586927513007764,8.81770149110654,9.14233874741818,1,0.1,1.5
1989,91,0.000790773523234668,0.000323925289704284,0.0570795213851963,0.00127087103735122,0.592716949631418,9.39226314020437,9.7350556970496,1,0.1,1.5
1989,90,0.0010414617850305,0.000320781053717168,0.0576506453654006,0.00125801168857531,0.598380167598941,9.97267171225223,10.3334358646485,1,0.1,1.5
1989,89,0.00134841444488856,0.000317392059811922,0.0582072416470213,0.00124418621648811,0.603919368838564,10.5588169922838,10.9373552334871,1,0.1,1.5
1989,88,0.00170280607384191,0.000313763852306074,0.0587502635658991,0.00122941712226968,0.60933857997799,11.1505924705151,11.5466938134651,1,0.1,1.5
1989,87,0.00209388679772291,0.000309885488536236,0.0592776153977859,0.00121366233388794,0.614608966736293,11.7478634039101,12.1613027802014,1,0.1,1.5
1989,86,0.00252911276352324,0.000305749728510403,0.0597863773497748,0.00119689441039513,0.619705837535608,12.3504707498687,12.781008617737,1,0.1,1.5
1989,85,0.00302291307004381,0.000301368349993522,0.0602767135896356,0.00117916041977093,0.624641243630191,12.958266844645,13.4056498613672,1,0.1,1.5
1989,84,0.00357226601493947,0.00029674699545125,0.0607487843546807,0.00116048337672709,0.62941515813119,13.5711036688229,14.0350650194984,1,0.1,1.5
1989,83,0.00417217271569693,0.000291892372949896,0.0612030773909014,0.00114089045430755,0.634029581177181,14.1888348149386,14.6690946006756,1,0.1,1.5
1989,82,0.00481565734026768,0.000286812147142902,0.0616404158090412,0.00112041254451828,0.638488611281804,14.8113175327273,15.3075832119574,1,0.1,1.5
1989,81,0.00549378725136755,0.000281514743945702,0.0620619473072434,0.00109908348200285,0.642798337946177,15.4384146780734,15.9503815499035,1,0.1,1.5
1989,80,0.00617346163419549,0.000276000385780984,0.0624685883941026,0.00107690506038457,0.646945886893793,16.0699762069617,16.5973274367973,1,0.1,1.5
1989,79,0.00684460455639497,0.000270280190423632,0.0628621015938182,0.00105392160703131,0.650942910504271,16.7058630945084,17.2482703473016,1,0.1,1.5
1989,78,0.00751361466098227,0.000264372146495273,0.0632449707519519,0.00103020414279443,0.654819707465047,17.3459655999335,17.9030900547667,1,0.1,1.5
1989,77,0.00816621169751122,0.000258286140617008,0.0636194407623824,0.00100579197061436,0.65858986688473,17.9901870100952,18.5616799216514,1,0.1,1.5
1989,76,0.0087871703769529,0.00025203158249883,0.0639878842170797,0.000980722454167196,0.662267592354238,18.6384442816756,19.2239475140056,1,0.1,1.5
1989,75,0.00936087758225378,0.00024559604166124,0.0643470354832432,0.000954947981737339,0.665809014328699,19.2906111819795,19.8897565283343,1,0.1,1.5
1989,74,0.00990134123530219,0.00023897447822169,0.0646929559864832,0.000928449897443283,0.669183768767392,19.9465313807834,20.5589402971017,1,0.1,1.5
1989,73,0.0104302392195847,0.000232183613992683,0.0650269094265672,0.000901294154065745,0.672420053991023,20.6060758040021,21.2313603510927,1,0.1,1.5
1989,72,0.010943330463636,0.000225230267549881,0.0653494091433282,0.00087350812289969,0.675520635221201,21.2691177517533,21.9068809863139,1,0.1,1.5
1989,71,0.0114363299740136,0.000218121260765487,0.0656609986600413,0.000845119157502586,0.678488550012209,21.935533170944,22.5853695363261,1,0.1,1.5
1989,70,0.0119049406274879,0.000210863380254851,0.0659622453985393,0.000816154442005256,0.681327064044437,22.6052008858169,23.2666966003706,1,0.1,1.5
1989,69,0.0123448861905648,0.000203463340582173,0.0662537336512441,0.00078664084678005,0.684039620427878,23.2780027798623,23.9507362207985,1,0.1,1.5
1989,68,0.0127519454795913,0.000195927750881135,0.0665360571405143,0.000756604797920125,0.686629785870636,23.9538239257626,24.6373660066691,1,0.1,1.5
1989,67,0.0131219875903563,0.000188263085372782,0.0668098111989459,0.000726072162409459,0.689101194033083,24.6325526603327,25.3264672007022,1,0.1,1.5
1989,66,0.0134510081719988,0.000180475660135158,0.0670755853405965,0.000695068158056501,0.691457493903742,25.3140806091213,26.0179246946059,1,0.1,1.5
1989,65,0.0137351630507112,0.000172571602422238,0.0673339510815936,0.000663617235459736,0.693702248428152,25.9983026113286,26.7116269430341,1,0.1,1.5
1989,64,0.0139708242108946,0.000164555891409783,0.0675850472541131,0.000631739399565557,0.695834762827714,26.6851125255911,27.4074617058618,1,0.1,1.5
1989,63,0.0141566193856268,0.00015643305710608,0.0678286174520421,0.000599452929025642,0.697851864620361,27.3744007769397,28.1053135704821,1,0.1,1.5
1989,62,0.0142935557971787,0.000148208661923535,0.0680646240633827,0.000566780061681115,0.699754222475197,28.0660581413909,28.8050677929573,1,0.1,1.5
1989,61,0.0143819976631218,0.000139888033194378,0.0682929502670096,0.000533742119379168,0.701541268863824,28.759974522835,29.5066090618212,1,0.1,1.5
1989,60,0.014422593205688,0.000131476535435999,0.0685134374670211,0.000500360557167188,0.703212210121228,29.4560387249967,30.2098212719424,1,0.1,1.5
1989,59,0.0144162531860736,0.000122979587500182,0.0687258879235929,0.000466657030443556,0.70476603957465,30.154138235565,30.914587311517,1,0.1,1.5
1989,58,0.014364130186679,0.000114402682288626,0.0689300696421687,0.000432653471533947,0.706201573914749,30.8541590456007,31.6207888854318,1,0.1,1.5
1989,57,0.0142675880575216,0.000105751406095167,0.0691257238479933,0.000398372164183925,0.707517508829479,31.5559855235133,32.3283063942613,1,0.1,1.5
1989,56,0.0141281581999049,9.70304590688452e-05,0.0693118187333677,0.00036383208139407,0.708704865220408,32.2594927875709,33.0370112594817,1,0.1,1.5
1989,55,0.0139511180168428,8.82526196295328e-05,0.0694933592786263,0.000329082341650223,0.709818040636409,32.964609651898,33.7468293001181,1,0.1,1.5
1989,54,0.0137134382863921,7.98339164429357e-05,0.0700605895522543,0.000295658523237719,0.714770220067011,33.6751561787759,34.4615995201851,1,0.1,1.5
1989,53,0.0115438072833821,7.05961310002737e-05,0.0700846795575455,0.000259199012941495,0.712951471449734,34.3844048071836,35.1745509916348,1,0.1,1.5
1989,52,0.230876145667642,0.000241691469750441,1.25807583936385,0.000816822585842947,12.7487616328645,47.1214975459647,47.9233126244994,20,0.1,1.5
1989,51,0.230876145667642,4.98945343336917e-40,1.06627050784981,0,10.8166225089432,57.9381200549079,58.7399351334426,20,0.1,1.5
1989,50,0.230876145667642,5.40973240719203e-70,1.18208579951848,0,11.9747754256299,69.9128954805378,70.7147105590725,20,0.1,1.5
1989,49,0.230876145667642,7.75843450946568e-104,1.30309094223384,0,13.1848268527835,83.0977223333212,83.8995374118559,20,0.1,1.5
1989,48,0.230876145667642,4.03362672442073e-126,1.38941411826393,0,14.0480586130844,97.1457809464056,97.9475960249403,20,0.1,1.5
1989,47,0.230876145667642,3.56754758476515e-128,1.39330100775717,0,14.0869275080168,111.232708454422,112.034523532957,20,0.1,1.5
1989,46,0.230876145667642,3.56754758476519e-168,1.39051705142588,0,14.0590879447039,125.291796399126,126.093611477661,20,0.1,1.5
1989,45,0.230876145667642,3.56754758476524e-208,1.38773865772091,0,14.0313040076542,139.323100406781,140.124915485315,20,0.1,1.5
1989,44,0.230876145667642,3.56754758476528e-248,1.38496581552757,0,14.0035755857208,153.326675992501,154.128491071036,20,0.1,1.5
1989,43,0.230876145667642,3.56754758476533e-288,1.38219851375338,0,13.9759025679789,167.30257856048,168.104393639015,20,0.1,1.5
1989,42,0.230876145667642,0,1.37943674132801,0,13.9482848437252,181.250863404205,182.05267848274,20,0.1,1.5
1989,41,0.230876145667642,0,1.37668048720327,0,13.9207223024778,195.171585706683,195.973400785218,20,0.1,1.5
1989,40,0.230876145667642,0,1.37392974035304,0,13.8932148339755,209.064800540659,209.866615619194,20,0.1,1.5
1989,39,0.230876145667642,0,1.37118448977323,0,13.8657623281774,222.930562868836,223.732377947371,20,0.1,1.5
1989,38,0.230876145667642,0,1.36844472448173,0,13.8383646752624,236.768927544099,237.570742622633,20,0.1,1.5
1989,37,0.230876145667642,0,1.36571043351838,0,13.8110217656289,250.579949309727,251.381764388262,20,0.1,1.5
1989,36,0.230876145667642,0,1.36298160594492,0,13.7837334898943,264.363682799622,265.165497878156,20,0.1,1.5
1989,35,0.230876145667642,0,1.36025823084494,0,13.7564997388945,278.120182538516,278.921997617051,20,0.1,1.5
1989,34,0.230876145667642,0,1.35754029732385,0,13.7293204036836,291.8495029422,292.651318020735,20,0.1,1.5
1989,33,0.230876145667642,0,1.35482779450883,0,13.7021953755334,305.551698317733,306.353513396268,20,0.1,1.5
1989,32,0.230876145667642,0,1.35212071154878,0,13.6751245459329,319.226822863666,320.028637942201,20,0.1,1.5
1989,31,0.230876145667642,0,1.34941903761427,0,13.6481078065878,332.874930670254,333.676745748789,20,0.1,1.5
1989,30,0.230876145667642,0,1.34672276189753,0,13.6211450494204,346.496075719674,347.297890798209,20,0.1,1.5
1989,29,0.230876145667642,0,1.34403187361237,0,13.5942361665688,360.090311886243,360.892126964778,20,0.1,1.5
1989,28,0.230876145667642,0,1.34134636199416,0,13.5673810503867,373.65769293663,374.459508015164,20,0.1,1.5
1989,27,0.230876145667642,0,1.33866621629977,0,13.5405795934428,387.198272530073,388.000087608607,20,0.1,1.5
1989,26,0.230876145667642,0,1.33599142580755,0,13.5138316885206,400.712104218593,401.513919297128,20,0.1,1.5
1989,25,0.230876145667642,0,1.33332197981726,0,13.4871372286177,414.199241447211,415.001056525745,20,0.1,1.5
1989,24,0.230876145667642,0,1.33065786765005,0,13.4604961069456,427.659737554157,428.461552632691,20,0.1,1.5
1989,23,0.230876145667642,0,1.32799907864839,0,13.433908216929,441.093645771086,441.89546084962,20,0.1,1.5
1989,22,0.230876145667642,0,1.32534560217607,0,13.4073734522058,454.501019223292,455.302834301826,20,0.1,1.5
1989,21,0.230876145667642,0,1.32269742761811,0,13.3808917066262,467.881910929918,468.683726008452,20,0.1,1.5
1989,20,0.230876145667642,0,1.32005454438075,0,13.3544628742526,481.23637380417,482.038188882705,20,0.1,1.5
1989,19,0.230876145667642,0,1.3174169418914,0,13.3280868493591,494.564460653529,495.366275732064,20,0.1,1.5
1989,18,0.230876145667642,0,1.31478460959859,0,13.301763526431,507.86622417996,508.668039258495,20,0.1,1.5
1989,17,0.230876145667642,0,1.31215753697194,0,13.2754928001644,521.141716980125,521.943532058659,20,0.1,1.5
1989,16,0.230876145667642,0,1.30953571350209,0,13.249274565466,534.390991545591,535.192806624125,20,0.1,1.5
1989,15,0.230876145667642,0,1.3069191287007,0,13.2231087174521,547.614100263043,548.415915341577,20,0.1,1.5
1989,14,0.230876145667642,0,1.30430777210039,0,13.196995151449,560.811095414492,561.612910493026,20,0.1,1.5
1989,13,0.230876145667642,0,1.30170163325468,0,13.1709337629919,573.982029177484,574.783844256018,20,0.1,1.5
1989,12,0.230876145667642,0,1.29910070173796,0,13.1449244478247,587.126953625308,587.928768703843,20,0.1,1.5
1989,11,0.230876145667642,0,1.29650496714548,0,13.1189671018999,600.245920727208,601.047735805743,20,0.1,1.5
1989,10,0.230876145667642,0,1.29391441909324,0,13.0930616213775,613.338982348586,614.14079742712,20,0.1,1.5
1989,9,0.230876145667642,0,1.29132904721801,0,13.0672079026252,626.406190251211,627.208005329746,20,0.1,1.5
1989,8,0.230876145667642,0,1.28874884117727,0,13.0414058422178,639.447596093429,640.249411171963,20,0.1,1.5
1989,7,0.230876145667642,0,1.28617379064917,0,13.0156553369368,652.463251430365,653.2650665089,20,0.1,1.5
1989,6,0.230876145667642,0,1.28360388533246,0,12.9899562837697,665.453207714135,666.25502279267,20,0.1,1.5
1989,5,0.230876145667642,0,1.28103911494649,0,12.96430857991,678.417516294045,679.21933137258,20,0.1,1.5
1989,4,0.230876145667642,0,1.27847946923115,0,12.9387121227566,691.356228416801,692.158043495336,20,0.1,1.5
1989,3,0.230876145667642,0,1.27592493794683,0,12.9131668099134,704.269395226715,705.07121030525,20,0.1,1.5
1989,2,0.0115438072833821,0,0.00054215811421753,0,0.01311745266443,704.282512679379,705.084327757914,1,0.1,1.5
1989,1,150,0,1.28816888470747,0,112.881688847075,817.164201526454,817.966016604989,99999,0.1,1.5
1990,115,9.08799205917309e-05,0.0247619362488651,0.0247619362488651,0,0.495299311591029,0,0,1,0.1,1.5
1990,114,9.09181511776128e-05,0.000248581917241794,0.024855705905007,0.000731348802884139,0.261551330364475,0.251103490323273,0.261551330364475,1,0.1,1.5
1990,113,9.13426677909883e-05,0.000186506439775778,0.0251874298908649,0.000734127101236426,0.264287788435931,0.50490374874154,0.525839118800405,1,0.1,1.5
1990,112,9.20091095629163e-05,0.00018685651572482,0.0255589594448607,0.00073967348615811,0.268086263100204,0.762423247753771,0.793925381900609,1,0.1,1.5
1990,111,9.28453480993618e-05,0.000188058364306299,0.0259084392016866,0.000744394903353573,0.271661085463713,1.02345012031243,1.06558646736432,1,0.1,1.5
1990,110,9.35740399939811e-05,0.000189754938454652,0.026331721888434,0.000750999158412229,0.276005710368104,1.28872727127465,1.34159217773243,1,0.1,1.5
1990,109,9.46190478656791e-05,0.000193218810263483,0.0270122065366557,0.000764590545122587,0.283040054907616,1.56084460410908,1.62463223264004,1,0.1,1.5
1990,108,9.68099325605506e-05,0.000198542561588154,0.0279711165455795,0.00078553187232196,0.29298301491703,1.8426057351358,1.91761524755707,1,0.1,1.5
1990,107,0.000100297303143751,0.000205798172307438,0.0292281946302026,0.000814102552056449,0.306036829351812,2.13701252802966,2.22365207690889,1,0.1,1.5
1990,106,0.000105278796428683,0.00021500635805194,0.0307975254585573,0.000850378379769446,0.322343766598513,2.44720803206004,2.5459958435074,1,0.1,1.5
1990,105,0.00011200539294908,0.000226107830904904,0.0326834153917313,0.000894117929675649,0.341943015769409,2.77637793454837,2.88793885927681,1,0.1,1.5
1990,104,0.000120785541874898,0.000238930536486662,0.0348753724219409,0.00094463320798093,0.364718313392872,3.12760148782723,3.25265717266968,1,0.1,1.5
1990,103,0.00013198617346202,0.000253151109253695,0.0373417346612751,0.00100063773453023,0.390331673266599,3.50363833631482,3.64298884593628,1,0.1,1.5
1990,102,0.000146022023884342,0.000268271592656315,0.0400248171429751,0.0010601553614005,0.418173311963673,3.90666657168706,4.06116215789995,1,0.1,1.5
1990,101,0.000163340102769242,0.000283588815313292,0.0428340823027689,0.00112040052332039,0.447291326344388,4.33795217626973,4.50845348424434,1,0.1,1.5
1990,100,0.000184356430157904,0.000298267249077765,0.045654035758106,0.00117806775899929,0.476475473772886,4.79759811062834,4.98492895801722,1,0.1,1.5
1990,99,0.000209462986364965,0.000311265860386896,0.0483294143203579,0.00122904463889054,0.504104224353937,5.2841445544267,5.48903318237116,1,0.1,1.5
1990,98,0.00023869867776749,0.000322127346222483,0.0507854057911035,0.00127152917483303,0.52939916632272,5.7953790182518,6.01843234869388,1,0.1,1.5
1990,97,0.000273545078180885,0.000329892557692344,0.0528584591685014,0.00130174337566433,0.550662214585453,6.32744489889919,6.56909456327933,1,0.1,1.5
1990,96,0.000315752856364506,0.000332960629381071,0.0542633724270383,0.00131338642993247,0.564936495753186,6.87361873136763,7.13403105903252,1,0.1,1.5
1990,95,0.00036499349100484,0.000331392499128511,0.0549651531336162,0.00130672255298099,0.571876250364036,7.42682751668908,7.70590730939656,1,0.1,1.5
1990,94,0.000419058236425454,0.000329184673746571,0.0555946084099787,0.00129752737167606,0.578053408304528,7.98634481968395,8.28396071770108,1,0.1,1.5
1990,93,0.000482448475944876,0.000326699778445207,0.0562093288699105,0.00128723239910613,0.584070953073799,8.5520267384848,8.86803167077488,1,0.1,1.5
1990,92,0.00060299185065275,0.000323954558978314,0.0568082752451736,0.00127590447470908,0.589951499390179,9.12375103109343,9.45798317016506,1,0.1,1.5
1990,91,0.000790773523234668,0.000320957012234849,0.0573915311923956,0.00126357589695867,0.595703148637394,9.70140309548855,10.0536863188025,1,0.1,1.5
1990,90,0.0010414617850305,0.000317710732680999,0.0579593832230079,0.00125026160770315,0.601326127523621,10.2848683429021,10.6550124463261,1,0.1,1.5
1990,89,0.00134841444488856,0.000314220474720146,0.0585124674769786,0.00123598111173833,0.60682269550508,10.8740341653824,11.2618351418312,1,0.1,1.5
1990,88,0.00170280607384191,0.000310491919090481,0.05905174282011,0.00122075754602796,0.612196944955917,11.4687917168236,11.8740320867871,1,0.1,1.5
1990,87,0.00209388679772291,0.000306514438357348,0.0595751032197181,0.00120454995614016,0.617419957628858,12.0690038179362,12.4914520444159,1,0.1,1.5
1990,86,0.00252911276352324,0.000302281099883886,0.0600796223146386,0.00118733203882938,0.622466995589898,12.6745089272571,13.1139190400058,1,0.1,1.5
1990,85,0.00302291307004381,0.000297803788442668,0.0605654760232194,0.00116915146568171,0.627350237292103,13.2851570007537,13.7412692772979,1,0.1,1.5
1990,84,0.00357226601493947,0.000293088314136285,0.061032830320427,0.00115003200992686,0.6320697257355,13.900797697776,14.3733390030334,1,0.1,1.5
1990,83,0.00417217271569693,0.000288141537306386,0.0614821796967392,0.0011300015556318,0.636627540183756,14.5212823585936,15.0099665432172,1,0.1,1.5
1990,82,0.00481565734026768,0.000282971257601,0.0619143549035898,0.00110909164910132,0.641027866254487,15.1464660584323,15.6509944094717,1,0.1,1.5
1990,81,0.00549378725136755,0.000277586017940169,0.0623305119830134,0.00108733671698735,0.645276886515029,15.7762095632761,16.2962712959867,1,0.1,1.5
1990,80,0.00617346163419549,0.000271986268953952,0.0627315678003593,0.00106473947313813,0.649361745684569,16.4103607450587,16.9456330416713,1,0.1,1.5
1990,79,0.00684460455639497,0.000266183203662064,0.0631192957854166,0.0010413447057127,0.653294212533803,17.0487786046538,17.5989272542051,1,0.1,1.5
1990,78,0.00751361466098227,0.000260194757163559,0.0634961972905754,0.00101722347717298,0.657104760877658,17.6913516015718,18.2560320150827,1,0.1,1.5
1990,77,0.00816621169751122,0.000254030854059761,0.0638645268109597,0.000992415383179316,0.660807080398716,18.3379813193537,18.9168390954814,1,0.1,1.5
1990,76,0.0087871703769529,0.000247700929366787,0.0642266660421998,0.000966958022039779,0.664415469329441,18.988583102654,19.5812545648109,1,0.1,1.5
1990,75,0.00936087758225378,0.000241192955850947,0.0645793377751292,0.000940805219229795,0.667885966925063,19.6430289950186,20.249140531736,1,0.1,1.5
1990,74,0.00990134123530219,0.000234502219143038,0.0649185991652454,0.000913939547837431,0.671188187255573,20.3011609030194,20.9203287189915,1,0.1,1.5
1990,73,0.0104302392195847,0.000227645374656363,0.065245730274141,0.000886426928359996,0.674350491134744,20.9628481523204,21.5946792101263,1,0.1,1.5
1990,72,0.010943330463636,0.000220629333400421,0.0655612512331388,0.000858295194615385,0.677375719230894,21.6279625116282,22.2720549293572,1,0.1,1.5
1990,71,0.0114363299740136,0.000213461001983301,0.0658657123495509,0.000829572131123686,0.680266983942642,22.2963784651262,22.9523219132998,1,0.1,1.5
1990,70,0.0119049406274879,0.000206147244303863,0.0661596877845008,0.000800285321900421,0.683027624828758,22.9679734424993,23.6353495381286,1,0.1,1.5
1990,69,0.0123448861905648,0.000198694845100834,0.066443768489574,0.000770462007028639,0.6856611575742,23.6426279999731,24.3210106957028,1,0.1,1.5
1990,68,0.0127519454795913,0.000191110476988843,0.0667185547342803,0.000740128953377155,0.688171219861616,24.3202259490722,25.0091819155644,1,0.1,1.5
1990,67,0.0131219875903563,0.000183400671456093,0.0669846482584283,0.000709312341318908,0.690561514473162,25.0006544300979,25.6997434300375,1,0.1,1.5
1990,66,0.0134510081719988,0.000175571796115477,0.0672426448215766,0.000678037676310097,0.692835757476969,25.6838039350562,26.3925791875145,1,0.1,1.5
1990,65,0.0137351630507112,0.000167630024889156,0.0674931219953504,0.000646329673924423,0.694997576625599,26.3695682306257,27.0875767641401,1,0.1,1.5
1990,64,0.0139708242108946,0.000159580408805487,0.0677362235992791,0.000614208687806936,0.697046332713922,27.0578401535138,27.784623096854,1,0.1,1.5
1990,63,0.0141566193856268,0.000151427562827471,0.0679716978225533,0.000581693390538907,0.698978905690019,27.7485091536247,28.483602002544,1,0.1,1.5
1990,62,0.0142935557971787,0.000143177102039514,0.0681995126163966,0.000548806298961157,0.70079602436764,28.4414650880072,29.1843980269117,1,0.1,1.5
1990,61,0.0143819976631218,0.000134834410176736,0.0684195565018277,0.000515569024881424,0.702497179346146,29.1365969955693,29.8868952062578,1,0.1,1.5
1990,60,0.014422593205688,0.000126404904646157,0.0686316762625662,0.000482003299207356,0.704081635226497,29.8337928693786,30.5909768414843,1,0.1,1.5
1990,59,0.0144162531860736,0.000117894053485891,0.0688356795924115,0.000448131038592774,0.705548443896253,30.5329394412949,31.2965252853806,1,0.1,1.5
1990,58,0.014364130186679,0.000109307394706373,0.069031340003088,0.00041397442081813,0.706896481066465,31.233922002064,32.003421766447,1,0.1,1.5
1990,57,0.0142675880575216,0.000100650555106933,0.0692184043166545,0.000379555957478587,0.708124502053275,31.9366242761533,32.7115462685003,1,0.1,1.5
1990,56,0.0141281581999049,9.19283249392059e-05,0.0693958455718428,0.000344895033689712,0.709223583010943,32.6409207872544,33.4207698515113,1,0.1,1.5
1990,55,0.0139511180168428,8.31531116088511e-05,0.069568680528111,0.000310039458864231,0.710248216868392,33.3467398689961,34.1310180683797,1,0.1,1.5
1990,54,0.0137134382863921,7.4712969973859e-05,0.0701274981241085,0.000276419442882791,0.715113252315791,34.0579042721279,34.8461313206954,1,0.1,1.5
1990,53,0.0115438072833821,6.55057145453765e-05,0.0701424708428251,0.000239959116972326,0.713203624481278,34.7676799092238,35.5593349451767,1,0.1,1.5
1990,52,0.230876145667642,0.000206622561158241,1.25815423742637,0.000691505873541026,12.7474046856567,47.5052059395442,48.3067396308334,20,0.1,1.5
1990,51,0.230876145667642,4.98945343336917e-42,1.06616388079903,0,10.8155562384354,58.3207621779796,59.1222958692688,20,0.1,1.5
1990,50,0.230876145667642,5.40973240719204e-72,1.18196759093852,0,11.9735933398303,70.2943555178099,71.0958892090991,20,0.1,1.5
1990,49,0.230876145667642,7.75843450946568e-106,1.30296063313961,0,13.1835237618412,83.4778792796512,84.2794129709404,20,0.1,1.5
1990,48,0.230876145667642,4.03362672442073e-128,1.3892751768521,0,14.0466691989661,97.5245484786173,98.3260821699065,20,0.1,1.5
1990,47,0.230876145667642,3.56754758476515e-130,1.3931616776564,0,14.0855342070091,111.610082685626,112.411616376916,20,0.1,1.5
1990,46,0.230876145667642,3.56754758476519e-170,1.39037799972074,0,14.0576974276525,125.667780113279,126.469313804568,20,0.1,1.5
1990,45,0.230876145667642,3.56754758476524e-210,1.38759988385514,0,14.0299162689965,139.697696382275,140.499230073565,20,0.1,1.5
1990,44,0.230876145667642,3.56754758476529e-250,1.38482731894602,0,14.0021906199053,153.699887002181,154.50142069347,20,0.1,1.5
1990,43,0.230876145667642,3.56754758476533e-290,1.382060293902,0,13.9745203694651,167.674407371646,168.475941062935,20,0.1,1.5
1990,42,0.230876145667642,0,1.37929879765388,0,13.9469054069839,181.62131277863,182.422846469919,20,0.1,1.5
1990,41,0.230876145667642,0,1.37654281915455,0,13.9193456219906,195.54065840062,196.342192091909,20,0.1,1.5
1990,40,0.230876145667642,0,1.37379234737901,0,13.8918409042352,209.432499304855,210.234032996145,20,0.1,1.5
1990,39,0.230876145667642,0,1.37104737132425,0,13.8643911436876,223.296890448543,224.098424139832,20,0.1,1.5
1990,38,0.230876145667642,0,1.36830788000928,0,13.8369962305379,237.133886679081,237.93542037037,20,0.1,1.5
1990,37,0.230876145667642,0,1.36557386247503,0,13.8096560551953,250.943542734276,251.745076425565,20,0.1,1.5
1990,36,0.230876145667642,0,1.36284530778432,0,13.7823705082883,264.725913242565,265.527446933854,20,0.1,1.5
1990,35,0.230876145667642,0,1.36012220502185,0,13.7551394806636,278.481052723228,279.282586414517,20,0.1,1.5
1990,34,0.230876145667642,0,1.35740454329412,0,13.7279628633863,292.209015586615,293.010549277904,20,0.1,1.5
1990,33,0.230876145667642,0,1.35469231172938,0,13.7008405477389,305.909856134354,306.711389825643,20,0.1,1.5
1990,32,0.230876145667642,0,1.35198549947762,0,13.6737724252213,319.583628559575,320.385162250864,20,0.1,1.5
1990,31,0.230876145667642,0,1.34928409571051,0,13.6467583875502,333.230386947125,334.031920638414,20,0.1,1.5
1990,30,0.230876145667642,0,1.34658808962134,0,13.6197983266585,346.850185273784,347.651718965073,20,0.1,1.5
1990,29,0.230876145667642,0,1.34389747042501,0,13.5928921346952,360.443077408479,361.244611099768,20,0.1,1.5
1990,28,0.230876145667642,0,1.34121222735796,0,13.5660397040247,374.009117112503,374.810650803792,20,0.1,1.5
1990,27,0.230876145667642,0,1.33853234967814,0,13.5392409272265,387.54835803973,388.349891731019,20,0.1,1.5
1990,26,0.230876145667642,0,1.33585782666497,0,13.5124956970948,401.060853736825,401.862387428114,20,0.1,1.5
1990,25,0.230876145667642,0,1.33318864761928,0,13.4858039066379,414.546657643463,415.348191334752,20,0.1,1.5
1990,24,0.230876145667642,0,1.33052480186328,0,13.4591654490779,428.005823092541,428.80735678383,20,0.1,1.5
1990,23,0.230876145667642,0,1.32786627874053,0,13.4325802178504,441.438403310391,442.23993700168,20,0.1,1.5
1990,22,0.230876145667642,0,1.32521306761585,0,13.4060481066036,454.844451416995,455.645985108284,20,0.1,1.5
1990,21,0.230876145667642,0,1.32256515787535,0,13.3795690091986,468.224020426193,469.025554117482,20,0.1,1.5
1990,20,0.230876145667642,0,1.31992253892631,0,13.3531428197082,481.577163245902,482.37869693719,20,0.1,1.5
1990,19,0.230876145667642,0,1.31728520019721,0,13.3267694324172,494.903932678319,495.705466369608,20,0.1,1.5
1990,18,0.230876145667642,0,1.31465313113763,0,13.3004487418214,508.20438142014,509.005915111429,20,0.1,1.5
1990,17,0.230876145667642,0,1.31202632121824,0,13.2741806426275,521.478562062768,522.280095754057,20,0.1,1.5
1990,16,0.230876145667642,0,1.30940475993074,0,13.2479650297525,534.72652709252,535.528060783809,20,0.1,1.5
1990,15,0.230876145667642,0,1.30678843678783,0,13.2218017983234,547.948328890844,548.749862582132,20,0.1,1.5
1990,14,0.230876145667642,0,1.30417734132318,0,13.1956908436769,561.14401973452,561.945553425809,20,0.1,1.5
1990,13,0.230876145667642,0,1.30157146309135,0,13.1696320613586,574.313651795879,575.115185487168,20,0.1,1.5
1990,12,0.230876145667642,0,1.29897079166779,0,13.143625347123,587.457277143002,588.258810834291,20,0.1,1.5
1990,11,0.230876145667642,0,1.29637531664876,0,13.1176705969327,600.574947739935,601.376481431224,20,0.1,1.5
1990,10,0.230876145667642,0,1.29378502765133,0,13.0917677069584,613.666715446893,614.468249138182,20,0.1,1.5
1990,9,0.230876145667642,0,1.29119991431329,0,13.065916573578,626.732632020471,627.53416571176,20,0.1,1.5
1990,8,0.230876145667642,0,1.28861996629316,0,13.0401170933767,639.772749113848,640.574282805137,20,0.1,1.5
1990,7,0.230876145667642,0,1.2860451732701,0,13.0143691631461,652.787118276994,653.588651968283,20,0.1,1.5
1990,6,0.230876145667642,0,1.28347552494392,0,12.9886726798843,665.775790956878,666.577324648167,20,0.1,1.5
1990,5,0.230876145667642,0,1.28091101103499,0,12.963027540795,678.738818497673,679.540352188962,20,0.1,1.5
1990,4,0.230876145667642,0,1.27835162128423,0,12.9374336432873,691.67625214096,692.47778583225,20,0.1,1.5
1990,3,0.230876145667642,0,1.27579734545304,0,12.9118908849755,704.588143025936,705.389676717225,20,0.1,1.5
1990,2,0.0115438072833821,0,0.000542103898406108,0,0.0131169105063158,704.601259936442,705.402793627731,1,0.1,1.5
1990,1,150,0,1.288040067819,0,112.88040067819,817.481660614632,818.283194305921,99999,0.1,1.5
1991,116,9.13096760748181e-05,0.0247532463486377,0.0247532463486377,0,0.495125800090137,0,0,1,0.1,1.5
1991,115,9.08799205917309e-05,0.000247619362488651,0.0247594600552402,0.000731515588592042,0.260581603485188,0.250131380791016,0.260581603485188,1,0.1,1.5
1991,114,9.09181511776128e-05,0.000185323019893453,0.0250360575351375,0.000732740029598732,0.262742132359648,0.502405798442111,0.523323735844836,1,0.1,1.5
1991,113,9.13426677909883e-05,0.000185396839706864,0.0253684429231849,0.000737236521189732,0.266131243043489,0.75800509118289,0.789454978888325,1,0.1,1.5
1991,112,9.20091095629163e-05,0.000186786936696776,0.0257413219204558,0.000742728278254311,0.269952831952962,1.01734751916079,1.05940781084129,1,0.1,1.5
1991,111,9.28453480993618e-05,0.000187979309481456,0.0260919470836048,0.000747357629188401,0.27353769838943,1.28020867999039,1.33294550923072,1,0.1,1.5
1991,110,9.35740399939811e-05,0.000189647338987604,0.0265168385058482,0.000753872763767195,0.277896852052647,1.54733592113207,1.61084236128336,1,0.1,1.5
1991,109,9.46190478656791e-05,0.000193079824383282,0.0272006529522827,0.000767395487692748,0.284963199813229,1.82133632826398,1.89580556109659,1,0.1,1.5
1991,108,9.68099325605506e-05,0.000198368393696372,0.0281647024020054,0.000788285096056116,0.294956463570003,2.10503157617604,2.1907620246666,1,0.1,1.5
1991,107,0.000100297303143751,0.000205583619737187,0.0294287974487537,0.000816816456502388,0.308079482075134,2.40144225172971,2.49884150674173,1,0.1,1.5
1991,106,0.000105278796428683,0.000214744658522881,0.0310070403009538,0.000853059322041573,0.324474597202504,2.71373028718876,2.82331610394423,1,0.1,1.5
1991,105,0.00011200539294908,0.000225790560727961,0.032903676532611,0.000896764414435355,0.344180261401575,3.04509962838411,3.16749636534581,1,0.1,1.5
1991,104,0.000120785541874898,0.000238547607360099,0.0351080431866939,0.000947233911560383,0.367078344657415,3.39864606001924,3.53457471000322,1,0.1,1.5
1991,103,0.00013198617346202,0.000252690944725095,0.0375881599214415,0.00100316959565715,0.392827493667648,3.77714255946321,3.92740220367087,1,0.1,1.5
1991,102,0.000146022023884342,0.000267721556276689,0.040285853501611,0.00106258230055351,0.420812845745564,4.18277565805801,4.34821504941644,1,0.1,1.5
1991,101,0.000163340102769242,0.000282936018983232,0.0431098990253687,0.00112267318879033,0.450075432256656,4.61681290190338,4.79829048167309,1,0.1,1.5
1991,100,0.000184356430157904,0.000297499612240599,0.0459439872942801,0.00118012557340797,0.47939671011495,5.07935067525536,5.27768719178804,1,0.1,1.5
1991,99,0.000209462986364965,0.000310373818326504,0.0486318425386485,0.00123081922746855,0.507144937381639,5.56891248081602,5.78483212916968,1,0.1,1.5
1991,98,0.00023869867776749,0.000321103567170481,0.0510982095442327,0.00127295339600414,0.532537312080221,6.08326474438189,6.3173694412499,1,0.1,1.5
1991,97,0.000273545078180885,0.000328734769493005,0.0531786091665006,0.00130275414676182,0.553866576270559,6.61852054712728,6.87123601752046,1,0.1,1.5
1991,96,0.000315752856364506,0.000331676213776927,0.0545862926972788,0.00131393234151262,0.568160653036409,7.16791073814208,7.43939667055687,1,0.1,1.5
1991,95,0.00036499349100484,0.000329994563236532,0.0552863372565481,0.00130677672880937,0.57507488617484,7.72431738533393,8.01447155673171,1,0.1,1.5
1991,94,0.000419058236425454,0.000327673689656482,0.0559134307920567,0.00129708088876181,0.58122014395706,8.28700780230868,8.59569170068877,1,0.1,1.5
1991,93,0.000482448475944876,0.000325075097560984,0.0565255160368001,0.00128627807886974,0.587202944787618,8.85583534596959,9.18289464547639,1,0.1,1.5
1991,92,0.00060299185065275,0.000322215664267052,0.0571215705363263,0.00127443597916179,0.593046084846776,9.43067520254263,9.77594073032316,1,0.1,1.5
1991,91,0.000790773523234668,0.000319103544362016,0.057701686013516,0.00126158768260762,0.598757759107712,10.0114102804702,10.3746984894309,1,0.1,1.5
1991,90,0.0010414617850305,0.000315742509252598,0.0582661526866114,0.00124774892679095,0.604338244483769,10.5979235402856,10.9790367339146,1,0.1,1.5
1991,89,0.00134841444488856,0.000312137482681784,0.0588156115081655,0.00123294000049536,0.609789861450237,11.1900999731573,11.5888265953649,1,0.1,1.5
1991,88,0.00170280607384191,0.000308294305697896,0.0593510270323349,0.00121718480303685,0.615116771758654,11.7878283905868,12.2039433671235,1,0.1,1.5
1991,87,0.00209388679772291,0.000304202633418613,0.0598702831984312,0.00120044335682161,0.62028997366205,12.3909691734372,12.8242333407856,1,0.1,1.5
1991,86,0.00252911276352324,0.000299855820706183,0.0603704473621145,0.00118269041841824,0.625284684409864,12.999358280441,13.4495180251955,1,0.1,1.5
1991,85,0.00302291307004381,0.000295265904304853,0.0608517073420375,0.00116397449194067,0.630113214871176,13.6128432882845,14.0796312400666,1,0.1,1.5
1991,84,0.00357226601493947,0.000290438885623077,0.0613142350398766,0.00114432023704335,0.634775681889386,14.2312715382161,14.714406921956,1,0.1,1.5
1991,83,0.00417217271569693,0.000285381804281013,0.0617585318676775,0.0011237563922473,0.639274247943106,14.8544921234128,15.3536811698991,1,0.1,1.5
1991,82,0.00481565734026768,0.000280102624851341,0.0621854363803748,0.00110231531498668,0.643613189921773,15.4823579516919,15.9972943598209,1,0.1,1.5
1991,81,0.00549378725136755,0.000274610039426238,0.062596113111062,0.00108003219067812,0.647798787634528,16.1147277080311,16.6450931474554,1,0.1,1.5
1991,80,0.00617346163419549,0.000268904730974072,0.0629914795118638,0.00105691068922302,0.651818207649599,16.7514471915489,17.296911355105,1,0.1,1.5
1991,79,0.00684460455639497,0.000262998008464796,0.0633733200322662,0.00103299626588529,0.655683339624221,17.3923734416605,17.9525946947292,1,0.1,1.5
1991,78,0.00751361466098227,0.000256907816864882,0.0637441535401395,0.00100836033452319,0.659424837646745,18.0373931316712,18.612019532376,1,0.1,1.5
1991,77,0.00816621169751122,0.000250644154335427,0.0641062442040734,0.000983042962147765,0.663056495603588,18.686406156387,19.2750760279796,1,0.1,1.5
1991,76,0.0087871703769529,0.000244216514803613,0.0644619828811056,0.000957082149784314,0.666592709683503,19.3393262639307,19.9416687376631,1,0.1,1.5
1991,75,0.00936087758225378,0.000237613234365958,0.0648080811461591,0.00093043299054374,0.669989428724997,19.9960237927908,20.6116581663881,1,0.1,1.5
1991,74,0.00990134123530219,0.000230829909150788,0.0651405921922882,0.000903079234823792,0.673216247097312,20.656338907962,21.2848744134854,1,0.1,1.5
1991,73,0.0104302392195847,0.000223883185836563,0.0654608124332036,0.000875087051885324,0.67630169260182,21.3201393569655,21.9611761060872,1,0.1,1.5
1991,72,0.010943330463636,0.00021678009198785,0.0657692689066694,0.000846484864184188,0.679248684545913,21.9872954005945,22.6404247906331,1,0.1,1.5
1991,71,0.0114363299740136,0.000209527642800755,0.0660665188110969,0.00081730101154049,0.682060413257945,22.6576800851161,23.3224852038911,1,0.1,1.5
1991,70,0.0119049406274879,0.000202132802918144,0.0663531431461974,0.000787563599827364,0.68474029514511,23.3311694716923,24.0072254990362,1,0.1,1.5
1991,69,0.0123448861905648,0.000194602450208168,0.0666297396144822,0.000757300357898479,0.687291921315353,24.0076428164662,24.6945174203515,1,0.1,1.5
1991,68,0.0127519454795913,0.000186943343114177,0.0668969151171512,0.000726538509069712,0.689719003147186,24.6869826980553,25.3842364234987,1,0.1,1.5
1991,67,0.0131219875903563,0.000179162092044288,0.0671552778789322,0.000695304658980613,0.692025315136392,25.3690750894919,26.0762617386351,1,0.1,1.5
1991,66,0.0134510081719988,0.000171265137038679,0.067405429976172,0.000663624708523151,0.694214642892341,26.0538093794054,26.7704763815274,1,0.1,1.5
1991,65,0.0137351630507112,0.000163258718729997,0.0676479551016319,0.000631523741557216,0.696290681307292,26.7410782929761,27.4667670628347,1,0.1,1.5
1991,64,0.0139708242108946,0.000155147976039789,0.0678830021488709,0.000599022545732476,0.698252848995405,27.4307736770325,28.1650199118301,1,0.1,1.5
1991,63,0.0141566193856268,0.000146937623263001,0.0681103240004057,0.000566140265593964,0.700098080573686,28.1227840395263,28.8651179924038,1,0.1,1.5
1991,62,0.0142935557971787,0.000138633345760684,0.0683298942398752,0.00053289978882258,0.701827167180515,28.8169983525808,29.5669451595843,1,0.1,1.5
1991,61,0.0143819976631218,0.000130240600322123,0.0685416068023979,0.000499323104617914,0.703439659678109,29.51330482505,30.2703848192624,1,0.1,1.5
1991,60,0.014422593205688,0.000121764873848301,0.0687453139197418,0.000465432306751628,0.704934883026621,30.2115906751231,30.9753197022891,1,0.1,1.5
1991,59,0.0144162531860736,0.000113211700183052,0.0689408287841004,0.000431249660004104,0.706311949728847,30.9117419154233,31.6816316520179,1,0.1,1.5
1991,58,0.014364130186679,0.000104586679151596,0.0691279304742922,0.000396797674670134,0.707569796535131,31.6136431737489,32.389201448553,1,0.1,1.5
1991,57,0.0142675880575216,9.58954949207162e-05,0.0693063714655925,0.00036209917774595,0.708707240373184,32.3171775687257,33.0979086889262,1,0.1,1.5
1991,56,0.0141281581999049,8.71430416718201e-05,0.0694751297457081,0.000327174042451659,0.709715414899236,33.0222190687327,33.8076241038255,1,0.1,1.5
1991,55,0.0139511180168428,7.83413958321463e-05,0.0696392335247742,0.000292068943032777,0.710648908022522,33.7286955632834,34.518273011848,1,0.1,1.5
1991,54,0.0137134382863921,6.98519904204364e-05,0.0701895902350168,0.000258113482203205,0.715424049905346,34.4404322777287,35.2336970617533,1,0.1,1.5
1991,53,0.0115438072833821,6.06448363885352e-05,0.0701954463749839,0.000221503796556869,0.713421123586791,35.1506890613646,35.9471181853401,1,0.1,1.5
1991,52,0.230876145667642,0.000174942693996839,1.25820129847101,0.000578275308014351,12.745940917924,47.8883689034598,48.6930591032641,20,0.1,1.5
1991,51,0.230876145667642,4.98945343336917e-44,1.06605726441095,0,10.8144900745546,58.7028589780144,59.5075491778187,20,0.1,1.5
1991,50,0.230876145667642,5.40973240719204e-74,1.18184939417943,0,11.9724113722394,70.6752703502538,71.4799605500581,20,0.1,1.5
1991,49,0.230876145667642,7.75843450946569e-108,1.3028303370763,0,13.1822208012081,83.8574911514619,84.6621813512662,20,0.1,1.5
1991,48,0.230876145667642,4.03362672442074e-130,1.38913624933442,0,14.0452799237893,97.9027710752511,98.7074612750554,20,0.1,1.5
1991,47,0.230876145667642,3.56754758476515e-132,1.39302236148863,0,14.0841410453314,111.986912120583,112.791602320387,20,0.1,1.5
1991,46,0.230876145667642,3.5675475847652e-172,1.39023896192077,0,14.0563070496528,126.043219170235,126.84790937004,20,0.1,1.5
1991,45,0.230876145667642,3.56754758476524e-212,1.38746112386676,0,14.0285286691127,140.071747839348,140.876438039152,20,0.1,1.5
1991,44,0.230876145667642,3.56754758476529e-252,1.38468883621413,0,14.0008057925863,154.072553631934,154.877243831739,20,0.1,1.5
1991,43,0.230876145667642,3.56754758476533e-292,1.38192208787261,0,13.9731383091712,168.045691941106,168.85038214091,20,0.1,1.5
1991,42,0.230876145667642,0,1.37916086777411,0,13.9455261081862,181.991218049292,182.795908249096,20,0.1,1.5
1991,41,0.230876145667642,0,1.37640516487264,0,13.9179690791715,195.909187128463,196.713877328268,20,0.1,1.5
1991,40,0.230876145667642,0,1.37365496814427,0,13.8904671118878,209.799654240351,210.604344440155,20,0.1,1.5
1991,39,0.230876145667642,0,1.37091026658712,0,13.8630200963163,223.662674336667,224.467364536472,20,0.1,1.5
1991,38,0.230876145667642,0,1.36817104922128,0,13.8356279226579,237.498302259325,238.302992459129,20,0.1,1.5
1991,37,0.230876145667642,0,1.36543730508878,0,13.8082904813329,251.306592740658,252.111282940462,20,0.1,1.5
1991,36,0.230876145667642,0,1.36270902325354,0,13.7810076629805,265.087600403639,265.892290603443,20,0.1,1.5
1991,35,0.230876145667642,0,1.35998619280135,0,13.7537793584586,278.841379762097,279.646069961902,20,0.1,1.5
1991,34,0.230876145667642,0,1.35726880283979,0,13.726605458843,292.56798522094,293.372675420744,20,0.1,1.5
1991,33,0.230876145667642,0,1.35455684249821,0,13.6994858554272,306.267471076367,307.072161276172,20,0.1,1.5
1991,32,0.230876145667642,0,1.35185030092767,0,13.6724204397218,319.939891516089,320.744581715893,20,0.1,1.5
1991,31,0.230876145667642,0,1.34914916730094,0,13.6454091034544,333.585300619544,334.389990819348,20,0.1,1.5
1991,30,0.230876145667642,0,1.34645343081237,0,13.6184517385688,347.203752358113,348.008442557917,20,0.1,1.5
1991,29,0.230876145667642,0,1.34376308067796,0,13.5915482372247,360.795300595337,361.599990795141,20,0.1,1.5
1991,28,0.230876145667642,0,1.34107810613522,0,13.5646984917973,374.359999087135,375.164689286939,20,0.1,1.5
1991,27,0.230876145667642,0,1.33839849644317,0,13.5379023948768,387.897901482012,388.702591681816,20,0.1,1.5
1991,26,0.230876145667642,0,1.33572424088231,0,13.5111598392682,401.40906132128,402.213751521084,20,0.1,1.5
1991,25,0.230876145667642,0,1.33305532875452,0,13.4844707179903,414.89353203927,415.698222239074,20,0.1,1.5
1991,24,0.230876145667642,0,1.3303917493831,0,13.4578349242761,428.351366963546,429.15605716335,20,0.1,1.5
1991,23,0.230876145667642,0,1.32773349211265,0,13.4312523515716,441.782619315118,442.587309514922,20,0.1,1.5
1991,22,0.230876145667642,0,1.32508054630909,0,13.404722893536,455.187342208654,455.992032408458,20,0.1,1.5
1991,21,0.230876145667642,0,1.32243290135956,0,13.3782464440407,468.565588652695,469.370278852499,20,0.1,1.5
1991,20,0.230876145667642,0,1.31979054667242,0,13.3518228971693,481.917411549864,482.722101749668,20,0.1,1.5
1991,19,0.230876145667642,0,1.31715347167719,0,13.325452147217,495.242863697081,496.047553896885,20,0.1,1.5
1991,18,0.230876145667642,0,1.31452166582452,0,13.2991340886903,508.541997785771,509.346687985575,20,0.1,1.5
1991,17,0.230876145667642,0,1.31189511858612,0,13.2728686163063,521.814866402077,522.619556601881,20,0.1,1.5
1991,16,0.230876145667642,0,1.30927381945474,0,13.2466556249925,535.06152202707,535.866212226874,20,0.1,1.5
1991,15,0.230876145667642,0,1.30665775794415,0,13.2204950098866,548.282017036957,549.086707236761,20,0.1,1.5
1991,14,0.230876145667642,0,1.30404692358905,0,13.1943866663356,561.476403703292,562.281093903096,20,0.1,1.5
1991,13,0.230876145667642,0,1.30144130594505,0,13.1683304898955,574.644734193188,575.449424392992,20,0.1,1.5
1991,12,0.230876145667642,0,1.29884089458862,0,13.1423263763313,587.787060569519,588.591750769323,20,0.1,1.5
1991,11,0.230876145667642,0,1.2962456791171,0,13.1163742216161,600.903434791135,601.708124990939,20,0.1,1.5
1991,10,0.230876145667642,0,1.29365564914856,0,13.0904739219307,613.993908713066,614.79859891287,20,0.1,1.5
1991,9,0.230876145667642,0,1.29107079432186,0,13.0646253736637,627.058534086729,627.863224286533,20,0.1,1.5
1991,8,0.230876145667642,0,1.28849110429653,0,13.0388284734104,640.09736256014,640.902052759944,20,0.1,1.5
1991,7,0.230876145667642,0,1.28591656875278,0,13.0130831179729,653.110445678112,653.915135877917,20,0.1,1.5
1991,6,0.230876145667642,0,1.28334717739143,0,12.9873892043594,666.097834882472,666.902525082276,20,0.1,1.5
1991,5,0.230876145667642,0,1.28078291993389,0,12.961746629784,679.059581512256,679.86427171206,20,0.1,1.5
1991,4,0.230876145667642,0,1.2782237861221,0,12.9361552916661,691.995736803922,692.800427003726,20,0.1,1.5
1991,3,0.230876145667642,0,1.27566976571849,0,12.91061508763,704.906351891552,705.711042091356,20,0.1,1.5
1991,2,0.0115438072833821,0,0.000542049688016267,0,0.0131163684024174,704.919468259954,705.724158459759,1,0.1,1.5
1991,1,150,0,1.28791126381221,0,112.879112638122,817.798580898076,818.603271097881,99999,0.1,1.5
1992,117,9.22954497642281e-05,0.0248507267586617,0.0248507267586617,0,0.497076065473076,0,0,1,0.1,1.5
1992,116,9.13096760748181e-05,0.000247532463486377,0.0247507710240028,0.000738065365839628,0.260587698932841,0.250043907992275,0.260587698932841,1,0.1,1.5
1992,115,9.08799205917309e-05,0.000185355090772897,0.0249398630063827,0.000736747082399788,0.261837725905281,0.501356675577559,0.522425424838122,1,0.1,1.5
1992,114,9.09181511776128e-05,0.000185038237598617,0.0252167389367837,0.000739698489584023,0.26464550512438,0.755435059422167,0.787070929962502,1,0.1,1.5
1992,113,9.13426677909883e-05,0.000186163098694502,0.02555021520919,0.000744157650917896,0.268055501775247,1.01285973761287,1.05512643173775,1,0.1,1.5
1992,112,9.20091095629163e-05,0.000187549938930546,0.0259244298578273,0.000749586933612714,0.27188952213985,1.27404087498683,1.3270159538776,1,0.1,1.5
1992,111,9.28453480993618e-05,0.000188719200391915,0.0262761772961936,0.000754141502601285,0.275484311901749,1.53875173685141,1.60250026577935,1,0.1,1.5
1992,110,9.35740399939811e-05,0.000190364664331675,0.0267026550129394,0.000760594770737882,0.27985821904801,1.80774431631745,1.88235848482736,1,0.1,1.5
1992,109,9.46190478656791e-05,0.00019377967016702,0.0273897817589107,0.000774111578517251,0.286957430491981,2.08364300997347,2.16931591531934,1,0.1,1.5
1992,108,9.68099325605506e-05,0.000199054957950993,0.0283589572057792,0.000795049283087914,0.297002508493599,2.36928767156582,2.46631842381294,1,0.1,1.5
1992,107,0.000100297303143751,0.000206259950322969,0.0296300586831344,0.000823679328943303,0.310196898759669,2.66771772276915,2.77651532257261,1,0.1,1.5
1992,106,0.000105278796428683,0.000215412277095622,0.0312172044274341,0.000860065469719833,0.326683002477009,2.98211407567874,3.10319832504962,1,0.1,1.5
1992,105,0.00011200539294908,0.000226449009216118,0.0331245772685666,0.000903948965836432,0.346498489694599,3.31569900871853,3.44969681474422,1,0.1,1.5
1992,104,0.000120785541874898,0.000239193953963697,0.0353413408602653,0.000954618263456259,0.369523275600535,3.6715848805554,3.81922009034475,1,0.1,1.5
1992,103,0.00013198617346202,0.000253319308361539,0.0378351935043637,0.00101075646879438,0.395412497035194,4.05255799946496,4.21463258737994,1,0.1,1.5
1992,102,0.000146022023884342,0.000268322790701145,0.0405474704913992,0.00107035101213502,0.423546009581712,4.46081328030189,4.63817859696166,1,0.1,1.5
1992,101,0.000163340102769242,0.000283497657387414,0.0433862563326637,0.00113057541971497,0.452957510726857,4.89761971360425,5.09113610768851,1,0.1,1.5
1992,100,0.000184356430157904,0.000298006389474398,0.0462344242889026,0.00118808498175052,0.482419853666978,5.36306692467479,5.57355596135549,1,0.1,1.5
1992,99,0.000209462986364965,0.000310808545050403,0.0489346841612618,0.00123873110171606,0.510290727649975,5.85566149372882,6.08384668900547,1,0.1,1.5
1992,98,0.00023869867776749,0.000321449384672741,0.0514113380722793,0.00128070552792003,0.535782800277366,6.37314850075019,6.61962948928283,1,0.1,1.5
1992,97,0.000273545078180885,0.000328975884385386,0.0534989798422744,0.00131022008338076,0.557179350414634,6.91161042140224,7.17680883969747,1,0.1,1.5
1992,96,0.000315752856364506,0.000331799847515925,0.0549093171533872,0.00132096697007789,0.571492628628672,7.46423209331551,7.74830146832614,1,0.1,1.5
1992,95,0.00036499349100484,0.000329994127834707,0.0556075028050248,0.00131326206051402,0.57837918490137,8.02385039163811,8.32668065322751,1,0.1,1.5
1992,94,0.000419058236425454,0.000327546959087018,0.056232109671168,0.00130299542379745,0.58449015880013,8.58972633009828,8.91117081202764,1,0.1,1.5
1992,93,0.000482448475944876,0.000324820270693044,0.0568414330049138,0.00129160920526861,0.590435725148631,9.16171049517164,9.50160653717627,1,0.1,1.5
1992,92,0.00060299185065275,0.000321831151433118,0.0574344673740632,0.00127917230849466,0.596238869943417,9.73967547499371,10.0978454071197,1,0.1,1.5
1992,91,0.000790773523234668,0.000318587956095524,0.0580113127655666,0.00126571883097199,0.601907887150758,10.3235016645592,10.6997532942704,1,0.1,1.5
1992,90,0.0010414617850305,0.000315094656790264,0.0585722633030405,0.00125126542984421,0.60744310788134,10.9130695520141,11.3071964021518,1,0.1,1.5
1992,89,0.00134841444488856,0.000311356374950657,0.0591179649471386,0.00123583332259887,0.612846917935563,11.5082617081983,11.9200433200874,1,0.1,1.5
1992,88,0.00170280607384191,0.000307379143816191,0.0596493881303909,0.00121944733145967,0.618123552955009,12.1089645849896,12.5381668730424,1,0.1,1.5
1992,87,0.00209388679772291,0.000303152865539589,0.0601644070093167,0.00120206831004202,0.62324392770955,12.71503610827,13.1614108007519,1,0.1,1.5
1992,86,0.00252911276352324,0.000298671162811622,0.0606600829219829,0.00118367200352713,0.628183216074015,13.3263097242936,13.7895940168259,1,0.1,1.5
1992,85,0.00302291307004381,0.000293946282028216,0.0611366157942885,0.00116430802909105,0.632953867987354,13.9426306204368,14.4225478848133,1,0.1,1.5
1992,84,0.00357226601493947,0.000288984448117069,0.0615941836756335,0.00114400209715798,0.637556079016389,14.5638438123509,15.0601039638297,1,0.1,1.5
1992,83,0.00417217271569693,0.000283792916104636,0.0620332951125526,0.00112278398248064,0.641992099941998,15.1897961411146,15.7020960637717,1,0.1,1.5
1992,82,0.00481565734026768,0.000278379854995183,0.0624547966654834,0.00110068705014966,0.646266304148055,15.8203383445463,16.3483623679197,1,0.1,1.5
1992,81,0.00549378725136755,0.000272754148063793,0.0628598615474204,0.00107774745144187,0.650385073952542,16.4553270263354,16.9987474418723,1,0.1,1.5
1992,80,0.00617346163419549,0.000266916719615495,0.0632494080362184,0.00105396987113598,0.654335601092602,17.0946059149832,17.6530830429649,1,0.1,1.5
1992,79,0.00684460455639497,0.000260879046555971,0.0636252317667343,0.00102940068291547,0.658129901878816,17.7380300928203,18.3112129448437,1,0.1,1.5
1992,78,0.00751361466098227,0.000254659161799447,0.0639898692084163,0.00100411201763994,0.661798817537669,18.3854844529631,18.9730117623813,1,0.1,1.5
1992,77,0.00816621169751122,0.000248267182080295,0.06434559432019,0.000978144629337398,0.665356250859197,19.0368672091175,19.6383680132405,1,0.1,1.5
1992,76,0.0087871703769529,0.000241712702594115,0.0646948072202635,0.000951537123945116,0.668816700298142,19.6920905219307,20.3071847135387,1,0.1,1.5
1992,75,0.00936087758225378,0.000234984379979595,0.0650342085856804,0.000924245688504386,0.672136024547213,20.3510230366422,20.9793207380859,1,0.1,1.5
1992,74,0.00990134123530219,0.000228078107797456,0.0653598479417749,0.000896255212134307,0.675283800540225,21.0135031912948,21.6546045386261,1,0.1,1.5
1992,73,0.0104302392195847,0.000221010594829697,0.0656730381149316,0.000867632443314338,0.678288729100874,21.6793971712054,22.332893267727,1,0.1,1.5
1992,72,0.010943330463636,0.000213789016965925,0.0659743131958248,0.000838406550079861,0.681153812200043,22.3485737469758,23.014047079927,1,0.1,1.5
1992,71,0.0114363299740136,0.00020642052931313,0.0662642374121009,0.0008086065818397,0.683882321994526,23.0209045463726,23.6979294019216,1,0.1,1.5
1992,70,0.0119049406274879,0.000198912227986022,0.0665433987318396,0.000778261317275807,0.686477755501474,23.6962642830558,24.384407157423,1,0.1,1.5
1992,69,0.0123448861905648,0.000191271113976702,0.0668124017299954,0.000747399121001292,0.688943782866782,24.3745309356226,25.0733509402898,1,0.1,1.5
1992,68,0.0127519454795913,0.00018350406069857,0.0670718600529069,0.000716047815263425,0.691284192626212,25.055585873745,25.764635132916,1,0.1,1.5
1992,67,0.0131219875903563,0.000175617785665596,0.0673223885158895,0.000684234568503368,0.693502834292503,25.7393139284875,26.4581379672085,1,0.1,1.5
1992,66,0.0134510081719988,0.000167618828501175,0.0675645956103051,0.000651985809314567,0.695603566159604,26.4256034116569,27.1537415333681,1,0.1,1.5
1992,65,0.0137351630507112,0.000159513522576604,0.0677990712415111,0.000619327116438162,0.697590153242848,27.1143460346649,27.851331686611,1,0.1,1.5
1992,64,0.0139708242108946,0.000151307116193517,0.0680259694850891,0.000586279818452418,0.699462074797981,27.805432683485,28.550793761409,1,0.1,1.5
1992,63,0.0141566193856268,0.000143004442631121,0.0682450480344042,0.000552863631064075,0.701216322899782,28.4987509545124,29.2520100843088,1,0.1,1.5
1992,62,0.0142935557971787,0.000134611280663252,0.0684562861976569,0.000519101926183325,0.70285375378394,29.1941889664938,29.9548638380927,1,0.1,1.5
1992,61,0.0143819976631218,0.0001261331821577,0.0686595834178721,0.000485017178816017,0.704373981282609,29.8916341309361,30.6592378193753,1,0.1,1.5
1992,60,0.014422593205688,0.00011757572542639,0.0688547974650377,0.000450631953268444,0.705776393374173,30.5909729249779,31.3650142127495,1,0.1,1.5
1992,59,0.0144162531860736,0.000108944532002856,0.069041747116223,0.000415968969714575,0.707060165792707,31.2920906769175,32.0720743785422,1,0.1,1.5
1992,58,0.014364130186679,0.000100245285459049,0.0692202170999123,0.000381051178181638,0.708224298904571,31.9948713875624,32.7802986774468,1,0.1,1.5
1992,57,0.0142675880575216,9.14837493856948e-05,0.0693899656228824,0.000345901828561855,0.709267673788103,32.6991976066567,33.4895663512349,1,0.1,1.5
1992,56,0.0141281581999049,8.26649410296329e-05,0.0695499757433464,0.000310541379419535,0.71018148439731,33.4049427856338,34.1997478356322,1,0.1,1.5
1992,55,0.0139511180168428,7.38006497165158e-05,0.0697052868371799,0.000275015551150771,0.711020413801394,34.1120344058473,34.9107682494336,1,0.1,1.5
1992,54,0.0137134382863921,6.52268904550057e-05,0.0702470996465441,0.000240557032979034,0.715702086603477,34.8242999634082,35.626470336037,1,0.1,1.5
1992,53,0.0115438072833821,5.59823975031026e-05,0.0702438027794856,0.000203622975773489,0.713602622946049,35.5349936867004,36.3400729589831,1,0.1,1.5
1992,52,0.230876145667642,0.000146318253943556,1.25822004716817,0.000475787185487629,12.7443780444589,48.2725747713666,49.084451003442,20,0.1,1.5
1992,51,0.230876145667642,4.98945343336918e-46,1.06595065868451,0,10.8134240172902,59.0859987886567,59.8978750207322,20,0.1,1.5
1992,50,0.230876145667642,5.40973240719204e-76,1.18173120924001,0,11.9712295228452,71.057228311502,71.8691045435774,20,0.1,1.5
1992,49,0.230876145667642,7.75843450946569e-110,1.30270005404259,0,13.180917970871,84.238146282373,85.0500225144484,20,0.1,1.5
1992,48,0.230876145667642,4.03362672442074e-132,1.38899733570948,0,14.0438907875399,98.2820370699129,99.0939133019883,20,0.1,1.5
1992,47,0.230876145667642,3.56754758476515e-134,1.39288305925248,0,14.0827480229699,112.364785092883,113.176661324958,20,0.1,1.5
1992,46,0.230876145667642,3.5675475847652e-174,1.39009993802458,0,14.0549168106909,126.419701903574,127.231578135649,20,0.1,1.5
1992,45,0.230876145667642,3.56754758476524e-214,1.38732237775437,0,14.0271412079888,140.446843111562,141.258719343638,20,0.1,1.5
1992,44,0.230876145667642,3.56754758476529e-254,1.3845503673305,0,13.9994211037501,154.446264215313,155.258140447388,20,0.1,1.5
1992,43,0.230876145667642,3.56754758476533e-294,1.38178389566382,0,13.9717563870833,168.418020602396,169.229896834471,20,0.1,1.5
1992,42,0.230876145667642,0,1.37902295168733,0,13.9441469473184,182.362167549714,183.17404378179,20,0.1,1.5
1992,41,0.230876145667642,0,1.37626752435615,0,13.9165926740066,196.278760223721,197.090636455796,20,0.1,1.5
1992,40,0.230876145667642,0,1.37351760264746,0,13.8890934569197,210.167853680641,210.979729912716,20,0.1,1.5
1992,39,0.230876145667642,0,1.37077317556046,0,13.8616491860497,224.02950286669,224.841379098766,20,0.1,1.5
1992,38,0.230876145667642,0,1.36803423211636,0,13.8342597516087,237.863762618299,238.675638850374,20,0.1,1.5
1992,37,0.230876145667642,0,1.36530076135827,0,13.8069250440278,251.670687662327,252.482563894402,20,0.1,1.5
1992,36,0.230876145667642,0,1.36257275235122,0,13.7796449539573,265.450332616284,266.262208848359,20,0.1,1.5
1992,35,0.230876145667642,0,1.35985019418207,0,13.7524193722658,279.20275198855,280.014628220625,20,0.1,1.5
1992,34,0.230876145667642,0,1.35713307595951,0,13.7252481900402,292.92800017859,293.739876410665,20,0.1,1.5
1992,33,0.230876145667642,0,1.35442138681396,0,13.6981312985847,306.626131477175,307.43800770925,20,0.1,1.5
1992,32,0.230876145667642,0,1.35171511589758,0,13.6710685894209,320.297200066596,321.109076298671,20,0.1,1.5
1992,31,0.230876145667642,0,1.3490142523842,0,13.6440599542871,333.941260020883,334.753136252958,20,0.1,1.5
1992,30,0.230876145667642,0,1.34631878546929,0,13.617105285138,347.558365306021,348.370241538096,20,0.1,1.5
1992,29,0.230876145667642,0,1.3436287043699,0,13.5902044741441,361.148569780165,361.96044601224,20,0.1,1.5
1992,28,0.230876145667642,0,1.34094399832461,0,13.5633574136912,374.711927193856,375.523803425931,20,0.1,1.5
1992,27,0.230876145667642,0,1.33826465659353,0,13.5365639963804,388.248491190237,389.060367422312,20,0.1,1.5
1992,26,0.230876145667642,0,1.33559066845822,0,13.5098241150273,401.758315305264,402.570191537339,20,0.1,1.5
1992,25,0.230876145667642,0,1.33292202322164,0,13.4831376626615,415.241452967926,416.053329200001,20,0.1,1.5
1992,24,0.230876145667642,0,1.33025871020816,0,13.4565045325267,428.697957500452,429.509833732527,20,0.1,1.5
1992,23,0.230876145667642,0,1.32760071876344,0,13.4299246180795,442.127882118532,442.939758350607,20,0.1,1.5
1992,22,0.230876145667642,0,1.32494803825446,0,13.4033978129897,455.531279931522,456.343156163596,20,0.1,1.5
1992,21,0.230876145667642,0,1.32230065806942,0,13.3769240111393,468.908203942661,469.720080174736,20,0.1,1.5
1992,20,0.230876145667642,0,1.31965856761775,0,13.3505031066226,482.258707049284,483.070583281358,20,0.1,1.5
1992,19,0.230876145667642,0,1.31702175633003,0,13.3241349937454,495.582842043029,496.394718275104,20,0.1,1.5
1992,18,0.230876145667642,0,1.31439021365794,0,13.2978195670245,508.880661610053,509.692537842128,20,0.1,1.5
1992,17,0.230876145667642,0,1.31176392907426,0,13.2715567211877,522.152218331241,522.964094563316,20,0.1,1.5
1992,16,0.230876145667642,0,1.3091428920728,0,13.2453463511731,535.397564682414,536.209440914489,20,0.1,1.5
1992,15,0.230876145667642,0,1.30652709216836,0,13.2191883521287,548.616753034543,549.428629266618,20,0.1,1.5
1992,14,0.230876145667642,0,1.30391651889669,0,13.193082619412,561.809835653955,562.62171188603,20,0.1,1.5
1992,13,0.230876145667642,0,1.30131116181445,0,13.1670290485896,574.976864702544,575.788740934619,20,0.1,1.5
1992,12,0.230876145667642,0,1.29871101049917,0,13.1410275354368,588.117892237981,588.929768470056,20,0.1,1.5
1992,11,0.230876145667642,0,1.29611605454919,0,13.115077975937,601.232970213918,602.044846445993,20,0.1,1.5
1992,10,0.230876145667642,0,1.29352628358365,0,13.0891802662816,614.3221504802,615.134026712275,20,0.1,1.5
1992,9,0.230876145667642,0,1.29094168724242,0,13.0633343028693,627.385484783069,628.197361015144,20,0.1,1.5
1992,8,0.230876145667642,0,1.2883622551861,0,13.0375399823061,640.423024765375,641.23490099745,20,0.1,1.5
1992,7,0.230876145667642,0,1.2857879770959,0,13.0117972014041,653.434821966779,654.246698198854,20,0.1,1.5
1992,6,0.230876145667642,0,1.28321884267369,0,12.986105857182,666.420927823961,667.232804056036,20,0.1,1.5
1992,5,0.230876145667642,0,1.2806548416419,0,12.9604658468641,679.381393670825,680.1932699029,20,0.1,1.5
1992,4,0.230876145667642,0,1.27809596374348,0,12.9348770678799,692.316270738705,693.12814697078,20,0.1,1.5
1992,3,0.230876145667642,0,1.27554219874192,0,12.9093394178643,705.225610156569,706.037486388644,20,0.1,1.5
1992,2,0.0115438072833821,0,0.000541995483047466,0,0.0131158263527294,705.238725982922,706.050602214997,1,0.1,1.5
1992,1,150,0,1.28778247268583,0,112.877824726858,818.11655070978,818.928426941855,99999,0.1,1.5
1993,118,9.39093157359198e-05,0.0250726483435057,0.0250726483435057,0,0.501515573080605,0,0,1,0.1,1.5
1993,117,9.22954497642281e-05,0.000248507267586617,0.0248482416859858,0.000752005204284387,0.261771951325344,0.251029019835567,0.261771951325344,1,0.1,1.5
1993,116,9.13096760748181e-05,0.000186991666094771,0.0249328122883603,0.000747540183941269,0.261938058146809,0.502287932497501,0.523710009472153,1,0.1,1.5
1993,115,9.08799205917309e-05,0.000186040321507676,0.025121555790682,0.0007479168813876,0.26382107461259,0.755424480233126,0.787531084084744,1,0.1,1.5
1993,114,9.09181511776128e-05,0.000186775004771992,0.025399141885286,0.000750829184445627,0.266645912207731,1.01134426123449,1.05417699629247,1,0.1,1.5
1993,113,9.13426677909883e-05,0.000187901043716419,0.0257336996003986,0.000755237525348886,0.270066009057995,1.2706211627875,1.32424300535047,1,0.1,1.5
1993,112,9.20091095629163e-05,0.000189272232792484,0.0261092341482447,0.000760626026916263,0.273912489315551,1.53366756600425,1.59815549466602,1,0.1,1.5
1993,111,9.28453480993618e-05,0.00019042256765424,0.0264620850541143,0.000765122908497011,0.277517300380661,1.80025453912067,1.87567279504668,1,0.1,1.5
1993,110,9.35740399939811e-05,0.000192052339327787,0.0268901334401226,0.00077154172808947,0.281906265174825,2.0711387796085,2.15757906022151,1,0.1,1.5
1993,109,9.46190478656791e-05,0.000195465691330983,0.0275805706753641,0.000785118860621213,0.289039426755355,2.34896222264069,2.44661848697686,1,0.1,1.5
1993,108,9.68099325605506e-05,0.000200752870351488,0.0285548836308306,0.000806211357223418,0.299138210070053,2.63658312760756,2.74575669704691,1,0.1,1.5
1993,107,0.000100297303143751,0.000207982431739056,0.0298330155095019,0.000835088348410717,0.312406677829897,2.93705997188873,3.05816337487681,1,0.1,1.5
1993,106,0.000105278796428683,0.000217170490200914,0.0314290990744213,0.000871807498693223,0.328987274348983,3.25359285339924,3.38715064922579,1,0.1,1.5
1993,105,0.00011200539294908,0.000228251731551269,0.0333472520522988,0.00091609869154202,0.348916832265353,3.5894225614997,3.73606748149115,1,0.1,1.5
1993,104,0.000120785541874898,0.000241046505403702,0.0355764612920434,0.000967232201916717,0.372073204553579,3.94767816316876,4.10814068604473,1,0.1,1.5
1993,103,0.00013198617346202,0.000255222310282209,0.0380840991022118,0.001023864697894,0.398107843448591,4.33115936807601,4.50624852949332,1,0.1,1.5
1993,102,0.000146022023884342,0.000270270980940766,0.0408110034973838,0.00108394869071783,0.426395074095137,4.74206946087518,4.93264360358846,1,0.1,1.5
1993,101,0.000163340102769242,0.000285478831502618,0.0436645615619592,0.00114461424961005,0.455960929473751,5.18167875821164,5.38860453306221,1,0.1,1.5
1993,100,0.000184356430157904,0.000300001309332375,0.0465268220919114,0.00120247023855734,0.485569284564314,5.65006989651085,5.87417381762652,1,0.1,1.5
1993,99,0.000209462986364965,0.000312790860879518,0.0492394734682747,0.00125331728502766,0.513566817925704,6.1457321817933,6.38774063555223,1,0.1,1.5
1993,98,0.00023869867776749,0.000323390875826736,0.0517263733204521,0.0012953302383714,0.539161492105653,6.66638895620793,6.92690212765788,1,0.1,1.5
1993,97,0.000273545078180885,0.000330844779689044,0.0538211849651354,0.00132468698736029,0.560626760653131,7.20809161704163,7.48752888831101,1,0.1,1.5
1993,96,0.000315752856364506,0.000333559740994632,0.0552340679641913,0.00133502854740348,0.574958615347581,7.76397839599773,8.06248750365859,1,0.1,1.5
1993,95,0.00036499349100484,0.000331615456406852,0.0559302575698728,0.00132670126301858,0.581814934442779,8.32684045525453,8.64430243810137,1,0.1,1.5
1993,94,0.000419058236425454,0.000329024325540233,0.0565522353161502,0.00131577699508249,0.587888782789986,8.89593242382905,9.23219122089135,1,0.1,1.5
1993,93,0.000482448475944876,0.000326150504024083,0.0571586511629305,0.0013037145390732,0.593794142402174,9.4711020728159,9.82598536329353,1,0.1,1.5
1993,92,0.00060299185065275,0.000323011388637995,0.0577485170044494,0.00129058445554765,0.599554199291514,10.0522193513139,10.425539562585,1,0.1,1.5
1993,91,0.000790773523234668,0.000319615587303952,0.058321941342033,0.00127642209193205,0.605177352955507,10.6391621029561,11.0307169155406,1,0.1,1.5
1993,90,0.0010414617850305,0.000315967304028954,0.0588792224341712,0.00126124517704496,0.610663993482188,11.2318083081948,11.6413809090227,1,0.1,1.5
1993,89,0.00134841444488856,0.000312071894399224,0.0594210114812935,0.0012450760313831,0.616016577168517,11.8300380849149,12.2573974861913,1,0.1,1.5
1993,88,0.00170280607384191,0.00030793562430308,0.0599482850244428,0.00122794059090361,0.621239418978167,12.4337354954516,12.8786369051694,1,0.1,1.5
1993,87,0.00209388679772291,0.000303548606165901,0.0604589076461263,0.00120980040477189,0.62630334998005,13.0427559825064,13.5049402551495,1,0.1,1.5
1993,86,0.00252911276352324,0.0002989047125099,0.0609499349145725,0.00119063215318685,0.631183502206318,13.6569304539529,14.1361237573558,1,0.1,1.5
1993,85,0.00302291307004381,0.000294016470093044,0.0614215791399818,0.00117048688794583,0.635892472737146,14.2761016854336,14.7720162300929,1,0.1,1.5
1993,84,0.00357226601493947,0.000288890368770665,0.0618740247815554,0.00114939156722357,0.640430541711652,14.9001123476135,15.4124467718046,1,0.1,1.5
1993,83,0.00417217271569693,0.000283533924781207,0.0623077877786615,0.00112737721698467,0.644800054325625,15.5288070131251,16.0572468261302,1,0.1,1.5
1993,82,0.00481565734026768,0.000277955561087366,0.0627237229483543,0.00110447843982092,0.649005486747275,16.1620342364464,16.7062523128775,1,0.1,1.5
1993,81,0.00549378725136755,0.000272164404341105,0.0631230124241261,0.00108073259287652,0.65305333016001,16.7996485295653,17.3593056430375,1,0.1,1.5
1993,80,0.00617346163419549,0.000266161634980151,0.0635065755631987,0.0010561454596266,0.656930805351633,17.4414915426365,18.0162364483891,1,0.1,1.5
1993,79,0.00684460455639497,0.000259958961194428,0.0638762194142865,0.00103076461773067,0.660650062283797,18.0874163960956,18.6768865106729,1,0.1,1.5
1993,78,0.00751361466098227,0.000253574596027979,0.0642344982259055,0.00100466331729263,0.66424213776417,18.7373062007556,19.3411286484371,1,0.1,1.5
1993,77,0.00816621169751122,0.000247018829155153,0.0645836959180923,0.000977883242026148,0.667721049204522,19.3910574893597,20.0088496976416,1,0.1,1.5
1993,76,0.0087871703769529,0.00024030140801222,0.0649262220205278,0.000950463829348225,0.67110140257501,20.0485808372298,20.6799511002166,1,0.1,1.5
1993,75,0.00936087758225378,0.000233411265925893,0.065258766586948,0.000922362198726108,0.674338966422519,20.7097432008133,21.3542900666391,1,0.1,1.5
1993,74,0.00990134123530219,0.000226344584111551,0.0655773757600143,0.000893564360407479,0.677403302746805,21.3743812984115,22.0316933693859,1,0.1,1.5
1993,73,0.0104302392195847,0.000219118216776882,0.0658833789219487,0.000864138003612426,0.680323292823347,22.0423597626118,22.7120166622093,1,0.1,1.5
1993,72,0.010943330463636,0.000211739527689624,0.0661773174020251,0.000834113223056418,0.683102026126092,22.7135458855514,23.3951186883354,1,0.1,1.5
1993,71,0.0114363299740136,0.000204215850753056,0.0664597626338196,0.000803519955176941,0.68574286133093,23.3878098903798,24.0808615496663,1,0.1,1.5
1993,70,0.0119049406274879,0.000196554451598812,0.0667313097212854,0.000772387824505174,0.688249380592479,24.0650251591936,24.7691109302588,1,0.1,1.5
1993,69,0.0123448861905648,0.00018876249139009,0.0669925702700727,0.000740745999396643,0.690625337447337,24.7450684109353,25.4597362677061,1,0.1,1.5
1993,68,0.0127519454795913,0.000180846994422842,0.0672441648207174,0.00070862306339417,0.692874601757714,25.4278198260731,26.1526108694638,1,0.1,1.5
1993,67,0.0131219875903563,0.000172814819982498,0.0674867149191637,0.000676046904036388,0.695001102033172,26.1131631151914,26.847611971497,1,0.1,1.5
1993,66,0.0134510081719988,0.000164672640613654,0.0677208356030728,0.000643044627535488,0.697008773040132,26.8009855364096,27.5446207445372,1,0.1,1.5
1993,65,0.0137351630507112,0.000156426914335307,0.0679471231134965,0.000609642450684405,0.698901453512378,27.4911778120551,28.2435221980495,1,0.1,1.5
1993,64,0.0139708242108946,0.00014808302577504,0.0681657368427537,0.000575862366213227,0.700678686724168,28.1836298935476,28.9442008847737,1,0.1,1.5
1993,63,0.0141566193856268,0.00013964595219233,0.0683764394373668,0.000541724776590375,0.702337525532538,28.8782284937003,29.6465384103062,1,0.1,1.5
1993,62,0.0142935557971787,0.000131121594352464,0.068579216050583,0.000507253666736034,0.703878894600846,29.5748609073478,30.3504173049071,1,0.1,1.5
1993,61,0.0143819976631218,0.000122515626525581,0.0687739717542344,0.000472472120951771,0.705302473977563,30.2734137795975,31.0557197788846,1,0.1,1.5
1993,60,0.014422593205688,0.000113833745571375,0.0689605699736083,0.000437403296420209,0.706607717849211,30.9737728789264,31.7623274967339,1,0.1,1.5
1993,59,0.0144162531860736,0.000105081687748672,0.0691388351839401,0.000402070490263516,0.707793868320891,31.6758228831007,32.4701213650548,1,0.1,1.5
1993,58,0.014364130186679,9.62652474e-05,0.0693085578727478,0.000366497213381358,0.708859992469473,32.3794472010933,33.1789813575242,1,0.1,1.5
1993,57,0.0142675880575216,8.73902946343207e-05,0.0694695020834606,0.000330707259610322,0.709805038575634,33.0845278502459,33.8887863960999,1,0.1,1.5
1993,56,0.0141281581999049,7.846199426518e-05,0.069620656090627,0.000294721786324945,0.710620264215405,33.7909378032281,34.5994066603153,1,0.1,1.5
1993,55,0.0139511180168428,6.9491894284858e-05,0.0697670701962839,0.00025858573115893,0.711360448123948,34.4986041694783,35.3107671084392,1,0.1,1.5
1993,54,0.0137134382863921,6.07915271493086e-05,0.0703002141948242,0.000223436807710255,0.715944303806524,35.211356518889,36.0267114122457,1,0.1,1.5
1993,53,0.0115438072833821,5.14655679184033e-05,0.070287684143151,0.000185986855365394,0.713744323709598,35.922443887522,36.7404557359553,1,0.1,1.5
1993,52,0.230876145667642,0.000120409978911343,1.25821317195982,0.000382776195359884,12.7427214811947,48.6596971373544,49.4831772171501,20,0.1,1.5
1993,51,0.230876145667642,4.98945343336918e-48,1.06584406361864,0,10.8123580666315,59.4720552039859,60.2955352837816,20,0.1,1.5
1993,50,0.230876145667642,5.40973240719204e-78,1.18161303611909,0,11.970047791636,71.4421029956219,72.2655830754176,20,0.1,1.5
1993,49,0.230876145667642,7.7584345094657e-112,1.30256978403719,0,13.179615270817,84.6217182664388,85.4451983462345,20,0.1,1.5
1993,48,0.230876145667642,4.03362672442074e-134,1.38885843597591,0,14.0425017902042,98.664220056643,99.4877001364387,20,0.1,1.5
1993,47,0.230876145667642,3.56754758476515e-136,1.39274377094656,0,14.0813551399107,112.745575196554,113.569055276349,20,0.1,1.5
1993,46,0.230876145667642,3.5675475847652e-176,1.38996092803078,0,14.0535267107529,126.799101907307,127.622581987102,20,0.1,1.5
1993,45,0.230876145667642,3.56754758476524e-216,1.3871836455166,0,14.025753885611,140.824855792918,141.648335872713,20,0.1,1.5
1993,44,0.230876145667642,3.56754758476529e-256,1.38441191229377,0,13.9980365533828,154.8228923463,155.646372426096,20,0.1,1.5
1993,43,0.230876145667642,3.56754758476533e-296,1.38164571727426,0,13.9703746031877,168.793266949488,169.616747029284,20,0.1,1.5
1993,42,0.230876145667642,0,1.37888504939216,0,13.9427679243667,182.736034873855,183.55951495365,20,0.1,1.5
1993,41,0.230876145667642,0,1.37612989760371,0,13.9152164064822,196.651251280337,197.474731360133,20,0.1,1.5
1993,40,0.230876145667642,0,1.37338025088719,0,13.887719939317,210.538971219654,211.36245129945,20,0.1,1.5
1993,39,0.230876145667642,0,1.37063609824291,0,13.8602784128742,224.399249632528,225.222729712324,20,0.1,1.5
1993,38,0.230876145667642,0,1.36789742869315,0,13.8328917173765,238.232141349905,239.0556214297,20,0.1,1.5
1993,37,0.230876145667642,0,1.36516423128213,0,13.8055597432664,252.037701093171,252.861181172967,20,0.1,1.5
1993,36,0.230876145667642,0,1.36243649507598,0,13.7782823812049,265.815983474376,266.639463554172,20,0.1,1.5
1993,35,0.230876145667642,0,1.35971420916265,0,13.7510595220716,279.567042996448,280.390523076243,20,0.1,1.5
1993,34,0.230876145667642,0,1.35699736265191,0,13.7238910569642,293.290934053412,294.114414133208,20,0.1,1.5
1993,33,0.230876145667642,0,1.35428594467528,0,13.6967768771979,306.98771093061,307.811191010405,20,0.1,1.5
1993,32,0.230876145667642,0,1.35157994438599,0,13.669716874305,320.657427804915,321.48090788471,20,0.1,1.5
1993,31,0.230876145667642,0,1.34887935095897,0,13.6427109400348,334.30013874495,335.123618824745,20,0.1,1.5
1993,30,0.230876145667642,0,1.34618415359075,0,13.6157589663526,347.915897711302,348.739377791098,20,0.1,1.5
1993,29,0.230876145667642,0,1.34349434149946,0,13.5888608454397,361.504758556742,362.328238636537,20,0.1,1.5
1993,28,0.230876145667642,0,1.34080990392478,0,13.5620164696929,375.066775026435,375.89025510623,20,0.1,1.5
1993,27,0.230876145667642,0,1.33813083012787,0,13.5352257317238,388.602000758159,389.425480837954,20,0.1,1.5
1993,26,0.230876145667642,0,1.33545710939137,0,13.5084885243588,402.110489282517,402.933969362313,20,0.1,1.5
1993,25,0.230876145667642,0,1.33278873101932,0,13.4818047406383,415.592294023156,416.415774102951,20,0.1,1.5
1993,24,0.230876145667642,0,1.33012568433714,0,13.4551742738165,429.047468296972,429.870948376768,20,0.1,1.5
1993,23,0.230876145667642,0,1.32746795869157,0,13.4285970173607,442.476065314333,443.299545394128,20,0.1,1.5
1993,22,0.230876145667642,0,1.32481554345063,0,13.4020728649514,455.878138179285,456.70161825908,20,0.1,1.5
1993,21,0.230876145667642,0,1.32216842800362,0,13.3756017104813,469.253739889766,470.077219969561,20,0.1,1.5
1993,20,0.230876145667642,0,1.31952660176099,0,13.349183448055,482.602923337821,483.426403417616,20,0.1,1.5
1993,19,0.230876145667642,0,1.31689005415439,0,13.322817971989,495.92574130981,496.749221389605,20,0.1,1.5
1993,18,0.230876145667642,0,1.31425877463657,0,13.2965051768108,509.222246486621,510.045726566416,20,0.1,1.5
1993,17,0.230876145667642,0,1.31163275268135,0,13.2702449572586,522.492491443879,523.315971523675,20,0.1,1.5
1993,16,0.230876145667642,0,1.30901197778359,0,13.244037208281,535.73652865216,536.560008731956,20,0.1,1.5
1993,15,0.230876145667642,0,1.30639643945914,0,13.2178818250365,548.954410477197,549.777890556992,20,0.1,1.5
1993,14,0.230876145667642,0,1.3037861272448,0,13.1917787028931,562.14618918009,562.969669259885,20,0.1,1.5
1993,13,0.230876145667642,0,1.30118103069827,0,13.1657277374278,575.311916917517,576.135396997313,20,0.1,1.5
1993,12,0.230876145667642,0,1.29858113939812,0,13.1397288244263,588.451645741944,589.275125821739,20,0.1,1.5
1993,11,0.230876145667642,0,1.29598644294373,0,13.1137818598824,601.565427601826,602.388907681622,20,0.1,1.5
1993,10,0.230876145667642,0,1.29339693095529,0,13.087886739998,614.653314341824,615.47679442162,20,0.1,1.5
1993,9,0.230876145667642,0,1.2908125930737,0,13.0620433611821,627.715357703006,628.538837782802,20,0.1,1.5
1993,8,0.230876145667642,0,1.28823341896058,0,13.0362516200509,640.751609323057,641.575089402853,20,0.1,1.5
1993,7,0.230876145667642,0,1.28565939829819,0,13.010511413427,653.762120736484,654.58560081628,20,0.1,1.5
1993,6,0.230876145667642,0,1.28309052078942,0,12.9848226383393,666.746943374823,667.570423454619,20,0.1,1.5
1993,5,0.230876145667642,0,1.28052677615773,0,12.9591851920224,679.706128566846,680.529608646641,20,0.1,1.5
1993,4,0.230876145667642,0,1.27796815414711,0,12.9335989719162,692.639727538762,693.463207618558,20,0.1,1.5
1993,3,0.230876145667642,0,1.27541464452204,0,12.9080638756655,705.547791414427,706.371271494223,20,0.1,1.5
1993,2,0.0115438072833821,0,0.000541941283499161,0,0.0131152843572463,705.560906698784,706.38438677858,1,0.1,1.5
1993,1,150,0,1.28765369443857,0,112.876536944386,818.43744364317,819.260923722966,99999,0.1,1.5
1994,119,9.62260267864903e-05,0.0254310024642785,0.0254310024642785,0,0.508684199970094,0,0,1,0.1,1.5
1994,118,9.39093157359198e-05,0.000250726483435057,0.0250701410786713,0.000774387259839161,0.264333956972114,0.253271281831555,0.264333956972114,1,0.1,1.5
1994,117,9.22954497642281e-05,0.000190486373746963,0.0250337581628883,0.000766103997433189,0.26324831848667,0.50557525749775,0.527582275458784,1,0.1,1.5
1994,116,9.13096760748181e-05,0.000188754962646265,0.0251172040531168,0.000763246510913504,0.264023984859493,0.758695720772764,0.791606260318276,1,0.1,1.5
1994,115,9.08799205917309e-05,0.000188839623561977,0.0253060228554498,0.000763541143054076,0.265916942018904,1.01370493217661,1.05752320233718,1,0.1,1.5
1994,114,9.09181511776128e-05,0.000189575046159127,0.0255843092672089,0.000766390456179671,0.268747890322746,1.27150438741108,1.32627109265993,1,0.1,1.5
1994,113,9.13426677909883e-05,0.000190688391774386,0.0259199356117758,0.000770762892479824,0.27217803361136,1.53267152255844,1.59844912627129,1,0.1,1.5
1994,112,9.20091095629163e-05,0.000192049229056991,0.026296779731559,0.000776131515637514,0.276037222093071,1.79762115157097,1.87448634836436,1,0.1,1.5
1994,111,9.28453480993618e-05,0.000193184952800795,0.0266507195727331,0.000780586075402785,0.279652171802683,2.06612209372504,2.15413852016704,1,0.1,1.5
1994,110,9.35740399939811e-05,0.000194805955415645,0.0270803298588009,0.000786996728372874,0.284056551240822,2.33893583456054,2.43819507140786,1,0.1,1.5
1994,109,9.46190478656791e-05,0.000198234372068613,0.0277740923334519,0.000800701737174248,0.291224942665795,2.61872218098099,2.72942001407366,1,0.1,1.5
1994,108,9.68099325605506e-05,0.000203560368009369,0.0287535809817734,0.000822059462205101,0.301379660055798,2.90835813443386,3.03079967412945,1,0.1,1.5
1994,107,0.000100297303143751,0.00021085191142007,0.0300388042950537,0.000851337760129807,0.314725394935354,3.21092156136735,3.34552506906481,1,0.1,1.5
1994,106,0.000105278796428683,0.000220123579575315,0.0316439080391872,0.000888587949818295,0.331404615620744,3.52963206341927,3.67692968468555,1,0.1,1.5
1994,105,0.00011200539294908,0.000231307190201018,0.0335729419999791,0.000933526319192879,0.351453252437951,3.86774922558303,4.0283829371235,1,0.1,1.5
1994,104,0.000120785541874898,0.000244218515533216,0.0358147116963934,0.000985400055307599,0.3747469694611,4.22841905139688,4.4031299065846,1,0.1,1.5
1994,103,0.00013198617346202,0.000258518397576321,0.0383362568667751,0.00104283093800025,0.400933328254397,4.6144547948227,4.804063234839,1,0.1,1.5
1994,102,0.000146022023884342,0.000273689882488866,0.0410779095697135,0.00110372414154083,0.429380830274244,5.02806813736065,5.23344406511325,1,0.1,1.5
1994,101,0.000163340102769242,0.00028900835071754,0.0439463486682055,0.0011651493413603,0.459107454181938,5.47053060095173,5.69255151929518,1,0.1,1.5
1994,100,0.000184356430157904,0.000303617572732659,0.0468227869693415,0.00122364938718297,0.488867655238699,5.94191755065924,6.18141917453388,1,0.1,1.5
1994,99,0.000209462986364965,0.000316457229865709,0.0495478788421847,0.00127495043737197,0.516996580388157,6.44070055337066,6.69841575492204,1,0.1,1.5
1994,98,0.00023869867776749,0.000327066468351116,0.0520450332427129,0.00131720062786066,0.542697281389065,6.96458068293314,7.2411130363111,1,0.1,1.5
1994,97,0.000273545078180885,0.000334480194636964,0.0541469745934789,0.00134652338275264,0.564232959591651,7.50957759419975,7.80534599590276,1,0.1,1.5
1994,96,0.000315752856364506,0.000337092734260815,0.0555623016942458,0.00135647473278256,0.578582656657631,8.06878204038906,8.38392865256039,1,0.1,1.5
1994,95,0.00036499349100484,0.000334991470318714,0.0562563398598704,0.00134743565416526,0.585405723069684,8.63493868268496,8.96933437563007,1,0.1,1.5
1994,94,0.000419058236425454,0.000332234492026026,0.0568755243413892,0.00133574974229711,0.591439099667442,9.20729564317673,9.56077347529751,1,0.1,1.5
1994,93,0.000482448475944876,0.00032919013980854,0.0574788639325825,0.00132290063184363,0.597300753496116,9.78569781621793,10.1580742287936,1,0.1,1.5
1994,92,0.00060299185065275,0.000325876227773293,0.0580653882666359,0.00130896101849507,0.603014082632552,10.3700124557291,10.7610883114262,1,0.1,1.5
1994,91,0.000790773523234668,0.000322301678856051,0.0586352146708818,0.00129396777913318,0.608587599833818,10.9601148015753,11.36967591126,1,0.1,1.5
1994,90,0.0010414617850305,0.000318470967301531,0.059188645806189,0.00127793989572939,0.614021759816298,11.5558802771669,11.9836976710763,1,0.1,1.5
1994,89,0.00134841444488856,0.000314389726789768,0.0597263383879912,0.00126090099600059,0.619319095482506,12.157186501278,12.6030167665588,1,0.1,1.5
1994,88,0.00170280607384191,0.000310064503968933,0.0602492753436663,0.00124287835037606,0.624484007530952,12.7639151038036,13.2275007740898,1,0.1,1.5
1994,87,0.00209388679772291,0.000305485587254632,0.0607553118565547,0.0012238340870503,0.629487243070627,13.3759190027735,13.8569880171604,1,0.1,1.5
1994,86,0.00252911276352324,0.000300647085421812,0.0612414979593777,0.00120374579254988,0.634303894088676,13.9930265283972,14.4912919112491,1,0.1,1.5
1994,85,0.00302291307004381,0.000295561886687389,0.0617080587040542,0.00118266631201194,0.638946714316188,14.6150780096846,15.1302386255652,1,0.1,1.5
1994,84,0.00357226601493947,0.000290236795493598,0.0621551852708832,0.00116062408051716,0.643416075347782,15.241913741025,15.773654700913,1,0.1,1.5
1994,83,0.00417217271569693,0.000284679643493979,0.0625834013041298,0.0011376516221893,0.647714423984645,15.8733759989784,16.4213691248977,1,0.1,1.5
1994,82,0.00481565734026768,0.000278899165566103,0.0629935701860147,0.00111378503830085,0.651846346575522,16.509311130721,17.0732154714732,1,0.1,1.5
1994,81,0.00549378725136755,0.000272904792262541,0.0633868832711028,0.00108906316213137,0.655818450641204,17.1495715361889,17.7290339221144,1,0.1,1.5
1994,80,0.00617346163419549,0.000266697981256451,0.0637642612705491,0.00106349298697813,0.659617990564349,17.7939967697964,18.3886519126787,1,0.1,1.5
1994,79,0.00684460455639497,0.000260290744044613,0.0641275229467778,0.0010371236097006,0.663257258179638,18.4424379764089,19.0519091708584,1,0.1,1.5
1994,78,0.00751361466098227,0.000253701575283438,0.064479240605406,0.00101002982924347,0.666767495808171,19.0947764746565,19.7186766666665,1,0.1,1.5
1994,77,0.00816621169751122,0.000246940998798089,0.064821708359007,0.000982254524097773,0.670162842196836,19.7509071093662,20.3888395088634,1,0.1,1.5
1994,76,0.0087871703769529,0.000240018971417179,0.0651573453556628,0.00095383820954279,0.67345801699176,20.4107388662216,21.0622975258551,1,0.1,1.5
1994,75,0.00936087758225378,0.000232924662340786,0.0654828312599708,0.000924738797847515,0.676608698532916,21.0741370104996,21.7389062243881,1,0.1,1.5
1994,74,0.00990134123530219,0.000225654535942985,0.0657942091125402,0.000894943429058105,0.679584436771102,21.7409365411413,22.4184906611592,1,0.1,1.5
1994,73,0.0104302392195847,0.000218225683070875,0.0660928250849596,0.000864521116472736,0.682414302157257,22.4110005416346,23.1009049633164,1,0.1,1.5
1994,72,0.010943330463636,0.000210645701041001,0.066379227976049,0.000833503083798431,0.685101477324731,23.084194832048,23.7860064406412,1,0.1,1.5
1994,71,0.0114363299740136,0.000202922147301766,0.0666539966463505,0.00080192035198365,0.687649412947536,23.7603882399672,24.4736558535887,1,0.1,1.5
1994,70,0.0119049406274879,0.000195062500642282,0.0669177335464396,0.000769803583310272,0.6900617816031,24.439452827523,25.1637176351918,1,0.1,1.5
1994,69,0.0123448861905648,0.000187074124763062,0.0671710575128948,0.000737182935523003,0.692342425296808,25.1212640680266,25.8560600604886,1,0.1,1.5
1994,68,0.0127519454795913,0.000178964235792771,0.0674145961700839,0.000704087932302076,0.694495300078048,25.8057009690718,26.5505553605666,1,0.1,1.5
1994,67,0.0131219875903563,0.000170739874208922,0.0676489779736809,0.000670547351887583,0.696524418089911,26.4926461392776,27.2470797786566,1,0.1,1.5
1994,66,0.0134510081719988,0.000162407883290008,0.0678748246763963,0.000636589142200546,0.698433794981061,27.1819858036558,27.9455135736376,1,0.1,1.5
1994,65,0.0137351630507112,0.000153974881814454,0.0680927390138562,0.000602240314349895,0.700227347385989,27.8736097179796,28.6457409210236,1,0.1,1.5
1994,64,0.0139708242108946,0.000145446421811057,0.0683028858606228,0.000567523662024937,0.701904686517672,28.5674069236112,29.3476456075413,1,0.1,1.5
1994,63,0.0141566193856268,0.000136827653669517,0.0685050329875706,0.000532460404046607,0.703462929870152,29.2632632762807,30.0511085374114,1,0.1,1.5
1994,62,0.0142935557971787,0.000128124632627533,0.0686991715456619,0.000497075279252278,0.704903074398903,29.9610652752617,30.7560116118103,1,0.1,1.5
1994,61,0.0143819976631218,0.000119343186503199,0.0688852123872969,0.000461392116662006,0.706224870132396,30.6606988294418,31.4622364819427,1,0.1,1.5
1994,60,0.014422593205688,0.000110489161560766,0.069063024740716,0.000425434800119276,0.707427841161597,31.3620490306017,32.1696643231043,1,0.1,1.5
1994,59,0.0144162531860736,0.000101568439443366,0.0692324389229876,0.000389227336223906,0.708511299599176,32.0649999396834,32.8781756227035,1,0.1,1.5
1994,58,0.014364130186679,9.25869558193395e-05,0.0693932513203058,0.000352793928399553,0.709474382815222,32.7694344092358,33.5876500055187,1,0.1,1.5
1994,57,0.0142675880575216,8.35507178489238e-05,0.0695452319481548,0.000316159045509593,0.710316109824712,33.4752339612675,34.2979661153434,1,0.1,1.5
1994,56,0.0141281581999049,7.44650665238881e-05,0.0696873744715992,0.000279344670791659,0.711027805668667,34.182271128782,35.0089939210121,1,0.1,1.5
1994,55,0.0139511180168428,6.53413517325811e-05,0.069824739922054,0.000242395109061578,0.711664345354736,34.8904726868644,35.7206582663668,1,0.1,1.5
1994,54,0.0137134382863921,5.6467117199057e-05,0.0703490433753323,0.000206352815970252,0.716145294487245,35.6036700839807,36.4368035608541,1,0.1,1.5
1994,53,0.0115438072833821,4.70113695205326e-05,0.0703271520885781,0.000168183942009361,0.713840133846232,36.3151075900839,37.1506436947003,1,0.1,1.5
1994,52,0.230876145667642,9.68981486290845e-05,1.25818304469147,0.000298295111490881,12.7409782175816,49.05182444893,49.891621912282,20,0.1,1.5
1994,51,0.230876145667642,4.98945343336918e-50,1.06573747921228,0,10.8112922225679,59.8631166714978,60.7029141348498,20,0.1,1.5
1994,50,0.230876145667642,5.40973240719205e-80,1.18149487481548,0,11.9688661785999,71.8319828500977,72.6717803134497,20,0.1,1.5
1994,49,0.230876145667642,7.7584345094657e-114,1.30243952705878,0,13.1783127010329,85.0102955511306,85.8500930144826,20,0.1,1.5
1994,48,0.230876145667642,4.03362672442074e-136,1.38871955013231,0,14.0411129317682,99.0514084828989,99.8912059462509,20,0.1,1.5
1994,47,0.230876145667642,3.56754758476516e-138,1.39260449656946,0,14.0799623961397,113.131370879039,113.971168342391,20,0.1,1.5
1994,46,0.230876145667642,3.5675475847652e-178,1.38982193193797,0,14.0521367498248,127.183507628863,128.023305092215,20,0.1,1.5
1994,45,0.230876145667642,3.56754758476525e-218,1.38704492715204,0,14.0243667019655,141.207874330829,142.047671794181,20,0.1,1.5
1994,44,0.230876145667642,3.56754758476529e-258,1.38427347110254,0,13.9966521414705,155.204526472299,156.044323935651,20,0.1,1.5
1994,43,0.230876145667642,3.56754758476534e-298,1.38150755270253,0,13.9689929574704,169.17351942977,170.013316893122,20,0.1,1.5
1994,42,0.230876145667642,0,1.37874716088723,0,13.9413890393173,183.114908469087,183.954705932439,20,0.1,1.5
1994,41,0.230876145667642,0,1.37599228461395,0,13.9138402765846,197.028748745672,197.868546209024,20,0.1,1.5
1994,40,0.230876145667642,0,1.3732429128621,0,13.8863465590661,210.915095304738,211.75489276809,20,0.1,1.5
1994,39,0.230876145667642,0,1.37049903463308,0,13.8589077767759,224.774003081514,225.613800544866,20,0.1,1.5
1994,38,0.230876145667642,0,1.36776063895028,0,13.8315238199479,238.605526901462,239.445324364814,20,0.1,1.5
1994,37,0.230876145667642,0,1.36502771485901,0,13.8041945790351,252.409721480497,253.249518943849,20,0.1,1.5
1994,36,0.230876145667642,0,1.36230025142647,0,13.7769199447098,266.186641425207,267.026438888559,20,0.1,1.5
1994,35,0.230876145667642,0,1.35957823774174,0,13.7496998078625,279.936341233069,280.776138696421,20,0.1,1.5
1994,34,0.230876145667642,0,1.35686166291565,0,13.7225340596016,293.658875292671,294.498672756023,20,0.1,1.5
1994,33,0.230876145667642,0,1.35415051608081,0,13.6954225912532,307.354297883924,308.194095347276,20,0.1,1.5
1994,32,0.230876145667642,0,1.35144478639155,0,13.6683652943606,321.022663178285,321.862460641637,20,0.1,1.5
1994,31,0.230876145667642,0,1.34874446302387,0,13.6413620606838,334.664025238968,335.50382270232,20,0.1,1.5
1994,30,0.230876145667642,0,1.34604953517539,0,13.614412782199,348.278438021167,349.118235484519,20,0.1,1.5
1994,29,0.230876145667642,0,1.34335999206531,0,13.5875173510982,361.865955372266,362.705752835617,20,0.1,1.5
1994,28,0.230876145667642,0,1.34067582293438,0,13.5606756597889,375.426631032055,376.266428495406,20,0.1,1.5
1994,27,0.230876145667642,0,1.33799701704486,0,13.5338876008937,388.960518632948,389.8003160963,20,0.1,1.5
1994,26,0.230876145667642,0,1.33532356368043,0,13.5071530672494,402.467671700198,403.30746916355,20,0.1,1.5
1994,25,0.230876145667642,0,1.33265545214622,0,13.4804719519073,415.948143652105,416.787941115457,20,0.1,1.5
1994,24,0.230876145667642,0,1.3299926717687,0,13.4538441481321,429.401987800237,430.241785263589,20,0.1,1.5
1994,23,0.230876145667642,0,1.3273352118957,0,13.4272695494021,442.829257349639,443.669054812991,20,0.1,1.5
1994,22,0.230876145667642,0,1.32468306189629,0,13.400748049408,456.230005399047,457.069802862399,20,0.1,1.5
1994,21,0.230876145667642,0,1.32203621116082,0,13.3742795420533,469.604284941101,470.444082404452,20,0.1,1.5
1994,20,0.230876145667642,0,1.31939464910082,0,13.3478639214533,482.952148862554,483.791946325906,20,0.1,1.5
1994,19,0.230876145667642,0,1.31675836514898,0,13.3215010819349,496.273649944489,497.11344740784,20,0.1,1.5
1994,18,0.230876145667642,0,1.31412734875911,0,13.2951909180362,509.568840862525,510.408638325877,20,0.1,1.5
1994,17,0.230876145667642,0,1.31150158940608,0,13.2689333245059,522.837774187031,523.677571650383,20,0.1,1.5
1994,16,0.230876145667642,0,1.30888107658581,0,13.2427281963032,536.080502383334,536.920299846686,20,0.1,1.5
1994,15,0.230876145667642,0,1.3062657998152,0,13.2165754285971,549.297077811931,550.136875275283,20,0.1,1.5
1994,14,0.230876145667642,0,1.30365574863208,0,13.1904749167659,562.487552728697,563.327350192049,20,0.1,1.5
1994,13,0.230876145667642,0,1.3010509125952,0,13.1644265563971,575.651979285094,576.491776748446,20,0.1,1.5
1994,12,0.230876145667642,0,1.29845128128418,0,13.1384302432869,588.790409528381,589.630206991733,20,0.1,1.5
1994,11,0.230876145667642,0,1.29585684429944,0,13.1124858734395,601.90289540182,602.742692865172,20,0.1,1.5
1994,10,0.230876145667642,0,1.29326759126219,0,13.086593343067,614.989488744887,615.829286208239,20,0.1,1.5
1994,9,0.230876145667642,0,1.29068351181439,0,13.060752548589,628.050241293476,628.890038756828,20,0.1,1.5
1994,8,0.230876145667642,0,1.28810459561868,0,13.0349633866319,641.085204680108,641.92500214346,20,0.1,1.5
1994,7,0.230876145667642,0,1.28553083235836,0,13.0092257540287,654.094430434137,654.934227897489,20,0.1,1.5
1994,6,0.230876145667642,0,1.28296221173734,0,12.9835395478185,667.077969981955,667.917767445307,20,0.1,1.5
1994,5,0.230876145667642,0,1.28039872348012,0,12.9579046652463,680.035874647202,680.875672110554,20,0.1,1.5
1994,4,0.230876145667642,0,1.2778403573317,0,12.9323210037621,692.968195650964,693.807993114316,20,0.1,1.5
1994,3,0.230876145667642,0,1.27528710305759,0,12.906788461021,705.874984111985,706.714781575337,20,0.1,1.5
1994,2,0.0115438072833821,0,0.000541887089370811,0,0.0131147424159628,705.888098854401,706.727896317753,1,0.1,1.5
1994,1,150,0,1.28752492906912,0,112.875249290691,818.763348145092,819.603145608444,99999,0.1,1.5
1995,120,9.93221297968307e-05,0.0259349216623422,0.0259349216623422,0,0.518764648000042,0,0,1,0.1,1.5
1995,119,9.62260267864903e-05,0.000254310024642785,0.0254284593640321,0.000806135084934004,0.26840806007033,0.256891844571273,0.26840806007033,1,0.1,1.5
1995,118,9.39093157359198e-05,0.000196104079794141,0.0252612308795233,0.000793462177817351,0.265971129772484,0.511527800374937,0.534379189842814,1,0.1,1.5
1995,117,9.22954497642281e-05,0.000193430863095767,0.0252227807864303,0.000786626724241078,0.265461171427119,0.765751447170041,0.799840361269933,1,0.1,1.5
1995,116,9.13096760748181e-05,0.000192699177354839,0.0253055039604399,0.000783593677795496,0.266237099892409,1.02079435166537,1.06607746116234,1,0.1,1.5
1995,115,9.08799205917309e-05,0.000192773681999139,0.0254943775389278,0.000783764006981226,0.268128727494158,1.27772645048837,1.3342061886565,1,0.1,1.5
1995,114,9.09181511776128e-05,0.000193493364506509,0.0257733484503271,0.000786553670843626,0.270965511261173,1.53745548073749,1.60517169991767,1,0.1,1.5
1995,113,9.13426677909883e-05,0.0001945976070377,0.0261100343413345,0.000790902904875714,0.274405827522379,1.80056269533307,1.87957752744005,1,0.1,1.5
1995,112,9.20091095629163e-05,0.000195953371199949,0.0264881829324952,0.00079626993860492,0.27827798728054,2.0674653977764,2.15785551472059,1,0.1,1.5
1995,111,9.28453480993618e-05,0.000197078368378704,0.0268432010196265,0.000800694609898357,0.281903185205905,2.33793008855518,2.4397586999265,1,0.1,1.5
1995,110,9.35740399939811e-05,0.000198697241647375,0.0272743710079083,0.000807120730533508,0.286323361339364,2.61272315374407,2.72608206126586,1,0.1,1.5
1995,109,9.46190478656791e-05,0.000202157778014248,0.0279714903585121,0.000821019810079492,0.293528415160214,2.89452271447458,3.01961047642607,1,0.1,1.5
1995,108,9.68099325605506e-05,0.000207550469231369,0.0289562204892265,0.000842753039650352,0.303741578677481,3.1862249640142,3.32335205510356,1,0.1,1.5
1995,107,0.000100297303143751,0.000214942959146652,0.0302486348546566,0.000872587907479852,0.317168184542222,3.49092760702099,3.64052023964578,1,0.1,1.5
1995,106,0.000105278796428683,0.000224348223250327,0.0318628906358379,0.000910568928871411,0.333950702010474,3.81187018147616,3.97447094165625,1,0.1,1.5
1995,105,0.00011200539294908,0.00023569465170023,0.0338029662855773,0.000956396290029981,0.354124083778027,4.1523314611109,4.32859502543428,1,0.1,1.5
1995,104,0.000120785541874898,0.000248792198982232,0.0360574802390506,0.00100928878413526,0.377561659276844,4.51547470918581,4.70615668471112,1,0.1,1.5
1995,103,0.00013198617346202,0.000263292918475825,0.0385931309755885,0.00106782435237451,0.403906863328302,4.90412693890876,5.11006354803942,1,0.1,1.5
1995,102,0.000146022023884342,0.000278667934210096,0.0413497328141417,0.00112984781754988,0.432522038607297,5.3205082944082,5.54258558664672,1,0.1,1.5
1995,101,0.000163340102769242,0.00029417741884725,0.0442332413686788,0.00119235085728938,0.462416664952669,5.76589137568531,6.00500225159939,1,0.1,1.5
1995,100,0.000184356430157904,0.000308948522523068,0.0471240170374403,0.00125179008297732,0.49233527535751,6.24034393557172,6.4973375269569,1,0.1,1.5
1995,99,0.000209462986364965,0.00032190218164165,0.0498616616636435,0.0013037929072492,0.520600893404465,6.74231921601548,7.01793842036136,1,0.1,1.5
1995,98,0.00023869867776749,0.000332570821648676,0.0523691288963538,0.00134647085312522,0.546411427533658,7.26949534564735,7.56434984789502,1,0.1,1.5
1995,97,0.000273545078180885,0.000339975647634529,0.0544781907417078,0.00137587219241273,0.568019344313344,7.81785937292622,8.13236919220837,1,0.1,1.5
1995,96,0.000315752856364506,0.000342489610538248,0.055895864147272,0.00138543405239797,0.582385954516602,8.38045341240857,8.71475514672497,1,0.1,1.5
1995,95,0.00036499349100484,0.000340208828244501,0.0565875731394258,0.00137557704737702,0.58917224934752,8.94997456107928,9.30392739607249,1,0.1,1.5
1995,94,0.000419058236425454,0.000337259780494538,0.0572037742245294,0.00136300837516502,0.595161260424499,9.52566427328713,9.89908865649699,1,0.1,1.5
1995,93,0.000482448475944876,0.000334017059358993,0.0578038412041502,0.00134924488000724,0.600975141809634,10.1073644882395,10.5000637983066,1,0.1,1.5
1995,92,0.00060299185065275,0.000330499016901501,0.058386821982433,0.00133436190702112,0.606637517517891,10.6949396928,11.1067013158245,1,0.1,1.5
1995,91,0.000790773523234668,0.000326714961571855,0.058952843094198,0.00131839817348382,0.612157022527719,11.2882624557065,11.7188583383522,1,0.1,1.5
1995,90,0.0010414617850305,0.000322669683605364,0.0595022119155408,0.0013013741255999,0.61753418278529,11.8872055795546,12.3363925211375,1,0.1,1.5
1995,89,0.00134841444488856,0.000318369146268045,0.0600355910031525,0.00128331493170253,0.622771614910358,12.4916441240121,12.9591641360479,1,0.1,1.5
1995,88,0.00170280607384191,0.000313820232633705,0.0605539700037259,0.00126424944581505,0.62787381278161,13.1014572304249,13.5870379488295,1,0.1,1.5
1995,87,0.00209388679772291,0.000309013377635122,0.0610551948471316,0.00124414028801509,0.632811439465412,13.7164952372044,14.2198493882949,1,0.1,1.5
1995,86,0.00252911276352324,0.000303942918991689,0.0615363102577193,0.00122296595510886,0.637559549158632,14.3365838441472,14.8574089374535,1,0.1,1.5
1995,85,0.00302291307004381,0.000298622196869858,0.0619975544761868,0.00120078147539943,0.642131063187731,14.9615608862578,15.4995400006413,1,0.1,1.5
1995,84,0.00357226601493947,0.000293058388084226,0.0624391257724854,0.00117761702038719,0.646526452573568,15.5912642385401,16.1460664532148,1,0.1,1.5
1995,83,0.00417217271569693,0.000287259701982266,0.0628615558695467,0.00115350688851286,0.650748274028319,16.2255338427325,16.7968147272432,1,0.1,1.5
1995,82,0.00481565734026768,0.000281235251230873,0.0632657170885713,0.00112848896860238,0.654801232604901,16.8642138043574,17.4516159598481,1,0.1,1.5
1995,81,0.00549378725136755,0.000274994838455468,0.0636528103733085,0.00110260386620087,0.658692060754755,17.5071543813093,18.1103080206028,1,0.1,1.5
1995,80,0.00617346163419549,0.000268540226557098,0.0640237580911665,0.00107585992445741,0.662408051758949,18.154193005576,18.7727160723618,1,0.1,1.5
1995,79,0.00684460455639497,0.000261883809865596,0.0643803910969082,0.00104830809762518,0.665961648738076,18.805178824348,19.4386777210998,1,0.1,1.5
1995,78,0.00751361466098227,0.000255044473063702,0.0647253001386564,0.00102002517819866,0.669384310817836,19.4599913469058,20.1080620319177,1,0.1,1.5
1995,77,0.00816621169751122,0.000248033041012424,0.0650607898191956,0.000991055520529657,0.672690305741321,20.1185237166396,20.780752337659,1,0.1,1.5
1995,76,0.0087871703769529,0.000240859742099869,0.0653892891735129,0.000961440977631478,0.675894473849784,20.7806833193804,21.4566468115088,1,0.1,1.5
1995,75,0.00936087758225378,0.000233513946085287,0.0657074676763067,0.00093114014736346,0.678952403383948,21.4463337206591,22.1355992148927,1,0.1,1.5
1995,74,0.00990134123530219,0.000225992402623956,0.0660113655488935,0.000900141339570669,0.681833635665909,22.1153081943312,22.8174328505586,1,0.1,1.5
1995,73,0.0104302392195847,0.000218312535948893,0.0663023460815693,0.000868515284761528,0.684567440199117,22.7874682733194,23.5020002907577,1,0.1,1.5
1995,72,0.010943330463636,0.000210482227960018,0.066580965824201,0.000836294554635738,0.687157099230259,23.4626783074834,24.189157389988,1,0.1,1.5
1995,71,0.0114363299740136,0.00020250930946893,0.0668478113346817,0.000803511467525437,0.689606161674546,24.1408057339076,24.8787635516626,1,0.1,1.5
1995,70,0.0119049406274879,0.000194401520833991,0.0671034926689125,0.000770197929453596,0.691918396546079,24.8217213028901,25.5706819482086,1,0.1,1.5
1995,69,0.0123448861905648,0.000186166475128381,0.0673486361410243,0.000736385286025156,0.69409774008893,25.5052992531786,26.2647796882976,1,0.1,1.5
1995,68,0.0127519454795913,0.000177811625433447,0.0675838766935424,0.000702104191487985,0.696148240054553,26.1914174333548,26.9609279283521,1,0.1,1.5
1995,67,0.0131219875903563,0.000169344236713985,0.0678098499138555,0.000667384496793724,0.698073997472509,26.8799573665874,27.6590019258246,1,0.1,1.5
1995,66,0.0134510081719988,0.000160771364383037,0.0680271844794788,0.000632255164941012,0.699879113861966,27.5708042638074,28.3588810396866,1,0.1,1.5
1995,65,0.0137351630507112,0.000152099827405618,0.0682364898185423,0.000596744165862069,0.701567588481792,28.263846935634,29.0604486281684,1,0.1,1.5
1995,64,0.0139708242108946,0.000143335379724345,0.0684379364875429,0.000560875240626267,0.703139104917454,28.9589735371139,29.7635877330858,1,0.1,1.5
1995,63,0.0141566193856268,0.000134483377548347,0.0686312975852835,0.000524670564359173,0.704590849661963,29.6560690929993,30.4681785827478,1,0.1,1.5
1995,62,0.0142935557971787,0.000125550066139345,0.0688165704483204,0.000488155778281814,0.705923896318171,30.355019335342,31.174102479066,1,0.1,1.5
1995,61,0.0143819976631218,0.000116541461030534,0.0689936718952237,0.000451355599065493,0.70713806913413,31.0557094673467,31.8812405482001,1,0.1,1.5
1995,60,0.014422593205688,0.000107463591645427,0.0691624771382718,0.000414294777942717,0.708232966264051,31.758023936783,32.5894735144642,1,0.1,1.5
1995,59,0.0144162531860736,9.83225184504102e-05,0.0693228225131512,0.000376998169909596,0.709207973914964,32.4618462225564,33.2986814883791,1,0.1,1.5
1995,58,0.014364130186679,8.91243516580816e-05,0.0694745104772737,0.000339490808389411,0.710062303771714,33.1670586576368,34.0087437921508,1,0.1,1.5
1995,57,0.0142675880575216,7.98752685558876e-05,0.0696173171863374,0.000301797973592937,0.71079504954337,33.8735423075574,34.7195388416942,1,0.1,1.5
1995,56,0.0141281581999049,7.05808183631536e-05,0.0697502419018499,0.000263942611351779,0.711397608068998,34.5811693068928,35.4309364497632,1,0.1,1.5
1995,55,0.0139511180168428,6.12521907827202e-05,0.0698783562253272,0.000225968510265675,0.711924951080885,35.2898661363985,36.1428614008441,1,0.1,1.5
1995,54,0.0137134382863921,5.21528751645536e-05,0.0703935966749873,0.000188819912928646,0.716297215019999,36.0034659240909,36.8591586158641,1,0.1,1.5
1995,53,0.0115438072833821,4.25160991975455e-05,0.0703621653588716,0.000149724110509524,0.713881601967367,36.7152086101939,37.5730402178314,1,0.1,1.5
1995,52,0.230876145667642,7.55427593590112e-05,1.25813180016487,0.000221874296640855,12.7391604924966,49.4511994698813,50.312200710328,20,0.1,1.5
1995,51,0.230876145667642,4.98945343336918e-52,1.06563090546436,0,10.8102264850887,60.2614259549699,61.1224271954167,20,0.1,1.5
1995,50,0.230876145667642,5.40973240719205e-82,1.181376725328,0,11.9676846837251,72.229110638695,73.0901118791417,20,0.1,1.5
1995,49,0.230876145667642,7.7584345094657e-116,1.30230928310608,0,13.1770102615059,85.4061209002008,86.2671221406476,20,0.1,1.5
1995,48,0.230876145667642,4.03362672442074e-138,1.3885806781773,0,14.0397242122181,99.445845112419,100.306846352866,20,0.1,1.5
1995,47,0.230876145667642,3.56754758476516e-140,1.39246523611981,0,14.0785697916431,113.524414904062,114.385416144509,20,0.1,1.5
1995,46,0.230876145667642,3.5675475847652e-180,1.38968294974478,0,14.0507469278929,127.575161831955,128.436163072402,20,0.1,1.5
1995,45,0.230876145667642,3.56754758476525e-220,1.38690622265933,0,14.0229796570384,141.598141488993,142.45914272944,20,0.1,1.5
1995,44,0.230876145667642,3.5675475847653e-260,1.38413504375543,0,13.9952678679994,155.593409356993,156.45441059744,20,0.1,1.5
1995,43,0.230876145667642,3.56754758476534e-300,1.38136940194726,0,13.9676114499177,169.56102080691,170.422022047357,20,0.1,1.5
1995,42,0.230876145667642,0,1.37860928617114,0,13.9400102921565,183.501031099067,184.362032339514,20,0.1,1.5
1995,41,0.230876145667642,0,1.37585468538549,0,13.9124642843,197.413495383367,198.274496623814,20,0.1,1.5
1995,40,0.230876145667642,0,1.37310558857082,0,13.8849733161533,211.29846869952,212.159469939967,20,0.1,1.5
1995,39,0.230876145667642,0,1.37036198472962,0,13.8575372777413,225.156005977261,226.017007217708,20,0.1,1.5
1995,38,0.230876145667642,0,1.36762386288638,0,13.8301560593089,238.98616203657,239.847163277017,20,0.1,1.5
1995,37,0.230876145667642,0,1.36489121208752,0,13.8028295513203,252.788991587891,253.649992828337,20,0.1,1.5
1995,36,0.230876145667642,0,1.36216402140133,0,13.7755576444584,266.564549232349,267.425550472796,20,0.1,1.5
1995,35,0.230876145667642,0,1.35944227991796,0,13.7483402296247,280.312889461974,281.173890702421,20,0.1,1.5
1995,34,0.230876145667642,0,1.35672597674935,0,13.7211771979386,294.034066659913,294.895067900359,20,0.1,1.5
1995,33,0.230876145667642,0,1.3540151010292,0,13.6940684407371,307.72813510065,308.589136341096,20,0.1,1.5
1995,32,0.230876145667642,0,1.35130964191291,0,13.6670138495742,321.395148950224,322.256150190671,20,0.1,1.5
1995,31,0.230876145667642,0,1.34860958857757,0,13.6400133162208,335.035162266445,335.896163506891,20,0.1,1.5
1995,30,0.230876145667642,0,1.34591493022187,0,13.6130667326638,348.648228999109,349.509230239555,20,0.1,1.5
1995,29,0.230876145667642,0,1.3432256560661,0,13.5861739911061,362.234402990215,363.095404230661,20,0.1,1.5
1995,28,0.230876145667642,0,1.34054175535209,0,13.559334983966,375.793737974181,376.654739214627,20,0.1,1.5
1995,27,0.230876145667642,0,1.33786321734315,0,13.5325496038766,389.326287578057,390.187288818504,20,0.1,1.5
1995,26,0.230876145667642,0,1.33519003132406,0,13.5058177436857,402.832105321743,403.69310656219,20,0.1,1.5
1995,25,0.230876145667642,0,1.33252218660101,0,13.4791392964552,416.311244618198,417.172245858645,20,0.1,1.5
1995,24,0.230876145667642,0,1.32985967250153,0,13.4525141554604,429.763758773659,430.624760014105,20,0.1,1.5
1995,23,0.230876145667642,0,1.32720247837451,0,13.4259422141902,443.189700987849,444.050702228295,20,0.1,1.5
1995,22,0.230876145667642,0,1.3245505935901,0,13.3994233663461,456.589124354195,457.450125594641,20,0.1,1.5
1995,21,0.230876145667642,0,1.3219040075397,0,13.3729575058421,469.962081860037,470.823083100484,20,0.1,1.5
1995,20,0.230876145667642,0,1.31926270963591,0,13.3465445268042,483.308626386841,484.169627627288,20,0.1,1.5
1995,19,0.230876145667642,0,1.31662668931246,0,13.3201843235697,496.628810710411,497.489811950857,20,0.1,1.5
1995,18,0.230876145667642,0,1.31399593602423,0,13.2938767906874,509.922687501098,510.783688741545,20,0.1,1.5
1995,17,0.230876145667642,0,1.31137043924714,0,13.2676218229165,523.190309324015,524.051310564461,20,0.1,1.5
1995,16,0.230876145667642,0,1.30875018847815,0,13.2414193152266,536.431728639242,537.292729879688,20,0.1,1.5
1995,15,0.230876145667642,0,1.30613517323522,0,13.2152691627973,549.646997802039,550.507999042485,20,0.1,1.5
1995,14,0.230876145667642,0,1.30352538305721,0,13.1891712610172,562.836169063056,563.697170303502,20,0.1,1.5
1995,13,0.230876145667642,0,1.30092080750394,0,13.1631255054845,575.99929456854,576.860295808987,20,0.1,1.5
1995,12,0.230876145667642,0,1.29832143615605,0,13.1371317920056,589.136426360546,589.997427600992,20,0.1,1.5
1995,11,0.230876145667642,0,1.29572725861501,0,13.1111900165952,602.247616377141,603.108617617588,20,0.1,1.5
1995,10,0.230876145667642,0,1.29313826450307,0,13.0853000754758,615.332916452617,616.193917693063,20,0.1,1.5
1995,9,0.230876145667642,0,1.29055444346321,0,13.0594618650772,628.392378317694,629.25337955814,20,0.1,1.5
1995,8,0.230876145667642,0,1.28797578515912,0,13.0336752820363,641.42605359973,642.287054840177,20,0.1,1.5
1995,7,0.230876145667642,0,1.28540227927513,0,13.0079402231964,654.433993822927,655.294995063373,20,0.1,1.5
1995,6,0.230876145667642,0,1.28283391551617,0,12.9822565856068,667.416250408533,668.27725164898,20,0.1,1.5
1995,5,0.230876145667642,0,1.28027068360777,0,12.9566242665228,680.372874675056,681.233875915503,20,0.1,1.5
1995,4,0.230876145667642,0,1.27771257329596,0,12.9310431634047,693.303917838461,694.164919078907,20,0.1,1.5
1995,3,0.230876145667642,0,1.27515957434729,0,12.905513173918,706.209431012379,707.070432252825,20,0.1,1.5
1995,2,0.0115438072833821,0,0.000541832900661874,0,0.0131142005288735,706.222545212908,707.083546453354,1,0.1,1.5
1995,1,150,0,1.28739617657621,0,112.873961765762,819.09650697867,819.957508219116,99999,0.1,1.5
1996,121,0.00010328346784524,0.0265897441902674,0.0265897441902674,0,0.531863739450579,0,0,1,0.1,1.5
1996,120,9.93221297968307e-05,0.000259349216623422,0.0259323281701759,0.000848191715143138,0.274100013123236,0.261982988621192,0.274100013123236,1,0.1,1.5
1996,119,9.62260267864903e-05,0.000204076871479929,0.0256274502893292,0.000830551050351225,0.270244437297633,0.520362410913807,0.544344450420869,1,0.1,1.5
1996,118,9.39093157359198e-05,0.000200326585252279,0.0254570703008897,0.000819081705276722,0.268337742290149,0.776998985985717,0.812682192711018,1,0.1,1.5
1996,117,9.22954497642281e-05,0.000198590989691227,0.0254169151894119,0.000811913910663637,0.267815362243212,1.03321557807659,1.08049755495423,1,0.1,1.5
1996,116,9.13096760748181e-05,0.000197825411222422,0.0254988718294927,0.000808639824726986,0.268579843020634,1.29024342360113,1.34907739797486,1,0.1,1.5
1996,115,9.08799205917309e-05,0.000197868738565298,0.0256877691029192,0.000808669979066261,0.270469393300948,1.5491603886297,1.61954679127581,1,0.1,1.5
1996,114,9.09181511776128e-05,0.000198573351355972,0.025967409533193,0.00081140006205687,0.27331187040423,1.81088082957597,1.89285866168004,1,0.1,1.5
1996,113,9.13426677909883e-05,0.000199671702289306,0.0263051490641193,0.000815735069878822,0.276762460917073,2.07598993235192,2.16962112259712,1,0.1,1.5
1996,112,9.20091095629163e-05,0.00020102701836323,0.0266846015988532,0.000821115046671716,0.280647840530992,2.34490755793046,2.45026896312811,1,0.1,1.5
1996,111,9.28453480993618e-05,0.000202144436158376,0.0270406903519992,0.000825518293630743,0.284283363260748,2.61739780271077,2.73455232638885,1,0.1,1.5
1996,110,9.35740399939811e-05,0.000203767155049851,0.0274734237534408,0.000831979583402807,0.288719714398276,2.894232094489,3.02327204078713,1,0.1,1.5
1996,109,9.46190478656791e-05,0.000207276530300015,0.0281739481619961,0.000846135381620269,0.295962974597066,3.17810742077721,3.3192350153842,1,0.1,1.5
1996,108,9.68099325605506e-05,0.000212763764604902,0.0291640131270902,0.000868351073416653,0.306237324206515,3.4719397296492,3.62547233959071,1,0.1,1.5
1996,107,0.000100297303143751,0.00022029640646143,0.0304637569680411,0.000898894493441874,0.3197487485201,3.77884712826299,3.94522108811081,1,0.1,1.5
1996,106,0.000105278796428683,0.000229885714450356,0.0320873465789921,0.000937802661995817,0.336639689684365,4.1020896370617,4.28186077779518,1,0.1,1.5
1996,105,0.00011200539294908,0.000241456019024498,0.0340386850614563,0.000984756876534522,0.356944036445838,4.44496571812847,4.63880481424102,1,0.1,1.5
1996,104,0.000120785541874898,0.000254810118023637,0.0363061966870605,0.00103894190445706,0.380532618951954,4.8106563098739,5.01933743319297,1,0.1,1.5
1996,103,0.00013198617346202,0.000269589017278386,0.0388562277505846,0.00109888253937056,0.407044480451946,5.20200246833483,5.42638191364492,1,0.1,1.5
1996,102,0.000146022023884342,0.00028524863372957,0.0416280597952478,0.00116234987706553,0.43583543054949,5.62123290064053,5.86221734419441,1,0.1,1.5
1996,101,0.000163340102769242,0.000301029488510818,0.0445269057588643,0.00122623967581338,0.465905955530074,6.06962114651613,6.32812329972448,1,0.1,1.5
1996,100,0.000184356430157904,0.00031603700596956,0.0474322521564809,0.00128690187962147,0.495990108477298,6.5472269424274,6.82411340820178,1,0.1,1.5
1996,99,0.000209462986364965,0.000329167248628717,0.0501826237242895,0.00133984085208486,0.524398135321304,7.0524844941475,7.34851154352308,1,0.1,1.5
1996,98,0.00023869867776749,0.000339943421497791,0.0527005096967454,0.00138312178260762,0.550322546242957,7.58304815778177,7.89883408976604,1,0.1,1.5
1996,97,0.000273545078180885,0.000347367804579528,0.0548167109707368,0.00141269749496775,0.57200454392387,8.13487130892039,8.47083863368991,1,0.1,1.5
1996,96,0.000315752856364506,0.000349783409204876,0.0562366330739567,0.00142185309832963,0.586386853854854,8.70094597565625,9.05722548754476,1,0.1,1.5
1996,95,0.00036499349100484,0.0003472963501267,0.0569258086439561,0.00141105474217964,0.593132303823112,9.27392035459108,9.65035779136787,1,0.1,1.5
1996,94,0.000419058236425454,0.000344124691596201,0.0575388059408982,0.00139746487146839,0.59907246236068,9.85302903307364,10.2494302537286,1,0.1,1.5
1996,93,0.000482448475944876,0.0003406513905954,0.0581353720400316,0.00138264189781418,0.604833893735197,10.4381108996972,10.8542641474638,1,0.1,1.5
1996,92,0.00060299185065275,0.000336895466924295,0.05871457377699,0.00136666436008817,0.610440463578933,11.0290275867035,11.4647046110427,1,0.1,1.5
1996,91,0.000790773523234668,0.000332866692986672,0.0592765473532595,0.00134957315675281,0.615900939336325,11.6256489095147,12.080605550379,1,0.1,1.5
1996,90,0.0010414617850305,0.000328570228236029,0.0598216052257492,0.00133139043966757,0.621215925820362,12.2278449719113,12.7018214761994,1,0.1,1.5
1996,89,0.00134841444488856,0.000324012424388312,0.0603504161769779,0.00131214318028306,0.626388131552393,12.8354882008882,13.3282096077518,1,0.1,1.5
1996,88,0.00170280607384191,0.000319200563780099,0.0608639769681793,0.00129186209293268,0.631422152125003,13.448455180257,13.9596317598768,1,0.1,1.5
1996,87,0.00209388679772291,0.000314125205780123,0.0613601243996506,0.00127051024043037,0.636288566877985,14.0665936008431,14.5959203267548,1,0.1,1.5
1996,86,0.00252911276352324,0.000308780917967132,0.0618358981154707,0.00124806707306906,0.640962395125333,14.6897264663532,15.2368827218801,1,0.1,1.5
1996,85,0.00302291307004381,0.000303181590818555,0.0622915500895891,0.00122459021872269,0.645456738165858,15.3176890585373,15.8823394600459,1,0.1,1.5
1996,84,0.00357226601493947,0.00029733483897764,0.0627272861150049,0.00120011187400334,0.649772175559357,15.9503167787538,16.5321116356053,1,0.1,1.5
1996,83,0.00417217271569693,0.000291249319148038,0.0631436464360879,0.00117466841504274,0.653911383387244,16.5874471847833,17.1860230189925,1,0.1,1.5
1996,82,0.00481565734026768,0.000284934594662904,0.063541512759013,0.00114829983202414,0.657879195078235,17.2289220965469,17.8439022140708,1,0.1,1.5
1996,81,0.00549378725136755,0.000278400914934772,0.0639220960588214,0.00112104882131196,0.661682477733406,17.8745895911187,18.5055846918042,1,0.1,1.5
1996,80,0.00617346163419549,0.000271650383379924,0.0642863206964718,0.00109292524621232,0.665308569691014,18.5242849430066,19.1708932614952,1,0.1,1.5
1996,79,0.00684460455639497,0.000264695862504951,0.0646360300822048,0.0010639822741419,0.668770075924817,19.177855272158,19.83966333742,1,0.1,1.5
1996,78,0.00751361466098227,0.000257556739280302,0.0649738339031922,0.00103429914102299,0.672098684879994,19.8351782550234,20.5117620223,1,0.1,1.5
1996,77,0.00816621169751122,0.000250244210542539,0.0653020476203461,0.00100392196883615,0.675308801852505,20.4961453144639,21.1870708241525,1,0.1,1.5
1996,76,0.0087871703769529,0.000242768841828868,0.0656231104890034,0.000972894216432735,0.67841539569914,21.1606622213569,21.8654862198517,1,0.1,1.5
1996,75,0.00936087758225378,0.000235120176301718,0.0659336819663799,0.0009411751008652,0.681373965065441,21.8285908278386,22.5468601849171,1,0.1,1.5
1996,74,0.00990134123530219,0.000227295258918907,0.0662297997472313,0.000908754177072428,0.684154046747976,22.4997626720569,23.2310142316651,1,0.1,1.5
1996,73,0.0104302392195847,0.000219311946549871,0.0665128446681515,0.000875704285730069,0.686785120184785,23.174037731017,23.9177993518499,1,0.1,1.5
1996,72,0.010943330463636,0.000211178460938535,0.0667833813662776,0.000842059578322725,0.689270574462052,23.8512788829316,24.6070699263119,1,0.1,1.5
1996,71,0.0114363299740136,0.000202902959976048,0.0670420044204296,0.000807853894772455,0.691614063712053,24.5313521767183,25.298683990024,1,0.1,1.5
1996,70,0.0119049406274879,0.000194493497571739,0.067289331802009,0.000773120600763813,0.693819460091711,25.2141270567991,25.9925034501157,1,0.1,1.5
1996,69,0.0123448861905648,0.000185957986257573,0.0675259975989165,0.000737892436797596,0.695890800504464,25.8994765367779,26.6883942506201,1,0.1,1.5
1996,68,0.0127519454795913,0.000177304164126331,0.0677526443537451,0.000702201385396419,0.697832230527914,26.587277318943,27.3862264811481,1,0.1,1.5
1996,67,0.0131219875903563,0.000168539566565571,0.0679699150530625,0.000666078558292953,0.699647945898798,27.2774098568662,28.0858744270469,1,0.1,1.5
1996,66,0.0134510081719988,0.000159671504879083,0.0681784455522661,0.000629554111852125,0.701342139522101,27.969758366219,28.787216566569,1,0.1,1.5
1996,65,0.0137351630507112,0.000150707039739573,0.068378852211026,0.000592657143240147,0.702918898492513,28.6642107340938,29.4901354650615,1,0.1,1.5
1996,64,0.0139708242108946,0.00014165216395381,0.0685713115040508,0.000555412493308163,0.704377983677425,29.3606542535811,30.1945134487389,1,0.1,1.5
1996,63,0.0141566193856268,0.000132512474865277,0.0687556020966148,0.000517843440436347,0.70571665540669,30.058973145553,30.9002301041456,1,0.1,1.5
1996,62,0.0142935557971787,0.000123294445231847,0.0689317277358461,0.000479976680113162,0.7069360687248,30.7590524045619,31.6071661728704,1,0.1,1.5
1996,61,0.0143819976631218,0.000114004314376679,0.0690996114278005,0.000441837963077234,0.708036126764956,31.4607765604257,32.3152022996353,1,0.1,1.5
1996,60,0.014422593205688,0.000104648330402134,0.0692591345850436,0.00040345305152426,0.709016506313358,32.1640294517173,33.0242188059487,1,0.1,1.5
1996,59,0.0144162531860736,9.52327676619032e-05,0.0694101397733773,0.000364847789979719,0.709876672153199,32.8686940125851,33.7340954781019,1,0.1,1.5
1996,58,0.014364130186679,8.57639456139337e-05,0.0695524357283233,0.000326048180911337,0.710615914686368,33.5746520961156,34.4447113927883,1,0.1,1.5
1996,57,0.0142675880575216,7.62482460837931e-05,0.069685804948017,0.000287080453088405,0.711233406642523,34.2817843534282,35.1559447994308,1,0.1,1.5
1996,56,0.0141281581999049,6.66914610215764e-05,0.0698092525304977,0.00024796865772752,0.71172062144457,34.9899625654767,35.8676654208754,1,0.1,1.5
1996,55,0.0139511180168428,5.71046494742461e-05,0.0699278605172711,0.00020875614004441,0.712132627584078,35.6991129624887,36.5797980484594,1,0.1,1.5
1996,54,0.0137134382863921,4.77265069838071e-05,0.070433762293552,0.000170282928958408,0.71638979346712,36.413070142685,37.2961878419266,1,0.1,1.5
1996,53,0.0115438072833821,3.78561886193565e-05,0.070392560169963,0.000130052527604375,0.71385792835957,37.1250701777931,38.0100457702861,1,0.1,1.5
1996,52,0.230876145667642,5.6224001753804e-05,1.25806145555902,0.000153699237934645,12.7372899294518,49.8601644038459,50.747335699738,20,0.1,1.5
1996,51,0.230876145667642,4.98945343336919e-54,1.06552434237381,0,10.8091608541832,60.6693252580291,61.5564965539212,20,0.1,1.5
1996,50,0.230876145667642,5.40973240719205e-84,1.18125858765546,0,11.9665033069997,72.6358285650288,73.5229998609209,20,0.1,1.5
1996,49,0.230876145667642,7.75843450946571e-118,1.30217905217777,0,13.1757079522228,85.8115365172516,86.6987078131437,20,0.1,1.5
1996,48,0.230876145667642,4.03362672442075e-140,1.38844182010948,0,14.0383356315399,99.8498721487915,100.737043444684,20,0.1,1.5
1996,47,0.230876145667642,3.56754758476516e-142,1.39232598959619,0,14.077177326407,113.927049475199,114.814220771091,20,0.1,1.5
1996,46,0.230876145667642,3.5675475847652e-182,1.3895439814498,0,14.0493572449431,127.976406720142,128.863578016034,20,0.1,1.5
1996,45,0.230876145667642,3.56754758476525e-222,1.38676753203706,0,14.0215927508157,141.997999470957,142.88517076685,20,0.1,1.5
1996,44,0.230876145667642,3.5675475847653e-262,1.38399663025106,0,13.9938837329557,155.991883203913,156.879054499805,20,0.1,1.5
1996,43,0.230876145667642,3.56754758476534e-302,1.38123126500706,0,13.9662300805157,169.958113284429,170.845284580321,20,0.1,1.5
1996,42,0.230876145667642,0,1.37847142524252,0,13.9386316828703,183.896744967299,184.783916263191,20,0.1,1.5
1996,41,0.230876145667642,0,1.37571709991695,0,13.9110884296146,197.807833396914,198.695004692806,20,0.1,1.5
1996,40,0.230876145667642,0,1.37296827801196,0,13.8836002105647,211.691433607478,212.578604903371,20,0.1,1.5
1996,39,0.230876145667642,0,1.37022494853115,0,13.8561669157565,225.547600523235,226.434771819127,20,0.1,1.5
1996,38,0.230876145667642,0,1.36748710050009,0,13.828788435446,239.376388958681,240.263560254573,20,0.1,1.5
1996,37,0.230876145667642,0,1.36475472296631,0,13.8014646601082,253.177853618789,254.065024914681,20,0.1,1.5
1996,36,0.230876145667642,0,1.36202780499919,0,13.774195480437,266.952049099226,267.839220395118,20,0.1,1.5
1996,35,0.230876145667642,0,1.35930633568997,0,13.7469807873448,280.699029886571,281.586201182463,20,0.1,1.5
1996,34,0.230876145667642,0,1.35659030415168,0,13.7198204719619,294.418850358533,295.306021654425,20,0.1,1.5
1996,33,0.230876145667642,0,1.3538796995191,0,13.6927144256361,308.111564784169,308.998736080061,20,0.1,1.5
1996,32,0.230876145667642,0,1.35117451094872,0,13.6656625399323,321.777227324101,322.664398619993,20,0.1,1.5
1996,31,0.230876145667642,0,1.34847472761871,0,13.6386647066322,335.415892030734,336.303063326626,20,0.1,1.5
1996,30,0.230876145667642,0,1.34578033872885,0,13.6117208177336,349.027612848467,349.914784144359,20,0.1,1.5
1996,29,0.230876145667642,0,1.3430913335005,0,13.5848307654501,362.612443613917,363.499614909809,20,0.1,1.5
1996,28,0.230876145667642,0,1.34040770117656,0,13.5579944422106,376.170438056128,377.05760935202,20,0.1,1.5
1996,27,0.230876145667642,0,1.33772943102142,0,13.5312117406593,389.701649796787,390.588821092679,20,0.1,1.5
1996,26,0.230876145667642,0,1.33505651232093,0,13.5044825536544,403.206132350442,404.093303646334,20,0.1,1.5
1996,25,0.230876145667642,0,1.33238893438235,0,13.4778067742686,416.68393912471,417.571110420602,20,0.1,1.5
1996,24,0.230876145667642,0,1.32972668653428,0,13.4511842957879,430.135123420498,431.02229471639,20,0.1,1.5
1996,23,0.230876145667642,0,1.32706975812667,0,13.4246150117118,443.55973843221,444.446909728102,20,0.1,1.5
1996,22,0.230876145667642,0,1.32441813853074,0,13.3980988157525,456.957837247962,457.845008543854,20,0.1,1.5
1996,21,0.230876145667642,0,1.32177181713895,0,13.3716356018346,470.329472849797,471.216644145689,20,0.1,1.5
1996,20,0.230876145667642,0,1.31913078336494,0,13.3452252640945,483.674698113892,484.561869409783,20,0.1,1.5
1996,19,0.230876145667642,0,1.31649502664353,0,13.3188676968804,496.993565810772,497.880737106664,20,0.1,1.5
1996,18,0.230876145667642,0,1.31386453643063,0,13.2925627947514,510.286128605523,511.173299901415,20,0.1,1.5
1996,17,0.230876145667642,0,1.31123930220322,0,13.2663104524773,523.552439058001,524.439610353892,20,0.1,1.5
1996,16,0.230876145667642,0,1.30861931345931,0,13.2401105650382,536.792549623039,537.679720918931,20,0.1,1.5
1996,15,0.230876145667642,0,1.30600455971789,0,13.213963027624,550.006512650663,550.893683946555,20,0.1,1.5
1996,14,0.230876145667642,0,1.30339503051891,0,13.1878677356342,563.194380386297,564.081551682189,20,0.1,1.5
1996,13,0.230876145667642,0,1.30079071542319,0,13.161824584677,576.356204970974,577.243376266866,20,0.1,1.5
1996,12,0.230876145667642,0,1.29819160401243,0,13.1358334705694,589.492038441543,590.379209737435,20,0.1,1.5
1996,11,0.230876145667642,0,1.29559768588915,0,13.1098942893365,602.60193273088,603.489104026772,20,0.1,1.5
1996,10,0.230876145667642,0,1.29300895067662,0,13.0840069372113,615.685939668091,616.573110963983,20,0.1,1.5
1996,9,0.230876145667642,0,1.29042538801886,0,13.0581713106337,628.744110978725,629.631282274617,20,0.1,1.5
1996,8,0.230876145667642,0,1.2878469875806,0,13.0323873062511,641.776498284976,642.663669580868,20,0.1,1.5
1996,7,0.230876145667642,0,1.2852737390472,0,13.0066548209171,654.783153105893,655.670324401785,20,0.1,1.5
1996,6,0.230876145667642,0,1.28270563212462,0,12.9809737516913,667.764126857584,668.651298153476,20,0.1,1.5
1996,5,0.230876145667642,0,1.28014265653941,0,12.9553439958392,680.719470853423,681.606642149316,20,0.1,1.5
1996,4,0.230876145667642,0,1.27758480203863,0,12.9297654508314,693.649236304255,694.536407600147,20,0.1,1.5
1996,3,0.230876145667642,0,1.27503205838985,0,12.9042380143436,706.553474318598,707.440645614491,20,0.1,1.5
1996,2,0.0115438072833821,0,0.000541778717371808,0,0.0131136586959728,706.566587977294,707.453759273187,1,0.1,1.5
1996,1,150,0,1.28726743695856,0,112.872674369586,819.43926234688,820.326433642772,99999,0.1,1.5
1997,122,0.00010752209555898,0.0273979370790206,0.0273979370790206,0,0.548030422977451,0,0,1,0.1,1.5
1997,121,0.00010328346784524,0.000265897441902675,0.0265870852158484,0.000897123138621877,0.281414727060196,0.268598682222741,0.281414727060196,1,0.1,1.5
1997,120,9.93221297968307e-05,0.000214641420952019,0.0261417828661447,0.000874079316851042,0.276117305007752,0.532229139846906,0.557532032067948,1,0.1,1.5
1997,119,9.62260267864903e-05,0.000209678531302606,0.025832525306888,0.000857384757372652,0.272734542743183,0.792715328913337,0.830266574811131,1,0.1,1.5
1997,118,9.39093157359198e-05,0.000206773692171703,0.0256592950201787,0.000845419415738446,0.27080071355883,1.05143862224733,1.10106728836996,1,0.1,1.5
1997,117,9.22954497642281e-05,0.000204964387562822,0.0256173519755589,0.000837865908061595,0.270254206903369,1.30972331617839,1.37132149527333,1,0.1,1.5
1997,116,9.13096760748181e-05,0.000204138210293971,0.0256984818984915,0.000834331113694243,0.271006090115156,1.56881039038363,1.64232758538848,1,0.1,1.5
1997,115,9.08799205917309e-05,0.000204146182152218,0.0258873678207755,0.000834204549520812,0.272892934493302,1.82978611702664,1.91522051988179,1,0.1,1.5
1997,114,9.09181511776128e-05,0.000204835749027777,0.0261676628077539,0.000836860371052282,0.275740745826491,2.09357171469524,2.19096126570828,1,0.1,1.5
1997,113,9.13426677909883e-05,0.000205930484492599,0.0265064523166826,0.000841167298862648,0.279201398821651,2.36075643781885,2.47016266452993,1,0.1,1.5
1997,112,9.20091095629163e-05,0.000207289031851561,0.0268872119003612,0.000846546650140057,0.283099872301932,2.63176278654735,2.75326253683186,1,0.1,1.5
1997,111,9.28453480993618e-05,0.000208401017769269,0.0272443658563717,0.000850913706768069,0.286745475736829,2.90635235218749,3.04000801256869,1,0.1,1.5
1997,110,9.35740399939811e-05,0.0002100325674012,0.0276786713069162,0.00085739627395456,0.291197939635854,3.185301773624,3.33120595220454,1,0.1,1.5
1997,109,9.46190478656791e-05,0.000213606610708067,0.028382664612585,0.000871799159313843,0.298480065302658,3.47132756522217,3.6296860175072,1,0.1,1.5
1997,108,9.68099325605506e-05,0.000219215406000212,0.0293781844941316,0.000894491422538961,0.308816987849773,3.76736610417853,3.93850300535697,1,0.1,1.5
1997,107,0.000100297303143751,0.000226926587425083,0.0306854342157048,0.000925740560345693,0.322415338047857,4.07655657707859,4.26091834340483,1,0.1,1.5
1997,106,0.000105278796428683,0.000236749522643458,0.0323185885098332,0.000965575160055587,0.339417497046989,4.40218014326764,4.60033584045182,1,0.1,1.5
1997,105,0.00011200539294908,0.000248603779323876,0.0342814704120838,0.00101365637799664,0.359856217575994,4.74755555544369,4.96019205802781,1,0.1,1.5
1997,104,0.000120785541874898,0.000262283577294501,0.0365623015435061,0.00106913335010206,0.383599708475476,5.11588193034628,5.34379176650329,1,0.1,1.5
1997,103,0.00013198617346202,0.000277416525015424,0.0391270627626522,0.0011304757583274,0.410282437349375,5.51001471400526,5.75407420385267,1,0.1,1.5
1997,102,0.000146022023884342,0.000293439955603679,0.0419144844585347,0.00119537873946772,0.439253431292559,5.93219130616257,6.19332763514523,1,0.1,1.5
1997,101,0.000163340102769242,0.000309570213838452,0.0448290129872417,0.00126063977794964,0.469503865097643,6.38368603157521,6.66283150024287,1,0.1,1.5
1997,100,0.000184356430157904,0.000324885839965063,0.0477492344011706,0.00132250006826343,0.499756964816178,6.86455013827334,7.16258846505905,1,0.1,1.5
1997,99,0.000209462986364965,0.000338251885507501,0.0505125656749382,0.00137633927602327,0.528309807252843,7.37319795586871,7.69089827231189,1,0.1,1.5
1997,98,0.00023869867776749,0.000349179879866884,0.0530410200914277,0.0014201763335082,0.554349365500622,7.9072590880335,8.24524763781251,1,0.1,1.5
1997,97,0.000273545078180885,0.000356648051787732,0.0551644036733816,0.00144986881977493,0.576105292348218,8.46265196867065,8.82135293016073,1,0.1,1.5
1997,96,0.000315752856364506,0.000358961108674457,0.0565864726852318,0.00145855076275554,0.590501279311241,9.03231680851395,9.41185420947197,1,0.1,1.5
1997,95,0.00036499349100484,0.000356236649046178,0.0572728797486366,0.0014467376190043,0.597202173242321,9.60885130148479,10.0090563827143,1,0.1,1.5
1997,94,0.000419058236425454,0.000352807464783059,0.0578824182781712,0.00143205215036095,0.603089517449458,10.1914829310719,10.6121459001637,1,0.1,1.5
1997,93,0.000482448475944876,0.000349066988359499,0.0584752189772811,0.00141609483073846,0.608794418127109,10.7800474230456,11.2209403182909,1,0.1,1.5
1997,92,0.00060299185065275,0.000345035044691286,0.0590503684096344,0.00139894754483425,0.614340994036562,11.374403452156,11.8352813123274,1,0.1,1.5
1997,91,0.000790773523234668,0.000340721956118068,0.0596080129877124,0.00138065351026833,0.61973815336239,11.9744179839431,12.4550194656898,1,0.1,1.5
1997,90,0.0010414617850305,0.000336133312199253,0.0601484706751435,0.00136123671754903,0.624986586552244,12.5799583316733,13.0800060522421,1,0.1,1.5
1997,89,0.00134841444488856,0.000331275919314647,0.0606724169304309,0.00134072607051237,0.630089101039463,13.190894203134,13.7100951532815,1,0.1,1.5
1997,88,0.00170280607384191,0.000326157528870972,0.0611808560937156,0.00131915426782936,0.635050401244085,13.8070995434091,14.3451455545256,1,0.1,1.5
1997,87,0.00209388679772291,0.000320768812165393,0.0616716159473183,0.00129648495677799,0.639840985794909,14.4284193155357,14.9849865403205,1,0.1,1.5
1997,86,0.00252911276352324,0.000315104577446937,0.0621417312939264,0.00127269869285493,0.644435843787343,15.0546737494251,15.6294223841079,1,0.1,1.5
1997,85,0.00302291307004381,0.000309179370588859,0.0625914684892608,0.00124785583092455,0.648848265848876,15.6856955034037,16.2782706499567,1,0.1,1.5
1997,84,0.00357226601493947,0.000303001316890611,0.0630210413548942,0.00122199072118762,0.653078947697155,16.3213174407981,16.9313495976539,1,0.1,1.5
1997,83,0.00417217271569693,0.000296579596952165,0.063430999175205,0.00119514193897448,0.657130692469767,16.9613746769968,17.5884802901236,1,0.1,1.5
1997,82,0.00481565734026768,0.000289924303952664,0.0638222335657432,0.00116735168888842,0.66100846962221,17.6057066939206,18.2494887597459,1,0.1,1.5
1997,81,0.00549378725136755,0.000283046214477337,0.0641959660545435,0.00113866486158504,0.66471928840424,18.2541593414451,18.9142080481501,1,0.1,1.5
1997,80,0.00617346163419549,0.000275947815386878,0.0645531233759552,0.00110909296335139,0.668250538193619,18.906565694448,19.5824585863437,1,0.1,1.5
1997,79,0.00684460455639497,0.000268642527160524,0.0648955620477321,0.00107869146140374,0.671614993473243,19.5627708099012,20.254073579817,1,0.1,1.5
1997,78,0.00751361466098227,0.000261150352648551,0.0652259113050576,0.00104754208102754,0.674844579889538,20.2226505029189,20.9289181597065,1,0.1,1.5
1997,77,0.00816621169751122,0.000253482934314462,0.0655464979077931,0.00101569276800199,0.677953846238492,20.8860944524716,21.606872005945,1,0.1,1.5
1997,76,0.0087871703769529,0.000245651242526473,0.0658597717320627,0.00098318863222529,0.68095789521946,21.5530067958022,22.2878299011644,1,0.1,1.5
1997,75,0.00936087758225378,0.000237644976979317,0.0661623823733996,0.000949989654425102,0.683812139336126,22.2232476543608,22.9716420405006,1,0.1,1.5
1997,74,0.00990134123530219,0.000229461496857296,0.0664503653115246,0.000916086766699681,0.686486116050683,22.8966468166015,23.6581281565513,1,0.1,1.5
1997,73,0.0104302392195847,0.000221119190898016,0.0667251194551172,0.000881554940004771,0.689009521273277,23.5730626958747,24.3471376778245,1,0.1,1.5
1997,72,0.010943330463636,0.000212626679190067,0.0669872179227216,0.000846429963295098,0.691385856280042,24.2523566955362,25.0385235341046,1,0.1,1.5
1997,71,0.0114363299740136,0.000203992503292874,0.0672372636936807,0.000810747249497868,0.693618885516667,24.9343934774886,25.7321424196212,1,0.1,1.5
1997,70,0.0119049406274879,0.000195225085166671,0.0674758830190197,0.000774541669230949,0.695712589115869,25.6190411856155,26.4278550087371,1,0.1,1.5
1997,69,0.0123448861905648,0.000186332689061975,0.067703718108356,0.000737847397215611,0.697671109204303,26.3061716177167,27.1255261179414,1,0.1,1.5
1997,68,0.0127519454795913,0.000177323387990368,0.0679214194356588,0.000700697777866501,0.699498693478121,26.9956603429396,27.8250248114195,1,0.1,1.5
1997,67,0.0131219875903563,0.000168205035238894,0.0681296377011304,0.000663125211895894,0.701199636403396,27.6873867620302,28.5262244478229,1,0.1,1.5
1997,66,0.0134510081719988,0.000158985243011822,0.068329016235674,0.000625161072126504,0.70277822602714,28.3812341155984,29.2290026738501,1,0.1,1.5
1997,65,0.0137351630507112,0.000149671356207433,0.0685201786116149,0.000586835601403815,0.704238640779704,29.0770893906437,29.9332413146298,1,0.1,1.5
1997,64,0.0139708242108946,0.000140269644966579,0.0687033074962274,0.00054817476514392,0.705580722292687,29.774839044863,30.6388220369225,1,0.1,1.5
1997,63,0.0141566193856268,0.00013078598485774,0.0688781873965142,0.000509202972822391,0.706801808253981,30.4743665249338,31.3456238451764,1,0.1,1.5
1997,62,0.0142935557971787,0.000121227114480609,0.0690448287331008,0.000469947988931315,0.707903138372952,31.1755561206077,32.0535269835494,1,0.1,1.5
1997,61,0.0143819976631218,0.000111599533913075,0.069203160957427,0.000430436612648147,0.708884697821884,31.8782917239632,32.7624116813713,1,0.1,1.5
1997,60,0.014422593205688,0.000101909746185086,0.0693530719344662,0.000390695628748345,0.709746245068614,32.5824566029068,33.4721579264399,1,0.1,1.5
1997,59,0.0144162531860736,9.21642751715488e-05,0.0694944107068949,0.000350751880210534,0.710487326423912,33.2879331881849,34.1826452528638,1,0.1,1.5
1997,58,0.014364130186679,8.23696846839736e-05,0.0696269925299783,0.000310632344766564,0.711107313862979,33.9946028971226,34.8937525667268,1,0.1,1.5
1997,57,0.0142675880575216,7.25325957329392e-05,0.0697506064807943,0.000270364203175547,0.711605461896604,34.7023460132596,35.6053580286234,1,0.1,1.5
1997,56,0.0141281581999049,6.26590790420957e-05,0.0698642637696765,0.000229972634393844,0.71197332396894,35.41103401388,36.3173313525923,1,0.1,1.5
1997,55,0.0139511180168428,5.27600815058449e-05,0.0699730567662305,0.000189500377292541,0.712266062068961,36.1205929277019,37.0295974146613,1,0.1,1.5
1997,54,0.0137134382863921,4.304799730944e-05,0.0704692896495622,0.000149671837083195,0.716403837760833,36.8348585963616,37.7460012524221,1,0.1,1.5
1997,53,0.0115438072833821,3.28916937872874e-05,0.0704180340458471,0.000108297526156738,0.713752236435124,37.5470637252802,38.4597534888573,1,0.1,1.5
1997,52,0.230876145667642,3.89870495011994e-05,1.25797407422294,9.48693929103015e-05,12.7354033202111,50.2811117684497,51.1951568090684,20,0.1,1.5
1997,51,0.230876145667642,4.98945343336919e-56,1.06541778993957,0,10.8080953298408,61.0892070982905,62.0032521389092,20,0.1,1.5
1997,50,0.230876145667642,5.40973240719206e-86,1.1811404617967,0,11.9653220484121,73.0545291467026,73.9685741873213,20,0.1,1.5
1997,49,0.230876145667642,7.75843450946571e-120,1.30204883427255,0,13.1744057731706,86.2289349198732,87.1429799604919,20,0.1,1.5
1997,48,0.230876145667642,4.03362672442075e-142,1.38830297592747,0,14.0369471897198,100.265882109593,101.179927150212,20,0.1,1.5
1997,47,0.230876145667642,3.56754758476516e-144,1.39218675699723,0,14.0757850004174,114.34166711001,115.255712150629,20,0.1,1.5
1997,46,0.230876145667642,3.56754758476521e-184,1.38940502705166,0,14.0479677009617,128.389634810972,129.303679851591,20,0.1,1.5
1997,45,0.230876145667642,3.56754758476525e-224,1.38662885528386,0,14.0202059832837,142.409840794256,143.323885834874,20,0.1,1.5
1997,44,0.230876145667642,3.5675475847653e-264,1.38385823058803,0,13.9924997363254,156.402340530581,157.3163855712,20,0.1,1.5
1997,43,0.230876145667642,3.56754758476534e-304,1.38109314188056,0,13.9648488492507,170.367189379832,171.281234420451,20,0.1,1.5
1997,42,0.230876145667642,0,1.3783335781,0,13.937253211445,184.304442591277,185.218487631896,20,0.1,1.5
1997,41,0.230876145667642,0,1.37557952820696,0,13.9097127125147,198.214155303792,199.12820034441,20,0.1,1.5
1997,40,0.230876145667642,0,1.37283098118416,0,13.8822272422867,212.096382546078,213.010427586697,20,0.1,1.5
1997,39,0.230876145667642,0,1.37008792603629,0,13.854796690808,225.951179236886,226.865224277505,20,0.1,1.5
1997,38,0.230876145667642,0,1.36735035179004,0,13.8274209483455,239.778600185232,240.692645225851,20,0.1,1.5
1997,37,0.230876145667642,0,1.36461824749401,0,13.8000999053852,253.578700090617,254.492745131236,20,0.1,1.5
1997,36,0.230876145667642,0,1.36189160221869,0,13.772833452632,267.351533543249,268.265578583868,20,0.1,1.5
1997,35,0.230876145667642,0,1.3591704050564,0,13.7456214810091,281.097155024258,282.011200064877,20,0.1,1.5
1997,34,0.230876145667642,0,1.35645464512126,0,13.7184638816577,294.815618905916,295.729663946535,20,0.1,1.5
1997,33,0.230876145667642,0,1.35374431154915,0,13.6913605459366,308.506979451853,309.421024492471,20,0.1,1.5
1997,32,0.230876145667642,0,1.35103939349763,0,13.6643113654214,322.171290817274,323.085335857893,20,0.1,1.5
1997,31,0.230876145667642,0,1.34833988014595,0,13.6373162319046,335.808607049179,336.722652089797,20,0.1,1.5
1997,30,0.230876145667642,0,1.34564576069497,0,13.6103750373948,349.418982086573,350.333027127192,20,0.1,1.5
1997,29,0.230876145667642,0,1.34295702436715,0,13.5834876741166,363.00246976069,363.916514801309,20,0.1,1.5
1997,28,0.230876145667642,0,1.34027366040644,0,13.5566540345095,376.5591237952,377.473168835818,20,0.1,1.5
1997,27,0.230876145667642,0,1.33759565807832,0,13.5298740112283,390.088997806428,391.003042847046,20,0.1,1.5
1997,26,0.230876145667642,0,1.3349230066697,0,13.5031474971421,403.59214530357,404.506190344188,20,0.1,1.5
1997,25,0.230876145667642,0,1.33225569548891,0,13.4764743853342,417.068619688904,417.982664729523,20,0.1,1.5
1997,24,0.230876145667642,0,1.32959371386562,0,13.4498545691013,430.518474258005,431.432519298624,20,0.1,1.5
1997,23,0.230876145667642,0,1.32693705115086,0,13.4232879419537,443.941762199959,444.855807240578,20,0.1,1.5
1997,22,0.230876145667642,0,1.32428569671689,0,13.396774397614,457.338536597573,458.252581638191,20,0.1,1.5
1997,21,0.230876145667642,0,1.32163963995723,0,13.3703138300174,470.708850427591,471.622895468209,20,0.1,1.5
1997,20,0.230876145667642,0,1.31899887028661,0,13.3439061333112,484.052756560902,484.96680160152,20,0.1,1.5
1997,19,0.230876145667642,0,1.31636337714087,0,13.3175512018538,497.370307762756,498.284352803374,20,0.1,1.5
1997,18,0.230876145667642,0,1.31373314997699,0,13.2912489302149,510.66155669297,511.575601733589,20,0.1,1.5
1997,17,0.230876145667642,0,1.311108178273,0,13.2649992131751,523.926555906145,524.840600946764,20,0.1,1.5
1997,16,0.230876145667642,0,1.30848845152796,0,13.2388019457247,537.16535785187,538.079402892489,20,0.1,1.5
1997,15,0.230876145667642,0,1.30587395926192,0,13.2126570230643,550.378014874934,551.292059915553,20,0.1,1.5
1997,14,0.230876145667642,0,1.30326469101586,0,13.1865643406037,563.564579215538,564.478624256157,20,0.1,1.5
1997,13,0.230876145667642,0,1.30066063635165,0,13.1605237939616,576.725103009499,577.639148050118,20,0.1,1.5
1997,12,0.230876145667642,0,1.29806178485203,0,13.1345352789654,589.859638288465,590.773683329083,20,0.1,1.5
1997,11,0.230876145667642,0,1.29546812612056,0,13.1085986916507,602.968236980115,603.882282020734,20,0.1,1.5
1997,10,0.230876145667642,0,1.29287964978155,0,13.0827139282606,616.050950908376,616.964995948995,20,0.1,1.5
1997,9,0.230876145667642,0,1.29029634548006,0,13.0568808852457,629.107831793622,630.02187683424,20,0.1,1.5
1997,8,0.230876145667642,0,1.28771820288185,0,13.0310994592636,642.138931252885,643.052976293504,20,0.1,1.5
1997,7,0.230876145667642,0,1.28514521167329,0,13.005369547178,655.144300800063,656.058345840682,20,0.1,1.5
1997,6,0.230876145667642,0,1.28257736156141,0,12.9796910460592,668.123991846122,669.038036886741,20,0.1,1.5
1997,5,0.230876145667642,0,1.28001464227375,0,12.9540638531826,681.078055699305,681.992100739924,20,0.1,1.5
1997,4,0.230876145667642,0,1.27745704355843,0,12.9284878660294,694.006543565334,694.920588605953,20,0.1,1.5
1997,3,0.230876145667642,0,1.27490455518401,0,12.9029629822852,706.90950654762,707.823551588239,20,0.1,1.5
1997,2,0.0115438072833821,0,0.000541724539500071,0,0.0131131169172554,706.922619664537,707.836664705156,1,0.1,1.5
1997,1,150,0,1.28713871021486,0,112.871387102149,819.794006766685,820.708051807304,99999,0.1,1.5
1998,123,0.000111579602478561,0.0282278615485175,0.0282278615485175,0,0.564631617372003,0,0,1,0.1,1.5
1998,122,0.00010752209555898,0.000273979370790206,0.0273951972853127,0.00095048137730397,0.290341753348125,0.276763447958068,0.290341753348125,1,0.1,1.5
1998,121,0.00010328346784524,0.000226939759074496,0.0268087072919823,0.000921701905368058,0.283592496232485,0.547188774113867,0.57393424958061,1,0.1,1.5
1998,120,9.93221297968307e-05,0.000220666243422281,0.0263576885170709,0.000899357431037136,0.27869772565866,0.813038536471996,0.85263197523927,1,0.1,1.5
1998,119,9.62260267864903e-05,0.000216442974656189,0.0260442882437005,0.0008820398811294,0.275272032598511,1.07570999934009,1.12790400783778,1,0.1,1.5
1998,118,9.39093157359198e-05,0.000213422590856329,0.0258680839446113,0.000869563641774009,0.273300009304796,1.33658767090525,1.40120401714258,1,0.1,1.5
1998,117,9.22954497642281e-05,0.000211516120891027,0.0258242567173768,0.000861628407208925,0.272728235928362,1.59700692958778,1.67393225307094,1,0.1,1.5
1998,116,9.13096760748181e-05,0.0002106241605265,0.0259044948287252,0.000857827098450267,0.273466735844904,1.85821899259768,1.94739898891584,1,0.1,1.5
1998,115,9.08799205917309e-05,0.000210592599201725,0.0260933302213736,0.000857529006794811,0.275350229202264,2.12131880741716,2.22274921811811,1,0.1,1.5
1998,114,9.09181511776128e-05,0.000211263450253348,0.0263742611342362,0.000860088168080595,0.278202831775403,2.38723466536284,2.50095204989351,1,0.1,1.5
1998,113,9.13426677909883e-05,0.000212351129560588,0.0267140934961666,0.000864339863732392,0.281673053708167,2.65656000673197,2.78262510360168,1,0.1,1.5
1998,112,9.20091095629163e-05,0.00021370955285353,0.0270961598417062,0.00086968812032194,0.285584149356571,2.92972004008394,3.06820925295825,1,0.1,1.5
1998,111,9.28453480993618e-05,0.00021481243686971,0.027454369846478,0.000873990805058635,0.289239302661619,3.20647375981615,3.35744855561987,1,0.1,1.5
1998,110,9.35740399939811e-05,0.000216449394162652,0.0278902525082742,0.000880460206726612,0.293707404670935,3.48760316153385,3.6511559602908,1,0.1,1.5
1998,109,9.46190478656791e-05,0.000220085855935541,0.0285977761359522,0.000895053187032999,0.301028173384592,3.77584486081797,3.9521841336754,1,0.1,1.5
1998,108,9.68099325605506e-05,0.000225815009694742,0.029598869531317,0.000918140769765614,0.311427682076095,4.07415624618313,4.26361181575149,1,0.1,1.5
1998,107,0.000100297303143751,0.000233704405960674,0.0309138008123696,0.000949988591703048,0.325113182647823,4.38569816323519,4.58872499839931,1,0.1,1.5
1998,106,0.000105278796428683,0.000243761285240331,0.0325567504409961,0.000990615851219773,0.342226958144075,4.71377346636184,4.93095195654339,1,0.1,1.5
1998,105,0.00011200539294908,0.000255900132292398,0.0345314563595417,0.0010396635473533,0.362800571571068,5.06172170154215,5.29375252811446,1,0.1,1.5
1998,104,0.000120785541874898,0.000269906173298459,0.0368259286508772,0.00109624655575008,0.386699537018484,5.43276057347849,5.68045206513294,1,0.1,1.5
1998,103,0.00013198617346202,0.000285393104832003,0.0394057689959578,0.00115878276010027,0.41355365122021,5.8297601852687,6.09400571635315,1,0.1,1.5
1998,102,0.000146022023884342,0.000301779084422967,0.0422091376949557,0.00122489699448915,0.442705044302412,6.25496670107841,6.53671076065556,1,0.1,1.5
1998,101,0.000163340102769242,0.000318255646625795,0.0451396900304304,0.00129129701316961,0.473135450360546,6.70965505125081,7.00984621101611,1,0.1,1.5
1998,100,0.000184356430157904,0.000333873875465508,0.0480750844947964,0.00135412591334249,0.503557143894283,7.1938675392402,7.51340335491039,1,0.1,1.5
1998,99,0.000209462986364965,0.000347467337860893,0.0508515992373766,0.00140865258990343,0.532253916170476,7.70599784698349,8.04565727108087,1,0.1,1.5
1998,98,0.00023869867776749,0.00035853588217572,0.0533907600727956,0.00145285640856615,0.558407183552503,8.24364993898505,8.60406445463337,1,0.1,1.5
1998,97,0.000273545078180885,0.000366033685461609,0.055521354437958,0.00148251372913114,0.580235012178666,8.8027061836047,9.18429946681204,1,0.1,1.5
1998,96,0.000315752856364506,0.00036822730177563,0.0569454517286521,0.00149063129173084,0.594642024947532,9.37605347581322,9.77894149175957,1,0.1,1.5
1998,95,0.00036499349100484,0.000365246771241538,0.0576288368654128,0.00147777558960934,0.601295245212109,9.95623764117376,10.3802367369717,1,0.1,1.5
1998,94,0.000419058236425454,0.000361541112238067,0.0582346430739336,0.00146197547153853,0.607126577898455,10.5424788551931,10.9873633148701,1,0.1,1.5
1998,93,0.000482448475944876,0.00035751437756821,0.058823395163068,0.00144486857643193,0.612771707386972,11.1346095829168,11.6001350222571,1,0.1,1.5
1998,92,0.00060299185065275,0.000353187236655476,0.059394200259002,0.00142653999602993,0.618255012324104,11.7324854524404,12.2183900345812,1,0.1,1.5
1998,91,0.000790773523234668,0.000348570597128264,0.0599472155639807,0.00140703524423079,0.623585547448924,12.3359704964003,12.8419755820301,1,0.1,1.5
1998,90,0.0010414617850305,0.00034367051250925,0.0604827650074633,0.00138638018665178,0.628764094294295,12.9449291594568,13.4707396763244,1,0.1,1.5
1998,89,0.00134841444488856,0.000338494276821238,0.061001531206366,0.00136460567582763,0.633793564592669,13.5592283572519,14.1045332409171,1,0.1,1.5
1998,88,0.00170280607384191,0.00033305014224605,0.0615045265750636,0.00134174639330436,0.638678776840958,14.1787393284742,14.7432120177581,1,0.1,1.5
1998,87,0.00209388679772291,0.000327328927316151,0.061989570024918,0.00131776681595699,0.643390154282114,14.8033042425284,15.3866021720402,1,0.1,1.5
1998,86,0.00252911276352324,0.000321325718988201,0.0624536917940108,0.00129264880203473,0.647902661763311,15.432740492834,16.0345048338035,1,0.1,1.5
1998,85,0.00302291307004381,0.000315055751437025,0.062897173300143,0.00126645534190797,0.652229785065943,16.0668780587299,16.6867346188694,1,0.1,1.5
1998,84,0.00357226601493947,0.000308527693465812,0.0633202369310557,0.00123922293552292,0.656372341715025,16.7055472156517,17.3431069605844,1,0.1,1.5
1998,83,0.00417217271569693,0.000301751280713143,0.0637234415600311,0.00121099233290818,0.66033326735469,17.3485805925363,18.0034402279391,1,0.1,1.5
1998,82,0.00481565734026768,0.000294737165261631,0.0641076892646087,0.00118180790858755,0.664117672648228,17.9958152950618,18.6675579005874,1,0.1,1.5
1998,81,0.00549378725136755,0.000287496677541033,0.0644742126733343,0.00115171668512921,0.667732713844845,18.6470949134048,19.3352906144322,1,0.1,1.5
1998,80,0.00617346163419549,0.000280032718991716,0.0648239413044555,0.00112073187864231,0.671165836733111,19.3022502947288,20.0064564511653,1,0.1,1.5
1998,79,0.00684460455639497,0.00027235929062254,0.0651587453568782,0.0010889111428808,0.674429989648997,19.961124410908,20.6808864408143,1,0.1,1.5
1998,78,0.00751361466098227,0.000264497023783371,0.065481274234184,0.00105633845407626,0.677557338364275,20.6235911999284,21.3584437791786,1,0.1,1.5
1998,77,0.00816621169751122,0.000256458021343643,0.0657938664500028,0.00102306346554389,0.680562578210051,21.2895385857735,22.0390063573886,1,0.1,1.5
1998,76,0.0087871703769529,0.000248253670481587,0.0660989829129458,0.000989132821301489,0.683460948294645,21.9588690651924,22.7224673056833,1,0.1,1.5
1998,75,0.00936087758225378,0.000239873863376069,0.0663932635487685,0.000954507524533117,0.686207780955326,22.6314410243687,23.4086750866386,1,0.1,1.5
1998,74,0.00990134123530219,0.000231316306643493,0.0666727419666684,0.000919180028708736,0.688772620157255,23.3070825012587,24.0974477067959,1,0.1,1.5
1998,73,0.0104302392195847,0.000222599926910173,0.0669388356781729,0.000883227195639466,0.691185380230165,23.9856503501226,24.788633087026,1,0.1,1.5
1998,72,0.010943330463636,0.000213733757615675,0.0671921266917531,0.000846686377901197,0.693449677820415,24.6670045082587,25.4820827648464,1,0.1,1.5
1998,71,0.0114363299740136,0.000204726737407396,0.0674332267796858,0.000809594483204532,0.695569390627958,25.3510082634123,26.1776521554744,1,0.1,1.5
1998,70,0.0119049406274879,0.000195587668159404,0.0676627708480256,0.000771987805199837,0.697548609463982,26.0375284756591,26.8752007649384,1,0.1,1.5
1998,69,0.0123448861905648,0.000186325176194523,0.0678814095858491,0.000733901867950757,0.699391584146775,26.7264357474066,27.5745923490852,1,0.1,1.5
1998,68,0.0127519454795913,0.000176947678346529,0.0680898017381819,0.000695371290591306,0.701102666731554,27.4176045385583,28.2756950158167,1,0.1,1.5
1998,67,0.0131219875903563,0.000167463353326363,0.0682886060403343,0.000656429674000632,0.702686252434948,28.1109132242218,28.9783812682517,1,0.1,1.5
1998,66,0.0134510081719988,0.000157880120461744,0.068478473602082,0.000617109517581875,0.70414672625794,28.8062441002286,29.6825279945096,1,0.1,1.5
1998,65,0.0137351630507112,0.000148205613913028,0.0686600354941047,0.000577442119693702,0.7054883595858,29.5034832866759,30.3880163540954,1,0.1,1.5
1998,64,0.0139708242108946,0.000138446387735646,0.0688334808567637,0.000537454500605199,0.706711076689474,30.2025164419281,31.0947274307849,1,0.1,1.5
1998,63,0.0141566193856268,0.000128608603054175,0.0689986003209802,0.000497172139569627,0.707812294634137,30.9032262774256,31.802539725419,1,0.1,1.5
1998,62,0.0142935557971787,0.000118699268377635,0.0691554112474603,0.000456623785734858,0.708793339295568,31.6054964197821,32.5113330647146,1,0.1,1.5
1998,61,0.0143819976631218,0.000108725148501167,0.0693038497944933,0.000415837205631712,0.709654279381051,32.3092101676541,33.2209873440956,1,0.1,1.5
1998,60,0.014422593205688,9.86930046489372e-05,0.0694438105344598,0.0003748401234171,0.710394956434171,33.0142502651823,33.9313823005298,1,0.1,1.5
1998,59,0.0144162531860736,8.86096128043489e-05,0.0695751492358768,0.000333660295054085,0.711014999587824,33.7204986891265,34.6423973001176,1,0.1,1.5
1998,58,0.014364130186679,7.84817830384808e-05,0.069697687916917,0.000292325585554077,0.711513863584303,34.4278364729172,35.3539111637019,1,0.1,1.5
1998,57,0.0142675880575216,6.8316376751216e-05,0.0698112224709401,0.000250864036883475,0.711890885804072,35.1361435867658,36.065802049506,1,0.1,1.5
1998,56,0.0141281581999049,5.81197493888821e-05,0.069914770501898,0.0002093018900375,0.712137701646675,35.8452912614119,36.7779397511527,1,0.1,1.5
1998,55,0.0139511180168428,4.79026951381936e-05,0.070013434554877,0.000167680978684758,0.712309560397353,36.5552053792566,37.49024931155,1,0.1,1.5
1998,54,0.0137134382863921,3.7848439243893e-05,0.0704996606798681,0.00012659684580893,0.716325909750747,37.2697227626387,38.2065752213008,1,0.1,1.5
1998,53,0.0115438072833821,2.74032984770574e-05,0.0704380666239818,8.42034871301098e-05,0.713553477705844,37.9820733333855,38.9201286990066,1,0.1,1.5
1998,52,0.230876145667642,2.41072187225874e-05,1.25787199416375,4.78924625901176e-05,12.7335626223068,50.7149517776553,51.6536913213134,20,0.1,1.5
1998,51,0.230876145667642,4.98945343336919e-58,1.06531124816058,0,10.8070299120509,61.5219816897062,62.4607212333643,20,0.1,1.5
1998,50,0.230876145667642,5.40973240719206e-88,1.18102234775052,0,11.9641409079503,73.4861225976564,74.4248621413146,20,0.1,1.5
1998,49,0.230876145667642,7.75843450946572e-122,1.30191862938912,0,13.1731037243363,86.6592263219928,87.5979658656509,20,0.1,1.5
1998,48,0.230876145667642,4.03362672442075e-144,1.38816414562988,0,14.0355588867439,100.694785208737,101.633524752395,20,0.1,1.5
1998,47,0.230876145667642,3.56754758476516e-146,1.39204753832153,0,14.0743928136604,114.769178022397,115.707917566055,20,0.1,1.5
1998,46,0.230876145667642,3.56754758476521e-186,1.38926608654895,0,14.0465782959346,128.815756318332,129.75449586199,20,0.1,1.5
1998,45,0.230876145667642,3.56754758476525e-226,1.38649019239833,0,14.0188193544284,142.83457567276,143.773315216418,20,0.1,1.5
1998,44,0.230876145667642,3.5675475847653e-266,1.38371984476497,0,13.9911158780948,156.825691550855,157.764431094513,20,0.1,1.5
1998,43,0.230876145667642,3.56754758476534e-306,1.38095503256638,0,13.9634677561089,170.789159306964,171.727898850622,20,0.1,1.5
1998,42,0.230876145667642,0,1.37819574474219,0,13.9358748778669,184.725034184831,185.663773728489,20,0.1,1.5
1998,41,0.230876145667642,0,1.37544197025414,0,13.9083371329865,198.633371317817,199.572110861475,20,0.1,1.5
1998,40,0.230876145667642,0,1.37269369808604,0,13.8808544113055,212.514225729123,213.452965272781,20,0.1,1.5
1998,39,0.230876145667642,0,1.36995091724369,0,13.853426602882,226.367652332005,227.306391875663,20,0.1,1.5
1998,38,0.230876145667642,0,1.36721361675486,0,13.8260535979937,240.193705929998,241.132445473657,20,0.1,1.5
1998,37,0.230876145667642,0,1.36448178566926,0,13.7987352871377,253.992441217136,254.931180760794,20,0.1,1.5
1998,36,0.230876145667642,0,1.36175541305847,0,13.7714715610298,267.763912778166,268.702652321824,20,0.1,1.5
1998,35,0.230876145667642,0,1.3590344880159,0,13.7442623106041,281.50817508877,282.446914632428,20,0.1,1.5
1998,34,0.230876145667642,0,1.35631899965675,0,13.7171074270126,295.225282515783,296.164022059441,20,0.1,1.5
1998,33,0.230876145667642,0,1.35360893711799,0,13.690006801625,308.915289317408,309.854028861066,20,0.1,1.5
1998,32,0.230876145667642,0,1.35090428955828,0,13.6629603260279,322.578249643436,323.516989187094,20,0.1,1.5
1998,31,0.230876145667642,0,1.34820504615793,0,13.6359678920244,336.21421753546,337.152957079118,20,0.1,1.5
1998,30,0.230876145667642,0,1.3455111961189,0,13.6090293916341,349.823246927094,350.761986470752,20,0.1,1.5
1998,29,0.230876145667642,0,1.34282272866471,0,13.5821447170922,363.405391644186,364.344131187844,20,0.1,1.5
1998,28,0.230876145667642,0,1.3401396330404,0,13.5553137608491,376.960705405036,377.899444948693,20,0.1,1.5
1998,27,0.230876145667642,0,1.33746189851251,0,13.5285364155702,390.489241820606,391.427981364264,20,0.1,1.5
1998,26,0.230876145667642,0,1.33478951436903,0,13.5018125741354,403.991054394741,404.929793938399,20,0.1,1.5
1998,25,0.230876145667642,0,1.33212246991936,0,13.4751421296387,417.46619652438,418.404936068038,20,0.1,1.5
1998,24,0.230876145667642,0,1.32946075449424,0,13.4485249753875,430.914721499767,431.853461043425,20,0.1,1.5
1998,23,0.230876145667642,0,1.32680435744574,0,13.4219610049025,444.33668250467,445.275422048328,20,0.1,1.5
1998,22,0.230876145667642,0,1.32415326814722,0,13.3954501119172,457.732132616587,458.670872160245,20,0.1,1.5
1998,21,0.230876145667642,0,1.32150747599324,0,13.3689921903775,471.101124806965,472.039864350623,20,0.1,1.5
1998,20,0.230876145667642,0,1.31886697039958,0,13.3425871344409,484.443711941406,485.382451485063,20,0.1,1.5
1998,19,0.230876145667642,0,1.31623174080315,0,13.3162348384766,497.759946779882,498.69868632354,20,0.1,1.5
1998,18,0.230876145667642,0,1.31360177666199,0,13.289935197065,511.049881976947,511.988621520605,20,0.1,1.5
1998,17,0.230876145667642,0,1.31097706745517,0,13.2636881049968,524.313570081944,525.252309625602,20,0.1,1.5
1998,16,0.230876145667642,0,1.30835760268281,0,13.2374934572732,537.551063539217,538.489803082875,20,0.1,1.5
1998,15,0.230876145667642,0,1.30574337186599,0,13.211351149105,550.762414688322,551.70115423198,20,0.1,1.5
1998,14,0.230876145667642,0,1.30313436454675,0,13.1852610759126,563.947675764235,564.886415307893,20,0.1,1.5
1998,13,0.230876145667642,0,1.30053057028801,0,13.1592231333252,577.10689889756,578.045638441218,20,0.1,1.5
1998,12,0.230876145667642,0,1.29793197867355,0,13.1332372171805,590.24013611474,591.178875658398,20,0.1,1.5
1998,11,0.230876145667642,0,1.29533857930794,0,13.1073032235245,603.347439338265,604.286178881923,20,0.1,1.5
1998,10,0.230876145667642,0,1.29275036181657,0,13.0814210486108,616.428860386876,617.367599930534,20,0.1,1.5
1998,9,0.230876145667642,0,1.29016731584552,0,13.0555905889002,629.484450975776,630.423190519434,20,0.1,1.5
1998,8,0.230876145667642,0,1.28758943106156,0,13.0298117410607,642.514262716837,643.453002260495,20,0.1,1.5
1998,7,0.230876145667642,0,1.28501669715213,0,13.0040844019664,655.518347118803,656.457086662461,20,0.1,1.5
1998,6,0.230876145667642,0,1.28244910382525,0,12.9784084686976,668.4967555875,669.435495131159,20,0.1,1.5
1998,5,0.230876145667642,0,1.27988664080953,0,12.9527838385404,681.449539426041,682.388278969699,20,0.1,1.5
1998,4,0.230876145667642,0,1.27732929785407,0,12.9272104089858,694.376749835027,695.315489378685,20,0.1,1.5
1998,3,0.230876145667642,0,1.27477706472849,0,12.90168807773,707.278437912757,708.217177456415,20,0.1,1.5
1998,2,0.0115438072833821,0,0.000541670367046121,0,0.0131125751927159,707.291550487949,708.230290031608,1,0.1,1.5
1998,1,150,0,1.28700999634384,0,112.870099963438,820.161650451388,821.100389995046,99999,0.1,1.5
1999,124,0.000115618214799231,0.0289904859070888,0.0289904859070888,0,0.579886796951642,0,0,1,0.1,1.5
1999,123,0.000111579602478561,0.000282278615485175,0.0282250387623627,0.00100504836980831,0.299505394034535,0.285147560180131,0.299505394034535,1,0.1,1.5
1999,122,0.00010752209555898,0.000240360138033895,0.0276300781099102,0.000974925176229421,0.292703566394043,0.563923624056611,0.592208960428578,1,0.1,1.5
1999,121,0.00010328346784524,0.00023269487393276,0.0270364518975951,0.000946559635078897,0.286282603861636,0.83668394741712,0.878491564290214,1,0.1,1.5
1999,120,9.93221297968307e-05,0.000227046020193507,0.0265798921059784,0.000923453811201536,0.281327793317796,1.10481954343204,1.15981935760801,1,0.1,1.5
1999,119,9.62260267864903e-05,0.000222674400028912,0.0262621937851585,0.000905491326899345,0.277848422920675,1.36973237596844,1.43766778052869,1,0.1,1.5
1999,118,9.39093157359198e-05,0.000219525136352066,0.0260828880466604,0.000892505232811332,0.275836812795063,1.63281911400905,1.71350459332375,1,0.1,1.5
1999,117,9.22954497642281e-05,0.000217522263011142,0.0260370813935072,0.000884183984711207,0.275238766646615,1.89542668087408,1.98874335997036,1,0.1,1.5
1999,116,9.13096760748181e-05,0.000216563016217832,0.0261163611538549,0.000880106261904405,0.275963061416745,2.15881679569219,2.26470642138711,1,0.1,1.5
1999,115,9.08799205917309e-05,0.00021648817769072,0.0263051031400502,0.000879621735982071,0.277842524590881,2.42409329548332,2.54254894597799,1,0.1,1.5
1999,114,9.09181511776128e-05,0.000217134676522682,0.0265866457501429,0.00088206501276592,0.28069934512124,2.69219171185076,2.82324829109923,1,0.1,1.5
1999,113,9.13426677909883e-05,0.000218208477228704,0.0269275070527501,0.000886239445312276,0.28417861391611,2.96370976226241,3.10742690501534,1,0.1,1.5
1999,112,9.20091095629163e-05,0.00021955912560902,0.0273108722558025,0.000891532528113453,0.28810183219354,3.2390754154829,3.39552873720888,1,0.1,1.5
1999,111,9.28453480993618e-05,0.000220645825633356,0.027670122110758,0.000895747873487406,0.291765974455324,3.51804499174555,3.6872947116642,1,0.1,1.5
1999,110,9.35740399939811e-05,0.00022227954562328,0.028107578534705,0.000902177375054775,0.29624921171168,3.80140595524216,3.98354392337588,1,0.1,1.5
1999,109,9.46190478656791e-05,0.000225964155317605,0.0288186796550968,0.000916920474590966,0.303608381392116,4.09191547271155,4.287152304768,1,0.1,1.5
1999,108,9.68099325605506e-05,0.000231793342538351,0.0298254448368052,0.000940348888518681,0.314070477298743,4.39255239446003,4.60122278206674,1,0.1,1.5
1999,107,0.000100297303143751,0.000239834191985369,0.0311482065802141,0.000972725193305236,0.327843346780832,4.70649966705078,4.92906612884757,1,0.1,1.5
1999,106,0.000105278796428683,0.000250091575657347,0.0328011487287569,0.00101405828578158,0.345069135848166,5.03708225595921,5.27413526469574,1,0.1,1.5
1999,105,0.00011200539294908,0.000262474888161248,0.0347879191007441,0.00106396860603196,0.365778161665761,5.38766086611023,5.6399134263615,1,0.1,1.5
1999,104,0.000120785541874898,0.000276760700670504,0.0370963076969497,0.00112153715651251,0.389833167049535,5.76147207378102,6.02974659341104,1,0.1,1.5
1999,103,0.00013198617346202,0.000292549621073388,0.0396915241090832,0.00118513155638903,0.416859178889432,6.16140080186489,6.44660577230047,1,0.1,1.5
1999,102,0.000146022023884342,0.000309242039466517,0.0425111410298085,0.00125230930536041,0.446191311642394,6.58970198057356,6.89279708394286,1,0.1,1.5
1999,101,0.000163340102769242,0.000326006809758659,0.0454580003147198,0.00131969322815463,0.47680172504884,7.0476509452202,7.3695988089917,1,0.1,1.5
1999,100,0.000184356430157904,0.000341870217090276,0.0484088084646825,0.0013833345767397,0.507391613629353,7.5352806363247,7.87699042262105,1,0.1,1.5
1999,99,0.000209462986364965,0.000355637820854467,0.0511986772249287,0.00143839998184165,0.536231363617908,8.05096342877344,8.41322178623896,1,0.1,1.5
1999,98,0.00023869867776749,0.000366799460963294,0.0537486350989298,0.00148283360663197,0.562496815288376,8.59227690682421,8.97571860152734,1,0.1,1.5
1999,97,0.000273545078180885,0.0003742887691374,0.055886430734797,0.00151233973505914,0.584394411782786,9.15506646524901,9.56011301331012,1,0.1,1.5
1999,96,0.000315752856364506,0.000376340095950467,0.057312415006412,0.00151981349950732,0.5988096743494,9.73216451817688,10.1589226876595,1,0.1,1.5
1999,95,0.00036499349100484,0.000373096365114752,0.0579925178791286,0.0015058747162728,0.605411967383191,10.3160639896133,10.7643346550427,1,0.1,1.5
1999,94,0.000419058236425454,0.000369109279007013,0.0585943134775108,0.00148892483312084,0.611183954481665,10.9059775893361,11.3755186095244,1,0.1,1.5
1999,93,0.000482448475944876,0.000364792287883664,0.0591787299676597,0.00147063564008441,0.616765935445364,11.5017344442088,11.9922845449697,1,0.1,1.5
1999,92,0.00060299185065275,0.000360166871374038,0.0597448958379836,0.00145109539146299,0.622182555824435,12.1031870658695,12.6144671007942,1,0.1,1.5
1999,91,0.000790773523234668,0.00035524451702898,0.060292979653482,0.00143035192311964,0.627443022955642,12.7101964899235,13.2419101237498,1,0.1,1.5
1999,90,0.0010414617850305,0.000350031751788038,0.0608233117776255,0.00140843303786368,0.632548215120303,13.3226242330743,13.8744583388701,1,0.1,1.5
1999,89,0.00134841444488856,0.000344536361725121,0.0613365824722023,0.00138537158442987,0.637501153937245,13.9403343643768,14.5119594928074,1,0.1,1.5
1999,88,0.00170280607384191,0.000338767099748551,0.0618338127207322,0.00136120426124775,0.642306777414718,14.5631953666308,15.1542662702221,1,0.1,1.5
1999,87,0.00209388679772291,0.000332714993262409,0.0623128127719048,0.00133589657309614,0.646935438942003,15.1910465688143,15.8012017091641,1,0.1,1.5
1999,86,0.00252911276352324,0.000326375457698566,0.06277060862534,0.0013094318510978,0.651362085307466,15.8237024848204,16.4525637944716,1,0.1,1.5
1999,85,0.00302291307004381,0.000319764392991363,0.06320749741829,0.00128187569670567,0.655600403445781,16.4609903783132,17.1081641979173,1,0.1,1.5
1999,84,0.00357226601493947,0.000312891010815388,0.0636237106412433,0.00125326679178874,0.659651338508481,17.1027379055105,17.7678155364258,1,0.1,1.5
1999,83,0.00417217271569693,0.000305765596034176,0.0640198172991021,0.00122364807744625,0.663517964249155,17.748775182939,18.431333500675,1,0.1,1.5
1999,82,0.00481565734026768,0.000298399348799504,0.0643967304728292,0.00119306609870431,0.667205537853193,18.3989369193821,19.0985390385282,1,0.1,1.5
1999,81,0.00549378725136755,0.000290804138057713,0.0647556944233493,0.00116156999589157,0.67072136753248,19.0530644298304,19.7692604060606,1,0.1,1.5
1999,80,0.00617346163419549,0.000282983296850495,0.0650976418799856,0.00112917476985725,0.674052960998642,19.7109863226882,20.4433133670593,1,0.1,1.5
1999,79,0.00684460455639497,0.000274951378626427,0.0654244572680627,0.00109594020827772,0.677213444860837,20.3725434788594,21.1205268119201,1,0.1,1.5
1999,78,0.00751361466098227,0.0002667295837569,0.0657388107202796,0.0010619523924162,0.680235227944109,21.0376079583404,21.8007620398642,1,0.1,1.5
1999,77,0.00816621169751122,0.00025833044659941,0.0660430529297438,0.001027262619092,0.683133155167849,21.7060659332355,22.4838951950321,1,0.1,1.5
1999,76,0.0087871703769529,0.000249765742030188,0.0663396562199799,0.00099191899855405,0.685922604612651,22.3778182664402,23.1698177996447,1,0.1,1.5
1999,75,0.00936087758225378,0.00024102561976704,0.066625251103547,0.000955883760903423,0.688558834586596,23.0527216187282,23.8583766342313,1,0.1,1.5
1999,74,0.00990134123530219,0.000232108170243619,0.0668958696996489,0.000919151007476273,0.691011401534026,23.730602291584,24.5493880357654,1,0.1,1.5
1999,73,0.0104302392195847,0.000223032798178968,0.0671529485935149,0.000881799335930027,0.693310440100424,24.411315598314,25.2426984758658,1,0.1,1.5
1999,72,0.010943330463636,0.000213808932051456,0.0673970790735592,0.000843867625670682,0.695459685493826,25.0947200320125,25.9381581613596,1,0.1,1.5
1999,71,0.0114363299740136,0.000204445888175207,0.067628882077809,0.000805394237664413,0.697463131609152,25.7806775316551,26.6356212929688,1,0.1,1.5
1999,70,0.0119049406274879,0.000194952827981553,0.0678490015222407,0.000766416842840281,0.69932498262779,26.4690537022423,27.3349462755966,1,0.1,1.5
1999,69,0.0123448861905648,0.000185338718749634,0.0680580969118782,0.000726972265160039,0.701049598507036,27.1597179826756,28.0359958741036,1,0.1,1.5
1999,68,0.0127519454795913,0.000175612299431292,0.0682568355806559,0.000687096345876556,0.702641437871217,27.8525437584629,28.7386373119748,1,0.1,1.5
1999,67,0.0131219875903563,0.000165782052033422,0.0684458845982304,0.000646823830809492,0.704104998669678,28.5474084166924,29.4427423106445,1,0.1,1.5
1999,66,0.0134510081719988,0.000155856180600086,0.0686259031341173,0.000606188288571383,0.705444764622383,29.2441933486209,30.1481870752669,1,0.1,1.5
1999,65,0.0137351630507112,0.000145842586062556,0.0687975300204787,0.000565222014175937,0.706665101635067,29.9427838500535,30.8548521769019,1,0.1,1.5
1999,64,0.0139708242108946,0.000135748089028656,0.0689609611338294,0.000523953039105246,0.707766018451632,30.6430648250893,31.5626181953536,1,0.1,1.5
1999,63,0.0141566193856268,0.000125579120922948,0.0691159934958405,0.000482407875214975,0.708745013499218,31.344918297514,32.2713632088528,1,0.1,1.5
1999,62,0.0142935557971787,0.000115342939117491,0.0692626516527693,0.000440616200483083,0.709603500266745,32.048227280631,32.9809667091195,1,0.1,1.5
1999,61,0.0143819976631218,0.00010504655289294,0.0694008787109218,0.000398606695134967,0.7103416324393,32.7528745317112,33.6913083415588,1,0.1,1.5
1999,60,0.014422593205688,9.46969609007643e-05,0.0695305761842606,0.000356407967050478,0.710959335975175,33.4587423253,34.402267677534,1,0.1,1.5
1999,59,0.0144162531860736,8.43011698915647e-05,0.0696516067947168,0.000314048627452858,0.711456324067078,34.1657122404034,35.1137240016011,1,0.1,1.5
1999,58,0.014364130186679,7.3866214218904e-05,0.0697637995445138,0.000271557368702169,0.711832135359906,34.8736649847819,35.825556136961,1,0.1,1.5
1999,57,0.0142675880575216,6.33991729883809e-05,0.0698669573579139,0.000228963031645172,0.712086191132777,35.5824802754626,36.5376423280938,1,0.1,1.5
1999,56,0.0141281581999049,5.29066700032638e-05,0.0699601044973572,0.000186292879180803,0.712210210652315,36.2920291592695,37.2498525387461,1,0.1,1.5
1999,55,0.0139511180168428,4.23992716225715e-05,0.0700483534560927,0.00014358759328324,0.712259523954332,37.0022374318912,37.9621120627004,1,0.1,1.5
1999,54,0.0137134382863921,3.20276958446713e-05,0.0705242599252523,0.000101301838560023,0.716152337524184,37.7169426002931,38.6782644002246,1,0.1,1.5
1999,53,0.0115438072833821,2.1324904767298e-05,0.0704520736891019,5.79659835577445e-05,0.713257942940343,38.429372457754,39.3915223431649,1,0.1,1.5
1999,52,0.230876145667642,1.22141878347553e-05,1.25775818007998,1.5588724072182e-05,12.7318440691814,51.1609938308773,52.1233664123463,20,0.1,1.5
1999,51,0.230876145667642,4.9894534333692e-60,1.06520471703576,0,10.8059646008027,61.96695843168,62.9293310131491,20,0.1,1.5
1999,50,0.230876145667642,5.40973240719206e-90,1.18090424551574,0,11.9629598856025,73.9299183172825,74.8922908987516,20,0.1,1.5
1999,49,0.230876145667642,7.75843450946572e-124,1.30178843752618,0,13.1718018057069,87.1017201229894,88.0640927044585,20,0.1,1.5
1999,48,0.230876145667642,4.03362672442075e-146,1.38802532921532,0,14.0341707225983,101.135890845588,102.098263427057,20,0.1,1.5
1999,47,0.230876145667642,3.56754758476517e-148,1.3919083335677,0,14.0730007661221,115.20889161171,116.171264193179,20,0.1,1.5
1999,46,0.230876145667642,3.56754758476521e-188,1.3891271599403,0,14.0451890298481,129.254080641558,130.216453223027,20,0.1,1.5
1999,45,0.230876145667642,3.56754758476526e-228,1.38635154337909,0,14.017432864236,143.271513505794,144.233886087263,20,0.1,1.5
1999,44,0.230876145667642,3.5675475847653e-268,1.3835814727805,0,13.98973215825,157.261245664044,158.223618245513,20,0.1,1.5
1999,43,0.230876145667642,3.56754758476535e-308,1.38081693706312,0,13.9620868010763,171.22333246512,172.185705046589,20,0.1,1.5
1999,42,0.230876145667642,0,1.37805792516771,0,13.9344966821222,185.157829147242,186.120201728711,20,0.1,1.5
1999,41,0.230876145667642,0,1.37530442605712,0,13.9069616910163,199.064790838259,200.027163419728,20,0.1,1.5
1999,40,0.230876145667642,0,1.37255642871623,0,13.8794817176074,212.944272555866,213.906645137335,20,0.1,1.5
1999,39,0.230876145667642,0,1.36981392215196,0,13.8520566519647,226.796329207831,227.7587017893,20,0.1,1.5
1999,38,0.230876145667642,0,1.36707689539319,0,13.824686384377,240.621015592208,241.583388173677,20,0.1,1.5
1999,37,0.230876145667642,0,1.3643453374907,0,13.7973708053521,254.41838639756,255.380758979029,20,0.1,1.5
1999,36,0.230876145667642,0,1.36161923751716,0,13.7701098056167,268.188496203177,269.150868784646,20,0.1,1.5
1999,35,0.230876145667642,0,1.3588985845671,0,13.742903276116,281.931399479293,282.893772060762,20,0.1,1.5
1999,34,0.230876145667642,0,1.35618336775679,0,13.715751108013,295.647150587306,296.609523168775,20,0.1,1.5
1999,33,0.230876145667642,0,1.35347357622428,0,13.6886531926879,309.335803779994,310.298176361463,20,0.1,1.5
1999,32,0.230876145667642,0,1.35076919912932,0,13.6616094217383,322.997413201732,323.959785783201,20,0.1,1.5
1999,31,0.230876145667642,0,1.34807022565332,0,13.6346196869783,336.63203288871,337.594405470179,20,0.1,1.5
1999,30,0.230876145667642,0,1.34537664499929,0,13.607683880438,350.239716769148,351.202089350617,20,0.1,1.5
1999,29,0.230876145667642,0,1.34268844639184,0,13.5808018943635,363.820518663512,364.782891244981,20,0.1,1.5
1999,28,0.230876145667642,0,1.34000561907709,0,13.553973621216,377.374492284728,378.336864866197,20,0.1,1.5
1999,27,0.230876145667642,0,1.33732815232266,0,13.5271989536717,390.9016912384,391.864063819868,20,0.1,1.5
1999,26,0.230876145667642,0,1.3346560354176,0,13.5004777846211,404.402169023021,405.36454160449,20,0.1,1.5
1999,25,0.230876145667642,0,1.33198925767237,0,13.4738100071688,417.875979030189,418.838351611658,20,0.1,1.5
1999,24,0.230876145667642,0,1.32932780841879,0,13.447195514633,431.323174544822,432.285547126291,20,0.1,1.5
1999,23,0.230876145667642,0,1.32667167701,0,13.4206342005451,444.743808745367,445.706181326836,20,0.1,1.5
1999,22,0.230876145667642,0,1.3240208528204,0,13.3941259586491,458.137934704017,459.100307285485,20,0.1,1.5
1999,21,0.230876145667642,0,1.32137532524564,0,13.3676706829015,471.505605386918,472.467977968387,20,0.1,1.5
1999,20,0.230876145667642,0,1.31873508370254,0,13.3412682674705,484.846873654389,485.809246235857,20,0.1,1.5
1999,19,0.230876145667642,0,1.31610011762907,0,13.3149186067358,498.161792261124,499.124164842593,20,0.1,1.5
1999,18,0.230876145667642,0,1.31347041648432,0,13.2886215952883,511.450413856413,512.412786437882,20,0.1,1.5
1999,17,0.230876145667642,0,1.31084596974842,0,13.2623771279293,524.712790984342,525.675163565811,20,0.1,1.5
1999,16,0.230876145667642,0,1.30822676692254,0,13.2361850996705,537.948976084012,538.911348665481,20,0.1,1.5
1999,15,0.230876145667642,0,1.30561279752881,0,13.2100454057332,551.159021489746,552.121394071214,20,0.1,1.5
1999,14,0.230876145667642,0,1.3030040511103,0,13.1839579415481,564.342979431294,565.305352012763,20,0.1,1.5
1999,13,0.230876145667642,0,1.30040051723098,0,13.1579226027549,577.500902034049,578.463274615518,20,0.1,1.5
1999,12,0.230876145667642,0,1.29780218547568,0,13.1319392852019,590.63284131925,591.595213900719,20,0.1,1.5
1999,11,0.230876145667642,0,1.29520904545001,0,13.1060078849452,603.738849204196,604.701221785665,20,0.1,1.5
1999,10,0.230876145667642,0,1.29262108678039,0,13.080128298249,616.818977502444,617.781350083914,20,0.1,1.5
1999,9,0.230876145667642,0,1.29003829911393,0,13.0543004215844,629.873277924029,630.835650505498,20,0.1,1.5
1999,8,0.230876145667642,0,1.28746067211845,0,13.0285241516296,642.901802075658,643.864174657128,20,0.1,1.5
1999,7,0.230876145667642,0,1.28488819548241,0,13.0027993852692,655.904601460928,656.866974042397,20,0.1,1.5
1999,6,0.230876145667642,0,1.28232085891487,0,12.9771260195938,668.881727480521,669.844100061991,20,0.1,1.5
1999,5,0.230876145667642,0,1.27975865214544,0,12.9515039518995,681.833231432421,682.79560401389,20,0.1,1.5
1999,4,0.230876145667642,0,1.27720156492429,0,12.925933079688,694.759164512109,695.721537093578,20,0.1,1.5
1999,3,0.230876145667642,0,1.27464958702202,0,12.9004133006653,707.659577812774,708.621950394243,20,0.1,1.5
1999,2,0.0115438072833821,0,0.000541616200009416,0,0.0131120335223489,707.672689846296,708.635062427766,1,0.1,1.5
1999,1,150,0,1.2868812953442,0,112.868812953442,820.541502799739,821.503875381208,99999,0.1,1.5
2000,125,0.000119639214928724,0.0297203297218395,0.0297203297218395,0,0.59448635391341,0,0,1,0.1,1.5
2000,124,0.000115618214799231,0.000289904859070888,0.0289875868584981,0.00105762234315274,0.307960886602024,0.292851995985556,0.307960886602024,1,0.1,1.5
2000,123,0.000111579602478561,0.000254084878606929,0.0284734783509385,0.00102940200074384,0.302055761564876,0.580202014682663,0.6100166481669,1,0.1,1.5
2000,122,0.00010752209555898,0.000246134895437694,0.0278710463961565,0.000999526164281698,0.295522439517006,0.861445508995644,0.905539087683905,1,0.1,1.5
2000,121,0.00010328346784524,0.000238966857509052,0.0272703881611751,0.000970263943462526,0.289023319310108,1.13660791482772,1.19456240699401,1,0.1,1.5
2000,120,9.93221297968307e-05,0.000233133913002319,0.0268080975695682,0.00094638157289093,0.283998266334488,1.40708644440662,1.4785606733285,1,0.1,1.5
2000,119,9.62260267864903e-05,0.000228599575725125,0.0264859403975048,0.000927780375908187,0.280463555786941,1.67429599482344,1.75902422911544,1,0.1,1.5
2000,118,9.39093157359198e-05,0.000225321559566354,0.0263034060660586,0.00091428546846772,0.27841110344485,1.93964587729018,2.03743533256029,1,0.1,1.5
2000,117,9.22954497642281e-05,0.000223221218807913,0.0262555236815457,0.000905573601780808,0.277785745043105,2.20449485659356,2.3152210776034,1,0.1,1.5
2000,116,9.13096760748181e-05,0.00022219219563828,0.0263337760832156,0.000901209443062579,0.278494976521102,2.47011541249948,2.5937160541245,1,0.1,1.5
2000,115,9.08799205917309e-05,0.000222070315772425,0.0265223780637317,0.000900523630855299,0.280369693706702,2.73762048290825,2.8740857478312,1,0.1,1.5
2000,114,9.09181511776128e-05,0.000222687599956707,0.0268045033387594,0.000902832001287776,0.283230121506342,3.0079530043962,3.15731586933754,1,0.1,1.5
2000,113,9.13426677909883e-05,0.000223741946100356,0.0271463741633729,0.000906907435554979,0.286717876714521,3.28171506060279,3.44403374605206,1,0.1,1.5
2000,112,9.20091095629163e-05,0.000225078723284453,0.0275310243006053,0.000912121627350629,0.290652678607424,3.55933743024806,3.73468642465949,1,0.1,1.5
2000,111,9.28453480993618e-05,0.000226143426628185,0.0278912920669188,0.000916226991924313,0.294325208861693,3.84057368208227,4.02901163352118,1,0.1,1.5
2000,110,9.35740399939811e-05,0.000227767139219926,0.0283303121206152,0.000922590304584247,0.298823036785741,4.12621685737395,4.32783467030692,1,0.1,1.5
2000,109,9.46190478656791e-05,0.000231489760200917,0.0290450279057791,0.000937444404746535,0.306220318949994,4.41904511339899,4.63405498925692,1,0.1,1.5
2000,108,9.68099325605506e-05,0.000237405155555054,0.0300575495144512,0.000961160455632078,0.31674495030699,4.72205920005409,4.95079993956391,1,0.1,1.5
2000,107,0.000100297303143751,0.000245579640246163,0.0313882730578824,0.000993996795798749,0.330605346075745,5.03846459190414,5.28140528563965,1,0.1,1.5
2000,106,0.000105278796428683,0.000256015487201969,0.0330513831853295,0.00103595112140946,0.347943474324021,5.37160876449374,5.62934875996367,1,0.1,1.5
2000,105,0.00011200539294908,0.000268616900389601,0.035050432460342,0.00108662290994619,0.368788348297085,5.72487392836302,5.99813710826076,1,0.1,1.5
2000,104,0.000120785541874898,0.000283151896134833,0.0373729823553081,0.00114505965311062,0.39299986125345,6.10151579457204,6.39113696951421,1,0.1,1.5
2000,103,0.00013198617346202,0.000299208385307992,0.0399838378457696,0.00120958018300843,0.420198169993204,6.50443424766512,6.81133513950741,1,0.1,1.5
2000,102,0.000146022023884342,0.000316169746734768,0.0428199672420457,0.00127767753925841,0.449711254178847,6.93589296556885,7.26104639368626,1,0.1,1.5
2000,101,0.000163340102769242,0.000333183375136244,0.045783377821727,0.00134589427705195,0.480501566471221,7.39716747093933,7.74154796015748,1,0.1,1.5
2000,100,0.000184356430157904,0.000349252346355827,0.048749801228021,0.00141019588162796,0.511259095482368,7.88828091096986,8.25280705563985,1,0.1,1.5
2000,99,0.000209462986364965,0.000363156373668956,0.0515531573526666,0.00146565499803524,0.540240707797626,8.40758369022413,8.79304776343747,1,0.1,1.5
2000,98,0.00023869867776749,0.000374376396267625,0.0541139686370779,0.00151018485078658,0.566616652082252,8.95262627300943,9.35966441551972,1,0.1,1.5
2000,97,0.000273545078180885,0.000381827821456159,0.0562589270254883,0.00153942656003739,0.588581719855433,9.51921618486433,9.94824613537516,1,0.1,1.5
2000,96,0.000315752856364506,0.000383716775836334,0.0576866371397881,0.00154617892000764,0.603002311346311,10.1001302259248,10.5512484467215,1,0.1,1.5
2000,95,0.00036499349100484,0.000380199642719347,0.0583631873064089,0.00153111732319474,0.609550303102353,10.6878074244101,11.1607987498238,1,0.1,1.5
2000,94,0.000419058236425454,0.000375922301070281,0.0589606852544433,0.00151298328274327,0.615259494609085,11.2814528721229,11.7760582444329,1,0.1,1.5
2000,93,0.000482448475944876,0.000371306832899939,0.059540471004684,0.00149347981271251,0.620774836589029,11.880892282816,12.3968330810219,1,0.1,1.5
2000,92,0.00060299185065275,0.000366375516579489,0.0601016951962655,0.00147269828798322,0.626121248666741,12.4859749845115,13.0229543296887,1,0.1,1.5
2000,91,0.000790773523234668,0.000361140425950199,0.0606445383362966,0.00145068889221199,0.631308097002891,13.0965589544828,13.6542624266916,1,0.1,1.5
2000,90,0.0010414617850305,0.0003556085769838,0.0611693377059136,0.00142748142622655,0.636336362488897,13.7125027251685,14.2905987891805,1,0.1,1.5
2000,89,0.00134841444488856,0.000349788259724719,0.0616767917100625,0.0014031107812175,0.64120918239281,14.3336674678296,14.9318079715733,1,0.1,1.5
2000,88,0.00170280607384191,0.000343688736309422,0.0621679304047721,0.00137761570526573,0.645931619820982,14.9599188632897,15.5777395913943,1,0.1,1.5
2000,87,0.00209388679772291,0.000337301293206659,0.0626405556339016,0.0013509629231221,0.650473964133214,15.5910933570926,16.2282135555275,1,0.1,1.5
2000,86,0.00252911276352324,0.000330621717351436,0.063091689527252,0.00132313740297597,0.654811150521373,16.2270025447143,16.8830247060488,1,0.1,1.5
2000,85,0.00302291307004381,0.000323666568106331,0.0635216455927246,0.00129420733205746,0.658957073160588,16.8674709417026,17.5419817792094,1,0.1,1.5
2000,84,0.00357226601493947,0.000316445608055339,0.0639306649681263,0.00126421360350147,0.662912810774178,17.5123235581411,18.2048945899836,1,0.1,1.5
2000,83,0.00417217271569693,0.000308969675321905,0.0643193273367338,0.00123320136310401,0.666681580927745,18.1613879767388,18.8715761709113,1,0.1,1.5
2000,82,0.00481565734026768,0.000301250518164072,0.064688557324458,0.00120121932435131,0.670268792715227,18.8144964933918,19.5418449636266,1,0.1,1.5
2000,81,0.00549378725136755,0.000293300540353469,0.0650396113528799,0.00116831872868897,0.673681911319278,19.4714881371584,20.2155268749459,1,0.1,1.5
2000,80,0.00617346163419549,0.000285123525432816,0.0653734258082619,0.00113451643123245,0.676908512015446,20.1321892715848,20.8924353869613,1,0.1,1.5
2000,79,0.00684460455639497,0.000276734565855695,0.0656918998744054,0.00109987429900382,0.679961904092643,20.7964386856917,21.5723972910539,1,0.1,1.5
2000,78,0.00751361466098227,0.000268155393941619,0.0659977249373117,0.0010644803730734,0.682874742225665,21.4641065654449,22.2552720332796,1,0.1,1.5
2000,77,0.00816621169751122,0.000259398959238994,0.0662932642792238,0.00102838752793865,0.685662023915425,22.1350773389612,22.940934057195,1,0.1,1.5
2000,76,0.0087871703769529,0.000250477407058814,0.0665810020039964,0.000991645270441178,0.68833926870149,22.8092502466564,23.6292733258965,1,0.1,1.5
2000,75,0.00936087758225378,0.000241381196423526,0.0668575595186625,0.000954217251638415,0.690861667229102,23.4864802388621,24.3201349931256,1,0.1,1.5
2000,74,0.00990134123530219,0.000232108833571504,0.067118967864548,0.000916099338666976,0.693198794547592,24.1665919000001,25.0133337876732,1,0.1,1.5
2000,73,0.0104302392195847,0.000222680161964297,0.0673666831326381,0.000877371710132431,0.695381007332401,24.8494390257592,25.7087147950056,1,0.1,1.5
2000,72,0.010943330463636,0.000213104995738185,0.0676013062720696,0.000838074731848853,0.697412162489771,25.5348786920797,26.4061269574954,1,0.1,1.5
2000,71,0.0114363299740136,0.000203393018297855,0.0678234677490173,0.000798248172934645,0.699296372983465,26.2227715197355,27.1054233304788,1,0.1,1.5
2000,70,0.0119049406274879,0.000193553738989886,0.0680338208327986,0.000757931032335766,0.701037958979102,26.9129818925384,27.8064612894579,1,0.1,1.5
2000,69,0.0123448861905648,0.000183596453477506,0.068233034168477,0.000717161381029399,0.702641392932722,27.605378122885,28.5091026823907,1,0.1,1.5
2000,68,0.0127519454795913,0.000173530209463452,0.068421783983567,0.000675976226427572,0.704111242151378,28.2998325618017,29.213213924542,1,0.1,1.5
2000,67,0.0131219875903563,0.000163363778222707,0.068600745967473,0.00063441140078301,0.705452109195047,28.9962216509856,29.9186660337371,1,0.1,1.5
2000,66,0.0134510081719988,0.000153105633948847,0.0687705876159467,0.000592501481349935,0.706668578156716,29.6944259222659,30.6253346118938,1,0.1,1.5
2000,65,0.0137351630507112,0.00014276392940461,0.0689319557710206,0.000550279697818587,0.707765110911659,30.3943298946372,31.3330997228055,1,0.1,1.5
2000,64,0.0139708242108946,0.000132345740666598,0.0690850532974923,0.000507775045581179,0.70874180241144,31.0958177678261,32.0418415252169,1,0.1,1.5
2000,63,0.0141566193856268,0.000121857760012973,0.0692296838652946,0.000465015027995268,0.709596234338664,31.7987709303363,32.7514377595556,1,0.1,1.5
2000,62,0.0142935557971787,0.000111307479511946,0.0693658794377248,0.000422030192815893,0.710329909124999,32.5030718367067,33.4617676686806,1,0.1,1.5
2000,61,0.0143819976631218,0.000100702139312671,0.0694935902968345,0.00037885007702617,0.710943066761069,33.2086027595103,34.1727107354416,1,0.1,1.5
2000,60,0.014422593205688,9.00489613716272e-05,0.0696127251184048,0.000335504113401068,0.71143571884062,33.9152455624452,34.8841464542823,1,0.1,1.5
2000,59,0.0144162531860736,7.93551685621302e-05,0.0697231537909005,0.000292021707653666,0.711807663732776,34.6228814874972,35.595954118015,1,0.1,1.5
2000,58,0.014364130186679,6.86280043177314e-05,0.0698247125067349,0.000248432316653445,0.712058524996694,35.3313909793988,36.3080126430117,1,0.1,1.5
2000,57,0.0142675880575216,5.78747496411767e-05,0.0699172114200894,0.000204765515049507,0.712187808712551,36.0406535664678,37.0202004517243,1,0.1,1.5
2000,56,0.0141281581999049,4.71022864952333e-05,0.0699996817067027,0.000161049543820091,0.712187319834108,36.7505401785331,37.7323877715584,1,0.1,1.5
2000,55,0.0139511180168428,3.63208910370357e-05,0.0700772455190679,0.000117323692500194,0.712112462195614,37.4609765879787,38.444500233754,1,0.1,1.5
2000,54,0.0137134382863921,2.56457365984524e-05,0.0705425329588998,7.38902934680724e-05,0.715879654766883,38.1758006671246,39.1603798885209,1,0.1,1.5
2000,53,0.0115438072833821,1.47047449371091e-05,0.0704595199776224,2.96874401711331e-05,0.712862225036009,38.8882387858724,39.8732421135569,1,0.1,1.5
2000,52,0.230876145667642,4.01932289639304e-06,1.25763630144299,6.92420782922394e-07,12.7303305298294,51.6185594239764,52.6035726433863,20,0.1,1.5
2000,51,0.230876145667642,4.9894534333692e-62,1.06509819656406,0,10.8048993960857,62.4234588200621,63.408472039472,20,0.1,1.5
2000,50,0.230876145667642,5.40973240719207e-92,1.18078615509119,0,11.961778981357,74.3852378014191,75.370251020829,20,0.1,1.5
2000,49,0.230876145667642,7.75843450946572e-126,1.30165825868243,0,13.1705000172694,87.5557378186885,88.5407510380984,20,0.1,1.5
2000,48,0.230876145667642,4.03362672442075e-148,1.3878865266824,0,14.0327826972691,101.588520515958,102.573533735367,20,0.1,1.5
2000,47,0.230876145667642,3.56754758476517e-150,1.39176914273435,0,14.0716088577885,115.660129373746,116.645142593156,20,0.1,1.5
2000,46,0.230876145667642,3.56754758476521e-190,1.38898824722431,0,14.0437999026881,129.703929276434,130.688942495844,20,0.1,1.5
2000,45,0.230876145667642,3.56754758476526e-230,1.38621290822475,0,14.0160465126926,143.719975789127,144.704989008537,20,0.1,1.5
2000,44,0.230876145667642,3.5675475847653e-270,1.38344311463322,0,13.9883485767773,157.708324365904,158.693337585314,20,0.1,1.5
2000,43,0.230876145667642,3.56754758476535e-310,1.38067885536941,0,13.9607059841392,171.669030350043,172.654043569453,20,0.1,1.5
2000,42,0.230876145667642,0,1.37792011937519,0,13.933118624197,185.60214897424,186.58716219365,20,0.1,1.5
2000,41,0.230876145667642,0,1.37516689561451,0,13.9055863865902,199.507735360831,200.49274858024,20,0.1,1.5
2000,40,0.230876145667642,0,1.37241917307336,0,13.8781091611787,213.385844522009,214.370857741419,20,0.1,1.5
2000,39,0.230876145667642,0,1.36967694075975,0,13.8506868380426,227.236531360052,228.221544579462,20,0.1,1.5
2000,38,0.230876145667642,0,1.36694018770365,0,13.8233193074816,241.059850667533,242.044863886943,20,0.1,1.5
2000,37,0.230876145667642,0,1.36420890295695,0,13.7960064600146,254.855857127548,255.840870346958,20,0.1,1.5
2000,36,0.230876145667642,0,1.36148307559341,0,13.7687481863792,268.624605313927,269.609618533337,20,0.1,1.5
2000,35,0.230876145667642,0,1.35876269470864,0,13.7415443775315,282.366149691459,283.351162910869,20,0.1,1.5
2000,34,0.230876145667642,0,1.35604774942001,0,13.7143949246452,296.080544616104,297.065557835514,20,0.1,1.5
2000,33,0.230876145667642,0,1.35333822886666,0,13.6872997191117,309.767844335216,310.752857554626,20,0.1,1.5
2000,32,0.230876145667642,0,1.35063412220941,0,13.6602586525392,323.428102987755,324.413116207165,20,0.1,1.5
2000,31,0.230876145667642,0,1.34793541863075,0,13.6332716167526,337.061374604508,338.046387823917,20,0.1,1.5
2000,30,0.230876145667642,0,1.34524210733479,0,13.606338503793,350.667713108301,351.65272632771,20,0.1,1.5
2000,29,0.230876145667642,0,1.3425541775472,0,13.5794592059171,364.247172314218,365.232185533628,20,0.1,1.5
2000,28,0.230876145667642,0,1.33987161851519,0,13.552633615597,377.799805929815,378.784819149224,20,0.1,1.5
2000,27,0.230876145667642,0,1.33719441950743,0,13.5258616255194,391.325667555334,392.310680774744,20,0.1,1.5
2000,26,0.230876145667642,0,1.33452256981405,0,13.4991431285856,404.82481068392,405.809823903329,20,0.1,1.5
2000,25,0.230876145667642,0,1.3318560587466,0,13.4724780179111,418.297288701831,419.282301921241,20,0.1,1.5
2000,24,0.230876145667642,0,1.32919487563795,0,13.4458661868246,431.743154888655,432.728168108065,20,0.1,1.5
2000,23,0.230876145667642,0,1.3265390098423,0,13.4193075288681,445.162462417523,446.147475636933,20,0.1,1.5
2000,22,0.230876145667642,0,1.32388845073512,0,13.3928019377963,458.55526435532,459.540277574729,20,0.1,1.5
2000,21,0.230876145667642,0,1.32124318771311,0,13.3663493075762,471.921613662896,472.906626882306,20,0.1,1.5
2000,20,0.230876145667642,0,1.31860321019417,0,13.3399495323868,485.261563195283,486.246576414692,20,0.1,1.5
2000,19,0.230876145667642,0,1.31596850761731,0,13.3136025066182,498.575165701901,499.560178921311,20,0.1,1.5
2000,18,0.230876145667642,0,1.31333906944267,0,13.2873081248718,511.862473826773,512.847487046182,20,0.1,1.5
2000,17,0.230876145667642,0,1.31071488515145,0,13.2610662819596,525.123540108733,526.108553328142,20,0.1,1.5
2000,16,0.230876145667642,0,1.30809594424585,0,13.2348768729036,538.358416981636,539.343430201046,20,0.1,1.5
2000,15,0.230876145667642,0,1.30548223624905,0,13.2087397929356,551.567156774572,552.552169993981,20,0.1,1.5
2000,14,0.230876145667642,0,1.30287375070519,0,13.182654937497,564.749811712069,565.734824931478,20,0.1,1.5
2000,13,0.230876145667642,0,1.30027047717926,0,13.1566222022377,577.906433914306,578.891447133716,20,0.1,1.5
2000,12,0.230876145667642,0,1.29767240525713,0,13.1306414830164,591.037075397323,592.022088616732,20,0.1,1.5
2000,11,0.230876145667642,0,1.29507952454547,0,13.1047126758998,604.141788073222,605.126801292632,20,0.1,1.5
2000,10,0.230876145667642,0,1.29249182467171,0,13.0788356771622,617.220623750385,618.205636969794,20,0.1,1.5
2000,9,0.230876145667642,0,1.28990929528402,0,13.0530103832853,630.27363413367,631.258647353079,20,0.1,1.5
2000,8,0.230876145667642,0,1.28733192605124,0,13.0272366909575,643.300870824627,644.285884044037,20,0.1,1.5
2000,7,0.230876145667642,0,1.28475970666286,0,13.0015144970737,656.302385321701,657.28739854111,20,0.1,1.5
2000,6,0.230876145667642,0,1.28219262682898,0,12.9758436987349,669.278229020436,670.263242239845,20,0.1,1.5
2000,5,0.230876145667642,0,1.27963067628023,0,12.9502241932474,682.228453213683,683.213466433093,20,0.1,1.5
2000,4,0.230876145667642,0,1.2770738447678,0,12.9246558781231,695.153109091806,696.138122311216,20,0.1,1.5
2000,3,0.230876145667642,0,1.27452212206332,0,12.8991386510783,708.052247742884,709.037260962294,20,0.1,1.5
2000,2,0.0115438072833821,0,0.000541562038389415,0,0.0131114919061489,708.065359234791,709.0503724542,1,0.1,1.5
2000,1,150,0,1.28675260721467,0,112.867526072147,820.932885306937,821.917898526347,99999,0.1,1.5
2001,126,0.000123720720195679,0.0304195258935424,0.0304195258935424,0,0.608472998350978,0,0,1,0.1,1.5
2001,125,0.000119639214928724,0.000297203297218395,0.0297173576888673,0.0011097657359934,0.316079165565954,0.300225369337476,0.316079165565954,1,0.1,1.5
2001,124,0.000115618214799231,0.000267304634378894,0.0292490936856004,0.00108230764870072,0.310702599848241,0.595466431347136,0.626781765414195,1,0.1,1.5
2001,123,0.000111579602478561,0.000259891348972029,0.0287279815032894,0.00105421458639545,0.305013323301344,0.885419546271402,0.931795088715539,1,0.1,1.5
2001,122,0.00010752209555898,0.000252342890024802,0.0281181408325873,0.00102341196175842,0.298396689505424,1.16919606489456,1.23019177822096,1,0.1,1.5
2001,121,0.00010328346784524,0.000244955654440722,0.0275102271082246,0.000993231861504148,0.2918097098648,1.44681674816645,1.52200148808576,1,0.1,1.5
2001,120,9.93221297968307e-05,0.000238926732352756,0.027042012153034,0.000968573505587476,0.286712367972601,1.71969235177351,1.80871385605836,1,0.1,1.5
2001,119,9.62260267864903e-05,0.000234231089734298,0.0267152368974421,0.000949331544058748,0.283120709757128,1.9892511823298,2.09183456581549,1,0.1,1.5
2001,118,9.39093157359198e-05,0.000230824582712594,0.0265293470925689,0.000935322421269633,0.281026071838586,2.25691550529311,2.37286063765408,1,0.1,1.5
2001,117,9.22954497642281e-05,0.000228625612633281,0.0264792915296228,0.000926211081924845,0.280372288607044,2.52405620701551,2.65323292626112,1,0.1,1.5
2001,116,9.13096760748181e-05,0.000227524282722027,0.0265564450663729,0.00092154821593313,0.281065541121663,2.79195677362384,2.93429846738278,1,0.1,1.5
2001,115,9.08799205917309e-05,0.000227351610871549,0.0267448567336391,0.000920645705224575,0.282934751562043,3.06173944368268,3.21723321894483,1,0.1,1.5
2001,114,9.09181511776128e-05,0.000227934876321511,0.0270275308887474,0.000922800960666569,0.28579814061814,3.33435471343415,3.50303135956297,1,0.1,1.5
2001,113,9.13426677909883e-05,0.000228964278349748,0.0273703863848453,0.00092675728592949,0.289293791542804,3.61040911517796,3.79232515110577,1,0.1,1.5
2001,112,9.20091095629163e-05,0.000230281194070502,0.0277563016050129,0.000931871017546883,0.293239610505022,3.89033628257517,4.08556476161079,1,0.1,1.5
2001,111,9.28453480993618e-05,0.00023131818224736,0.0281175596856932,0.000935845407575497,0.29691989568636,4.17388695815331,4.38248465729715,1,0.1,1.5
2001,110,9.35740399939811e-05,0.000232925247538261,0.0285581266655492,0.000942118923423595,0.301431743587398,4.46185985997751,4.68391640088455,1,0.1,1.5
2001,109,9.46190478656791e-05,0.000236675998788643,0.0292764845041751,0.000957051453020983,0.308866848009467,4.75705454437239,4.99278324889402,1,0.1,1.5
2001,108,9.68099325605506e-05,0.00024266416546357,0.0302948338734078,0.00098101252255369,0.319453984951664,5.06249406471615,5.31223723384568,1,0.1,1.5
2001,107,0.000100297303143751,0.000250954995352149,0.0316336334295263,0.00101425516606594,0.333402108632775,5.3814068138337,5.64563934247846,1,0.1,1.5
2001,106,0.000105278796428683,0.000261547935224384,0.0333070658273633,0.00105676497298335,0.350852965961353,5.71716313732386,5.99649230843981,1,0.1,1.5
2001,105,0.00011200539294908,0.000274341896490442,0.0353185831445825,0.00110811986769405,0.371834204496896,6.07316705799655,6.3683265129367,1,0.1,1.5
2001,104,0.000120785541874898,0.000289096432239003,0.0376555099703502,0.00116733375781159,0.396202784260641,6.45269364571703,6.76452929719735,1,0.1,1.5
2001,103,0.00013198617346202,0.000305387129605187,0.0402822345077371,0.00123267740206316,0.423573884328062,6.85865785287276,7.18810318152541,1,0.1,1.5
2001,102,0.000146022023884342,0.000322581082281949,0.0431351046301361,0.00130158111969831,0.453268221135793,7.29333205801286,7.6413714026612,1,0.1,1.5
2001,101,0.000163340102769242,0.000339805403014351,0.0461152730532078,0.00137051029562536,0.484238396473001,7.75799173597693,8.1256097991342,1,0.1,1.5
2001,100,0.000184356430157904,0.000356041493870548,0.0490974752183052,0.00143534890999093,0.515163055836971,8.25264980738546,8.64077285497117,1,0.1,1.5
2001,99,0.000209462986364965,0.000370045313245499,0.0519144157864402,0.00149108168421782,0.544285419905164,8.77563406037322,9.18505827487633,1,0.1,1.5
2001,98,0.00023869867776749,0.000381289976659321,0.0544861034529109,0.00153559424163449,0.570770127342325,9.32446712712077,9.75582840221866,1,0.1,1.5
2001,97,0.000273545078180885,0.000388674918223909,0.0566381577727951,0.00156447149482949,0.592800283078923,9.89491781741641,10.3486286852976,1,0.1,1.5
2001,96,0.000315752856364506,0.000390381897760273,0.0580674132060761,0.00157042792292192,0.607223137555777,10.479706270359,10.9558518228534,1,0.1,1.5
2001,95,0.00036499349100484,0.000386581327225878,0.058740130318477,0.00155419706076739,0.613713260604851,11.0712167158101,11.5695650834582,1,0.1,1.5
2001,94,0.000419058236425454,0.000382005043696519,0.0593330350066037,0.00153483644373362,0.619356007571099,11.6686464884707,12.1889210910293,1,0.1,1.5
2001,93,0.000482448475944876,0.000377083021507127,0.0599078869107616,0.00151407815488002,0.624801019566842,12.2718178201107,12.8137221105962,1,0.1,1.5
2001,92,0.00060299185065275,0.000371838327161601,0.0604638595987417,0.00149201668934781,0.630073497959675,12.8805767939368,13.4437956085558,1,0.1,1.5
2001,91,0.000790773523234668,0.0003662836273125,0.061001146105516,0.00146870462709658,0.635182974349916,13.4947782736139,14.0789785829057,1,0.1,1.5
2001,90,0.0010414617850305,0.000360426442326475,0.0615200911286997,0.00144417384089188,0.640130538436832,14.1142777571808,14.7191091213426,1,0.1,1.5
2001,89,0.00134841444488856,0.000354275577901623,0.0620214017261959,0.00141846132570684,0.644919449228617,14.7389334731851,15.3640285705712,1,0.1,1.5
2001,88,0.00170280607384191,0.000347840813679527,0.062506117538048,0.00139160792853408,0.649554900831276,15.3686082607516,16.0135834714025,1,0.1,1.5
2001,87,0.00209388679772291,0.000341113743712591,0.0629720323091188,0.00136358176950686,0.654007124624513,16.0031356458117,16.667590596027,1,0.1,1.5
2001,86,0.00252911276352324,0.000334090567917506,0.0634161647090432,0.00133436960918607,0.658251050933662,16.642324273757,17.3258416469606,1,0.1,1.5
2001,85,0.00302291307004381,0.000326788498695429,0.0638388452611797,0.00130404222392682,0.662300787606306,17.2859958867358,17.9881424345669,1,0.1,1.5
2001,84,0.00357226601493947,0.000319217856955921,0.0642403253025049,0.0012726427634022,0.66615755317698,17.933972829007,18.6542999877439,1,0.1,1.5
2001,83,0.00417217271569693,0.000311390037529222,0.0646211957447761,0.00124021860930919,0.669824715004602,18.5860801353072,19.3241247027485,1,0.1,1.5
2001,82,0.00481565734026768,0.000303317336269468,0.0649823932998133,0.00120682066051033,0.673307839737821,19.2421476798949,19.9974325424863,1,0.1,1.5
2001,81,0.00549378725136755,0.000295012687575778,0.0653251870739168,0.0011725022628348,0.676614554775382,19.902012202344,20.6740470972617,1,0.1,1.5
2001,80,0.00617346163419549,0.000286480343062441,0.0656505175734892,0.00113728219901188,0.679732508812293,20.565497822599,21.353779606074,1,0.1,1.5
2001,79,0.00684460455639497,0.000277735920409513,0.0659602992591689,0.00110122438518311,0.682675198431235,21.2324412440991,22.0364548045053,1,0.1,1.5
2001,78,0.00751361466098227,0.000268801647207766,0.0662572452580863,0.00106441871352929,0.685475527115442,21.9027107895927,22.7219303316207,1,0.1,1.5
2001,77,0.00816621169751122,0.000259690871577053,0.0665437318347805,0.00102691959074061,0.688148648062973,22.5761891577879,23.4100789796837,1,0.1,1.5
2001,76,0.0087871703769529,0.000250416091680883,0.0668222552214063,0.000988777869447782,0.690710224850476,23.2527739845034,24.1007892045342,1,0.1,1.5
2001,75,0.00936087758225378,0.000240968124873839,0.0670894280756202,0.000949958794003588,0.693115386974113,23.9323185315632,24.7939045915083,1,0.1,1.5
2001,74,0.00990134123530219,0.000231345923002459,0.0673412808024283,0.000910460107982371,0.695333734382352,24.6146456929744,25.4892383258906,1,0.1,1.5
2001,73,0.0104302392195847,0.000221569729152751,0.0675792893918579,0.000870363448451101,0.697395847572465,25.2996077769975,26.1866341734631,1,0.1,1.5
2001,72,0.010943330463636,0.000211649732919595,0.0678040648244046,0.000829710640929323,0.699305708371799,25.9870604762132,26.8859398818349,1,0.1,1.5
2001,71,0.0114363299740136,0.00020159597341664,0.068016247445476,0.00078854283101979,0.7010675517576,26.6768631303848,27.5870074335925,1,0.1,1.5
2001,70,0.0119049406274879,0.00019141829547384,0.0682165002087992,0.000746900309506928,0.70268581654925,27.3688789425125,28.2896932501417,1,0.1,1.5
2001,69,0.0123448861905648,0.000181126309792125,0.0684055012103175,0.00070482235418857,0.704165090102262,28.0629751418407,28.993858340244,1,0.1,1.5
2001,68,0.0127519454795913,0.000170729358701528,0.0685839358617755,0.000662347094916485,0.705510050547114,28.7590230910318,29.6993683907911,1,0.1,1.5
2001,67,0.0131219875903563,0.000160236487977979,0.068752488743072,0.000619511403630569,0.706725406946412,29.4568983350692,30.4060937977375,1,0.1,1.5
2001,66,0.0134510081719988,0.000149656426676972,0.0689118359275226,0.000576350816915509,0.707815845422121,30.1564805973926,31.1139096431596,1,0.1,1.5
2001,65,0.0137351630507112,0.000138997563748693,0.0690626324998982,0.000532899447879574,0.708785925259032,30.8576536733962,31.8226955684187,1,0.1,1.5
2001,64,0.0139708242108946,0.000128267218801961,0.0692050885535578,0.000489187217181484,0.709635829347739,31.560301113927,32.5323313977664,1,0.1,1.5
2001,63,0.0141566193856268,0.000117472334598947,0.0693390146539069,0.000445242586477497,0.710363224520393,32.2643037300692,33.2426946222868,1,0.1,1.5
2001,62,0.0142935557971787,0.000106620622999093,0.069464450397985,0.000401096923780759,0.71096970346197,32.9695434774771,33.9536643257488,1,0.1,1.5
2001,61,0.0143819976631218,9.57195406496693e-05,0.0695813534570613,0.000356780574989272,0.711455593776181,33.6759022058963,34.665119919525,1,0.1,1.5
2001,60,0.014422593205688,8.47765179639832e-05,0.0696896398742433,0.000312323748065047,0.711820993888698,34.3832614319555,35.3769409134137,1,0.1,1.5
2001,59,0.0144162531860736,7.37989785990377e-05,0.0697891869024349,0.00026775659163205,0.712065788433894,35.0915021262232,36.0890067018476,1,0.1,1.5
2001,58,0.014364130186679,6.27943592065387e-05,0.0698798381146476,0.00022310927353645,0.712189686865895,35.8005045377529,36.8011963887134,1,0.1,1.5
2001,57,0.0142675880575216,5.17701262587885e-05,0.0699614110777097,0.000178412046615448,0.712192280934444,36.5101480751643,37.5133886696479,1,0.1,1.5
2001,56,0.0141281581999049,4.0733408819975e-05,0.070032944124487,0.000133694094542432,0.71206546310266,37.2203036226306,38.2254541327506,1,0.1,1.5
2001,55,0.0139511180168428,2.96941320354188e-05,0.070099568717641,8.89930917529307e-05,0.711864703723511,37.9308969964719,38.9373188364741,1,0.1,1.5
2001,54,0.0137134382863921,1.87290307330026e-05,0.0705539512789709,4.44480083954574e-05,0.715504066836474,38.6457660917599,39.6528229033105,1,0.1,1.5
2001,53,0.0115438072833821,7.56890749215436e-06,0.0704598958856674,5.31088479071066e-06,0.712446389236575,39.3581366112138,40.3652692925471,1,0.1,1.5
2001,52,0.230876145667642,2.13298424694529e-07,1.25751071091804,0,12.7290266726097,52.0871632838235,53.0942959651569,20,0.1,1.5
2001,51,0.230876145667642,4.9894534333692e-64,1.0649916867444,0,10.8038342978891,62.8909975817126,63.898130263046,20,0.1,1.5
2001,50,0.230876145667642,5.40973240719207e-94,1.18066807647568,0,11.9605981952019,74.8515957769145,75.8587284582479,20,0.1,1.5
2001,49,0.230876145667642,7.75843450946573e-128,1.30152809285656,0,13.1691983590107,88.0207941359253,89.0279268172586,20,0.1,1.5
2001,48,0.230876145667642,4.03362672442076e-150,1.38774773802973,0,14.0313948107424,102.052188946668,103.059321628001,20,0.1,1.5
2001,47,0.230876145667642,3.56754758476517e-152,1.39162996582007,0,14.0702170886458,116.122406035313,117.129538716647,20,0.1,1.5
2001,46,0.230876145667642,3.56754758476521e-192,1.38884934839958,0,14.0424109144409,130.164816949754,131.171949631088,20,0.1,1.5
2001,45,0.230876145667642,3.56754758476526e-232,1.38607428693393,0,14.0146602997844,144.179477249539,145.186609930872,20,0.1,1.5
2001,44,0.230876145667642,3.56754758476531e-272,1.38330477032175,0,13.9869651336626,158.166442383201,159.173575064535,20,0.1,1.5
2001,43,0.230876145667642,3.56754758476752e-312,1.38054078748388,0,13.9593253052839,172.125767688485,173.132900369819,20,0.1,1.5
2001,42,0.230876145667642,0,1.37778232736326,0,13.9317407040777,186.057508392563,187.064641073896,20,0.1,1.5
2001,41,0.230876145667642,0,1.37502937892495,0,13.9042112196946,199.961719612257,200.968852293591,20,0.1,1.5
2001,40,0.230876145667642,0,1.37228193115605,0,13.8767367420056,213.838456354263,214.845589035597,20,0.1,1.5
2001,39,0.230876145667642,0,1.36953997306567,0,13.8493171611018,227.687773515365,228.694906196698,20,0.1,1.5
2001,38,0.230876145667642,0,1.36680349368488,0,13.8219523672939,241.509725882659,242.516858563992,20,0.1,1.5
2001,37,0.230876145667642,0,1.36407248206665,0,13.7946422511116,255.30436813377,256.311500815104,20,0.1,1.5
2001,36,0.230876145667642,0,1.36134692728585,0,13.7673867033036,269.071754837074,270.078887518407,20,0.1,1.5
2001,35,0.230876145667642,0,1.35862681843917,0,13.7401856148368,282.811940451911,283.819073133244,20,0.1,1.5
2001,34,0.230876145667642,0,1.35591214464507,0,13.7130388768958,296.524979328807,297.53211201014,20,0.1,1.5
2001,33,0.230876145667642,0,1.35320289504377,0,13.6859463808828,310.21092570969,311.218058391023,20,0.1,1.5
2001,32,0.230876145667642,0,1.35049905879719,0,13.658908018417,323.869833728106,324.87696640944,20,0.1,1.5
2001,31,0.230876145667642,0,1.34780062508889,0,13.631923681334,337.50175740944,338.508890090774,20,0.1,1.5
2001,30,0.230876145667642,0,1.34510758312406,0,13.6049932616857,351.106750671126,352.11388335246,20,0.1,1.5
2001,29,0.230876145667642,0,1.34241992212945,0,13.5781166517396,364.684867322866,365.692000004199,20,0.1,1.5
2001,28,0.230876145667642,0,1.33973763135333,0,13.5512937439784,378.236161066844,379.243293748178,20,0.1,1.5
2001,27,0.230876145667642,0,1.33706070006548,0,13.5245244310999,391.760685497944,392.767818179277,20,0.1,1.5
2001,26,0.230876145667642,0,1.33438911755707,0,13.4978086060158,405.25849410396,406.265626785293,20,0.1,1.5
2001,25,0.230876145667642,0,1.33172287314072,0,13.4711461618523,418.729640265812,419.736772947146,20,0.1,1.5
2001,24,0.230876145667642,0,1.32906195615038,0,13.4445369919489,432.174177257761,433.181309939094,20,0.1,1.5
2001,23,0.230876145667642,0,1.32640635594131,0,13.4179809898582,445.592158247619,446.599290928953,20,0.1,1.5
2001,22,0.230876145667642,0,1.32375606189005,0,13.3914780493455,458.983636296965,459.990768978298,20,0.1,1.5
2001,21,0.230876145667642,0,1.32111106339434,0,13.3650280643885,472.348664361354,473.355797042687,20,0.1,1.5
2001,20,0.230876145667642,0,1.31847134987315,0,13.3386309291766,485.68729529053,486.694427971863,20,0.1,1.5
2001,19,0.230876145667642,0,1.31583691076655,0,13.3122865381106,498.999581828641,500.006714509974,20,0.1,1.5
2001,18,0.230876145667642,0,1.31320773553573,0,13.2859947858024,512.285576614443,513.292709295776,20,0.1,1.5
2001,17,0.230876145667642,0,1.31058381366293,0,13.2597555670744,525.545332181517,526.552464862851,20,0.1,1.5
2001,16,0.230876145667642,0,1.30796513465142,0,13.2335687769593,538.778900958477,539.78603363981,20,0.1,1.5
2001,15,0.230876145667642,0,1.30535168802543,0,13.2074343106994,551.986335269176,552.99346795051,20,0.1,1.5
2001,14,0.230876145667642,0,1.30274346333012,0,13.1813520637463,565.167687332922,566.174820014256,20,0.1,1.5
2001,13,0.230876145667642,0,1.30014045013154,0,13.1553219317605,578.323009264683,579.330141946016,20,0.1,1.5
2001,12,0.230876145667642,0,1.2975426380166,0,13.1293438106111,591.452353075294,592.459485756627,20,0.1,1.5
2001,11,0.230876145667642,0,1.29495001659301,0,13.1034175963752,604.555770671669,605.562903353003,20,0.1,1.5
2001,10,0.230876145667642,0,1.29236257548924,0,13.0775431853375,617.633313857006,618.64044653834,20,0.1,1.5
2001,9,0.230876145667642,0,1.28978030435449,0,13.05172047399,630.685034330996,631.69216701233,20,0.1,1.5
2001,8,0.230876145667642,0,1.28720319285864,0,13.0259493590314,643.710983690028,644.718116371362,20,0.1,1.5
2001,7,0.230876145667642,0,1.2846312306922,0,13.0002297373671,656.711213427395,657.718346108729,20,0.1,1.5
2001,6,0.230876145667642,0,1.28206440756629,0,12.974561506108,669.685774933503,670.692907614837,20,0.1,1.5
2001,5,0.230876145667642,0,1.2795027132126,0,12.9489445625711,682.634719496074,683.641852177408,20,0.1,1.5
2001,4,0.230876145667642,0,1.27694613738332,0,12.9233788042783,695.558098300352,696.565230981686,20,0.1,1.5
2001,3,0.230876145667642,0,1.27439466985111,0,12.8978641289562,708.455962429308,709.463095110642,20,0.1,1.5
2001,2,0.0115438072833821,0,0.000541507882185576,0,0.0131109503441105,708.469073379653,709.476206060986,1,0.1,1.5
2001,1,150,0,1.28662393195395,0,112.866239319539,821.335312699192,822.342445380526,99999,0.1,1.5
2002,127,0.000127901810290195,0.0311026269235298,0.0311026269235298,0,0.622137806344122,0,0,1,0.1,1.5
2002,126,0.000123720720195679,0.000304195258935424,0.030416483940953,0.00116167554718913,0.323884637438859,0.307289272479015,0.323884637438859,1,0.1,1.5
2002,125,0.000119639214928724,0.000280413466970535,0.0299918273870968,0.0011349813183845,0.319016186851357,0.610091440496307,0.642900824290216,1,0.1,1.5
2002,124,0.000115618214799231,0.000273249958518969,0.029516745688407,0.00110747772381799,0.313798145619383,0.908068475775434,0.956698969909599,1,0.1,1.5
2002,123,0.000111579602478561,0.000266152560088584,0.0289886623517379,0.00107849667407362,0.308029630863826,1.20069101129535,1.26472860077343,1,0.1,1.5
2002,122,0.00010752209555898,0.000258376419339852,0.0283711820089437,0.00104674154227488,0.301320716283802,1.48705827697523,1.56604931705723,1,0.1,1.5
2002,121,0.00010328346784524,0.000250757521920444,0.0277557840508898,0.00101564101788753,0.294643428771726,1.76719254834856,1.86069274582895,1,0.1,1.5
2002,120,9.93221297968307e-05,0.000244532643720397,0.0272814513282156,0.000990202839923028,0.289471809328601,2.04251860282112,2.15016455515755,1,0.1,1.5
2002,119,9.62260267864903e-05,0.00023967519691203,0.0269498982597671,0.000970314173128081,0.285821516296002,2.31447848807243,2.43598607145356,1,0.1,1.5
2002,118,9.39093157359198e-05,0.000236138851144534,0.026760524763177,0.000955782497266769,0.283683278028946,2.58450773042614,2.7196693494825,1,0.1,1.5
2002,117,9.22954497642281e-05,0.000233839026607544,0.026708196370951,0.000946260788432462,0.282999895538749,2.85398961470157,3.00266924502125,1,0.1,1.5
2002,116,9.13096760748181e-05,0.000232662296810503,0.0267841764758496,0.000941285705483832,0.283676199493753,3.12421887554555,3.286345444515,1,0.1,1.5
2002,115,9.08799205917309e-05,0.000232434942414859,0.0269723436742719,0.000940150520783269,0.285539094506071,3.39632724832615,3.57188453902107,1,0.1,1.5
2002,114,9.09181511776128e-05,0.000232979588929857,0.0272555283758252,0.000942134434243906,0.288404755094677,3.67127294007448,3.86028929411575,1,0.1,1.5
2002,113,9.13426677909883e-05,0.00023397896426587,0.0275993386676892,0.000945951840702109,0.291907669155727,3.94966701150589,4.15219696327148,1,0.1,1.5
2002,112,9.20091095629163e-05,0.000235270566327426,0.0279864937292391,0.000950944047659661,0.295863897328607,4.23194599386793,4.44806086060009,1,0.1,1.5
2002,111,9.28453480993618e-05,0.000236274533716348,0.0283487092816185,0.000954766775038957,0.299551260409781,4.51785772892001,4.74761212100987,1,0.1,1.5
2002,110,9.35740399939811e-05,0.000237858983331281,0.0287908005837385,0.000960927594132115,0.304076515423058,4.80820670728404,5.05168863643292,1,0.1,1.5
2002,109,9.46190478656791e-05,0.000241629623243132,0.0295128197189799,0.000975908194484423,0.311549118422966,5.10581428007152,5.36323775485589,1,0.1,1.5
2002,108,9.68099325605506e-05,0.000247679772293058,0.0305370575206589,0.00100007543183217,0.322198704767876,5.41372619295608,5.68543645962377,1,0.1,1.5
2002,107,0.000100297303143751,0.000256073341470005,0.0318840338576999,0.0010336759986572,0.336234736841278,5.73519412981654,6.02167119646504,1,0.1,1.5
2002,106,0.000105278796428683,0.00026680672259808,0.0335679263640264,0.00107668245431197,0.353798694649273,6.07361164654707,6.37546989111432,1,0.1,1.5
2002,105,0.00011200539294908,0.000279773385888416,0.0355920812531916,0.00112865049191065,0.374916795108632,6.43240486319983,6.75038668622295,1,0.1,1.5
2002,104,0.000120785541874898,0.000294724403775287,0.0379435778588061,0.00118856017776059,0.399442977431263,6.81486840952023,7.14982966365421,1,0.1,1.5
2002,103,0.00013198617346202,0.000311223221811841,0.0405863756348021,0.0012546346018378,0.426987330803273,7.22393238886868,7.57681699445748,1,0.1,1.5
2002,102,0.000146022023884342,0.000328621090747397,0.0434561863995976,0.00132424265437156,0.456863175124681,7.66187781178805,8.03368016958217,1,0.1,1.5
2002,101,0.000163340102769242,0.000346025627936484,0.0464532890998088,0.00139377504334002,0.488013112727014,8.12997985246735,8.52169328230918,1,0.1,1.5
2002,100,0.000184356430157904,0.000362397642436437,0.0494514026982811,0.00145903781050239,0.519104304986838,8.6282407601613,9.04079758729602,1,0.1,1.5
2002,99,0.000209462986364965,0.000376470874186911,0.052281994765916,0.00151493297983406,0.548366198103854,9.15496505855324,9.58916378539987,1,0.1,1.5
2002,98,0.00023869867776749,0.000387711460175215,0.0548645534029742,0.00155932157820405,0.574957803629111,9.70764683963658,10.164121589029,1,0.1,1.5
2002,97,0.000273545078180885,0.000395004622889612,0.0570236118307252,0.00158773855148168,0.597050507228483,10.2820153675582,10.7611720962575,1,0.1,1.5
2002,96,0.000315752856364506,0.000396510799708082,0.058454213445486,0.00159282489655054,0.611472385735477,10.8707331119144,11.3726444819929,1,0.1,1.5
2002,95,0.00036499349100484,0.000392415078464107,0.059122805570637,0.00157537502150753,0.617900892935121,11.4661286473994,11.9905453749281,1,0.1,1.5
2002,94,0.000419058236425454,0.000387529161370369,0.0597108108140364,0.00155474166599492,0.623473367140184,12.0673914193111,12.6140187420682,1,0.1,1.5
2002,93,0.000482448475944876,0.000382290368935075,0.0602804156607906,0.00153268412074087,0.628844180053708,12.6743401119256,13.242862922122,1,0.1,1.5
2002,92,0.00060299185065275,0.000376722555608569,0.0608308173851188,0.00150930001793307,0.63403882280199,13.2868175059,13.8769017449239,1,0.1,1.5
2002,91,0.000790773523234668,0.000370838993047269,0.0613622221476796,0.00148464439199139,0.639066999355968,13.9046752996561,14.5159687442799,1,0.1,1.5
2002,90,0.0010414617850305,0.000364647724646235,0.0618749825798098,0.00145875126733387,0.643929914720302,14.5277659105573,15.1598986590002,1,0.1,1.5
2002,89,0.00134841444488856,0.000358158087205727,0.06236981491745,0.00143165981030159,0.648630956014124,15.1559445835671,15.8085296150143,1,0.1,1.5
2002,88,0.00170280607384191,0.000351380390270316,0.0628477689084277,0.00140341302259843,0.6531754545019,15.7890712806034,16.4617050695162,1,0.1,1.5
2002,87,0.00209388679772291,0.000344306579813841,0.0633066305482646,0.00137398058919284,0.657533589943926,16.426976576416,17.1192386594602,1,0.1,1.5
2002,86,0.00252911276352324,0.000336933307975693,0.0637434154948688,0.00134335121507794,0.661680294848098,17.0694661396201,17.7809189543083,1,0.1,1.5
2002,85,0.00302291307004381,0.00032927844096866,0.0641584719326353,0.00131159827946686,0.665629897394166,17.7163589187362,18.4465488517024,1,0.1,1.5
2002,84,0.00357226601493947,0.000321352869420109,0.0645520619608252,0.00127876723926912,0.66938376239721,18.3674745777152,19.1159326140996,1,0.1,1.5
2002,83,0.00417217271569693,0.00031316855270259,0.0649247882775289,0.00124490774908416,0.672945413194935,19.0226355944947,19.7888780272946,1,0.1,1.5
2002,82,0.00481565734026768,0.000304738338490276,0.0652776002256109,0.00121007291614411,0.676320579812773,19.6816694183625,20.4651986071073,1,0.1,1.5
2002,81,0.00549378725136755,0.000296075692584458,0.0656117801209181,0.00117431820014364,0.679517057257037,20.3444105013318,21.1447156643644,1,0.1,1.5
2002,80,0.00617346163419549,0.000287185353183594,0.0659282730714848,0.00113766438490758,0.68252257369197,21.010680726668,21.8272382380564,1,0.1,1.5
2002,79,0.00684460455639497,0.000278083455499874,0.0662290093255388,0.00110017741294204,0.685350817699536,21.6803147241826,22.5125890557559,1,0.1,1.5
2002,78,0.00751361466098227,0.0002687926948544,0.0665167242119428,0.00106194893058356,0.688034944516963,22.3531789696912,23.2006240002729,1,0.1,1.5
2002,77,0.00816621169751122,0.000259326806400924,0.0667938073592822,0.00102303483691176,0.690590266172959,23.0291544524797,23.8912142664458,1,0.1,1.5
2002,76,0.0087871703769529,0.000249698628278754,0.0670627674632461,0.00098348728456133,0.69303259285076,23.7081372269796,24.5842468592966,1,0.1,1.5
2002,75,0.00936087758225378,0.000239899379749635,0.0673202088313135,0.000943273273608838,0.695316999645594,24.3899788941451,25.2795638589422,1,0.1,1.5
2002,74,0.00990134123530219,0.000229928486225617,0.0675621617013437,0.00090239252994788,0.697413117888959,25.0745006901777,25.9769769768311,1,0.1,1.5
2002,73,0.0104302392195847,0.000219806559404303,0.0677901223250315,0.000860928036280811,0.699351753604283,25.7615534718351,26.6763287304354,1,0.1,1.5
2002,72,0.010943330463636,0.000209544157561527,0.0680047120781545,0.000818923053895898,0.701137016769525,26.4509915878347,27.3774657472049,1,0.1,1.5
2002,71,0.0114363299740136,0.000199151667489114,0.0682065815284865,0.000776420075802827,0.702773267311043,27.1426731397771,28.080239014516,1,0.1,1.5
2002,70,0.0119049406274879,0.00018863926033147,0.0683964036361551,0.000733460650867051,0.704265065347958,27.8364601958269,28.7845040798639,1,0.1,1.5
2002,69,0.0123448861905648,0.000178016851645064,0.0685748662487436,0.000690085225746619,0.705617115498739,28.5322189509579,29.4901211953627,1,0.1,1.5
2002,68,0.0127519454795913,0.000167294067316136,0.0687426642419184,0.000646333011064578,0.706834208808234,29.2298198310366,30.1969554041709,1,0.1,1.5
2002,67,0.0131219875903563,0.000156480215787422,0.0689004913451053,0.000602241873565936,0.707921162672488,29.9291375383724,30.9048765668434,1,0.1,1.5
2002,66,0.0134510081719988,0.000145584268495647,0.0690490324481587,0.00055784826153369,0.708882766826929,30.6300510443203,31.6137593336703,1,0.1,1.5
2002,65,0.0137351630507112,0.000134614837607381,0.0691889510986181,0.000513187121726711,0.709723679325491,31.3324434790497,32.3234830129958,1,0.1,1.5
2002,64,0.0139708242108946,0.000123579476483391,0.0693204648489979,0.00046828926217238,0.710444172664538,32.0361978051118,33.0339271856604,1,0.1,1.5
2002,63,0.0141566193856268,0.000112485369965364,0.0694433913990609,0.000423184070094858,0.711042000662988,32.7411943190591,33.7449691863233,1,0.1,1.5
2002,62,0.0142935557971787,0.000101340437175181,0.0695577781838903,0.000377903685357134,0.711518847485305,33.4473145424679,34.4564880338086,1,0.1,1.5
2002,61,0.0143819976631218,9.01523391538147e-05,0.0696635904654629,0.000332479215909131,0.711875129572665,34.1544399689562,35.1683631633813,1,0.1,1.5
2002,60,0.014422593205688,7.89287021959016e-05,0.0697607518472721,0.00028694159622299,0.712111033292134,34.862451836588,35.8804741966734,1,0.1,1.5
2002,59,0.0144162531860736,6.76771376940028e-05,0.0698491471316526,0.000241321667357226,0.712226530541666,35.5712309147388,36.5927007272151,1,0.1,1.5
2002,58,0.014364130186679,5.64052619761778e-05,0.0699286274492202,0.000195650255800677,0.712221417557379,36.2806573286419,37.3049221447725,1,0.1,1.5
2002,57,0.0142675880575216,4.51207129164498e-05,0.0699990179482558,0.000149958238279313,0.712095372530251,36.9906104406253,38.0170175173027,1,0.1,1.5
2002,56,0.0141281581999049,3.38308577238077e-05,0.0700593643537102,0.000104275706733175,0.711840377200941,37.7009611648729,38.7288578945037,1,0.1,1.5
2002,55,0.0139511180168428,2.25452142585869e-05,0.0701148070337075,5.86385028127222e-05,0.711511960721547,38.4116354326971,39.4403698552252,1,0.1,1.5
2002,54,0.0137134382863921,1.12992924061944e-05,0.0705580078859419,1.40983584058741e-05,0.715036769094493,39.1264707966716,40.1554066243197,1,0.1,1.5
2002,53,0.0115438072833821,1.40341027259921e-06,0.0704541776172766,0,0.712251681797746,39.8387224784693,40.8676583061175,1,0.1,1.5
2002,52,0.230876145667642,2.13298424694529e-09,1.25738495984695,0,12.7277670502444,52.5664895287137,53.5954253563619,20,0.1,1.5
2002,51,0.230876145667642,4.9894534333692e-66,1.06488518757573,0,10.8027693062024,63.3692588349161,64.3981946625643,20,0.1,1.5
2002,50,0.230876145667642,5.40973240719207e-96,1.18055000966804,0,11.9594175271254,75.3286763620415,76.3576121896897,20,0.1,1.5
2002,49,0.230876145667642,7.75843450946573e-130,1.30139794004728,0,13.1678968309179,88.4965731929594,89.5255090206076,20,0.1,1.5
2002,48,0.230876145667642,4.03362672442076e-152,1.38760896325592,0,14.0300070630043,102.526580255964,103.555516083612,20,0.1,1.5
2002,47,0.230876145667642,3.56754758476517e-154,1.39149080282349,0,14.06882545868,116.595405714644,117.624341542292,20,0.1,1.5
2002,46,0.230876145667642,3.56754758476522e-194,1.38871046346474,0,14.0410220650925,130.636427779736,131.665363607384,20,0.1,1.5
2002,45,0.230876145667642,3.56754758476526e-234,1.38593567950524,0,14.0132742254975,144.649702005234,145.678637832882,20,0.1,1.5
2002,44,0.230876145667642,3.56754758476531e-274,1.38316643984472,0,13.9855818288923,158.635283834126,159.664219661774,20,0.1,1.5
2002,43,0.230876145667642,3.56754758457978e-314,1.38040273340513,0,13.9579447644964,172.593228598622,173.622164426271,20,0.1,1.5
2002,42,0.230876145667642,0,1.37764454913052,0,13.9303629217503,186.523591520373,187.552527348021,20,0.1,1.5
2002,41,0.230876145667642,0,1.37489187598706,0,13.9028361903157,200.426427710688,201.455363538337,20,0.1,1.5
2002,40,0.230876145667642,0,1.37214470296294,0,13.8753644600745,214.301792170763,215.330727998411,20,0.1,1.5
2002,39,0.230876145667642,0,1.36940301906837,0,13.8479476211288,228.149739791892,229.17867561954,20,0.1,1.5
2002,38,0.230876145667642,0,1.36666681333551,0,13.8205855638002,241.970325355692,242.99926118334,20,0.1,1.5
2002,37,0.230876145667642,0,1.36393607481845,0,13.7932781786296,255.763603534321,256.79253936197,20,0.1,1.5
2002,36,0.230876145667642,0,1.36121079259312,0,13.7660253563763,269.529628890698,270.558564718346,20,0.1,1.5
2002,35,0.230876145667642,0,1.35849095575732,0,13.7388269880183,283.268455878716,284.297391706364,20,0.1,1.5
2002,34,0.230876145667642,0,1.3557765534306,0,13.7116829647511,296.980138843467,298.009074671115,20,0.1,1.5
2002,33,0.230876145667642,0,1.35306757475427,0,13.6845931779878,310.664732021455,311.693667849103,20,0.1,1.5
2002,32,0.230876145667642,0,1.35036400889131,0,13.6575575193582,324.322289540813,325.351225368461,20,0.1,1.5
2002,31,0.230876145667642,0,1.34766584502638,0,13.6305758807089,337.952865421522,338.98180124917,20,0.1,1.5
2002,30,0.230876145667642,0,1.34497307236575,0,13.6036481541026,351.556513575625,352.585449403273,20,0.1,1.5
2002,29,0.230876145667642,0,1.34228568013724,0,13.5767742318175,365.133287807442,366.16222363509,20,0.1,1.5
2002,28,0.230876145667642,0,1.3396036575902,0,13.5499540063471,378.683241813789,379.712177641437,20,0.1,1.5
2002,27,0.230876145667642,0,1.33692699399547,0,13.5231873703998,392.206429184189,393.235365011837,20,0.1,1.5
2002,26,0.230876145667642,0,1.33425567864532,0,13.4964742168983,405.702903401087,406.731839228736,20,0.1,1.5
2002,25,0.230876145667642,0,1.33158970085341,0,13.4698144389792,419.172717840067,420.201653667715,20,0.1,1.5
2002,24,0.230876145667642,0,1.32892904995477,0,13.4432079299928,432.615925770059,433.644861597707,20,0.1,1.5
2002,23,0.230876145667642,0,1.32627371530572,0,13.4166545835023,446.032580353562,447.06151618121,20,0.1,1.5
2002,22,0.230876145667642,0,1.32362368628386,0,13.3901542932837,459.422734646845,460.451670474493,20,0.1,1.5
2002,21,0.230876145667642,0,1.320978952288,0,13.3637069533251,472.78644160017,473.815377427819,20,0.1,1.5
2002,20,0.230876145667642,0,1.31833950273816,0,13.3373124578267,486.123754057997,487.152689885645,20,0.1,1.5
2002,19,0.230876145667642,0,1.31570532707547,0,13.3109707011998,499.434724759197,500.463660586845,20,0.1,1.5
2002,18,0.230876145667642,0,1.31307641476218,0,13.2846815780668,512.719406337264,513.748342164912,20,0.1,1.5
2002,17,0.230876145667642,0,1.31045275528157,0,13.2584449832608,525.977851320525,527.006787148173,20,0.1,1.5
2002,16,0.230876145667642,0,1.30783433813796,0,13.2322608118247,539.210112132349,540.239047959997,20,0.1,1.5
2002,15,0.230876145667642,0,1.30522115285663,0,13.2061289590114,552.416241091361,553.445176919009,20,0.1,1.5
2002,14,0.230876145667642,0,1.30261318898379,0,13.1800493202829,565.596290411644,566.625226239292,20,0.1,1.5
2002,13,0.230876145667642,0,1.30001043608653,0,13.1540217913104,578.750312202954,579.779248030602,20,0.1,1.5
2002,12,0.230876145667642,0,1.2974128837528,0,13.1280462679731,591.878358470927,592.907294298575,20,0.1,1.5
2002,11,0.230876145667642,0,1.29482052159135,0,13.1021226463586,604.980481117286,606.009416944934,20,0.1,1.5
2002,10,0.230876145667642,0,1.29223333923169,0,13.076250822762,618.056731940048,619.085667767696,20,0.1,1.5
2002,9,0.230876145667642,0,1.28965132632406,0,13.0504306936856,631.107162633733,632.136098461381,20,0.1,1.5
2002,8,0.230876145667642,0,1.28707447253935,0,13.0246621558386,644.131824789572,645.16076061722,20,0.1,1.5
2002,7,0.230876145667642,0,1.28450276756913,0,12.9989451061364,657.130769895708,658.159705723356,20,0.1,1.5
2002,6,0.230876145667642,0,1.28193620112554,0,12.9732794417005,670.104049337409,671.132985165057,20,0.1,1.5
2002,5,0.230876145667642,0,1.27937476294128,0,12.9476650598579,683.051714397266,684.080650224915,20,0.1,1.5
2002,4,0.230876145667642,0,1.27681844276958,0,12.9221018581409,695.973816255407,697.002752083055,20,0.1,1.5
2002,3,0.230876145667642,0,1.27426723038413,0,12.8965897342864,708.870405989694,709.899341817342,20,0.1,1.5
2002,2,0.0115438072833821,0,0.000541453731397358,0,0.0131104088362283,708.88351639853,709.912452226178,1,0.1,1.5
2002,1,150,0,1.28649526956075,0,112.864952695608,821.748469094137,822.777404921786,99999,0.1,1.5
2003,128,0.000132231556919646,0.0317759593832532,0.0317759593832532,0,0.635607342036343,0,0,1,0.1,1.5
2003,127,0.000127901810290195,0.000311026269235298,0.0310995166608374,0.00121408725772748,0.331534800856075,0.314190697174254,0.331534800856075,1,0.1,1.5
2003,126,0.000123720720195679,0.000293460839386636,0.0307038611793562,0.00118766313299923,0.327022316853262,0.624246397841813,0.658557117709337,1,0.1,1.5
2003,125,0.000119639214928724,0.00028654946426583,0.0302725735339542,0.00116072384782949,0.322252758713527,0.929917387300632,0.980809876422864,1,0.1,1.5
2003,124,0.000115618214799231,0.000279601930539688,0.0297906634447927,0.00113233239544597,0.31695590964099,1.23069711986382,1.29776578606385,1,0.1,1.5
2003,123,0.000111579602478561,0.000272285694119291,0.0292553876540212,0.00110243134807834,0.311100139141319,1.52604823974688,1.60886592520517,1,0.1,1.5
2003,122,0.00010752209555898,0.000264269149762119,0.0286300302763115,0.00106971319122158,0.304296292675227,1.81506291540465,1.9131622178804,1,0.1,1.5
2003,121,0.00010328346784524,0.000256417829691088,0.0280069187269566,0.00103768354656828,0.297526271876968,2.09776513661636,2.21068848975737,1,0.1,1.5
2003,120,9.93221297968307e-05,0.000249996036417961,0.0275262738930635,0.0010114562350631,0.292278288834628,2.37559405066437,2.502966778592,1,0.1,1.5
2003,119,9.62260267864903e-05,0.00024497529525114,0.0271897818132231,0.000990910533946184,0.288567586539926,2.65000577243364,2.79153436513192,1,0.1,1.5
2003,118,9.39093157359198e-05,0.000241307012828138,0.0269967943350174,0.000975844622749872,0.286384257156801,2.92244939212259,3.07791862228872,1,0.1,1.5
2003,117,9.22954497642281e-05,0.000238903587374191,0.026942090748422,0.000965899267852023,0.28567003462712,3.19432086578039,3.36358865691584,1,0.1,1.5
2003,116,9.13096760748181e-05,0.000237648049339063,0.027016819484573,0.000960596944260765,0.286328361945943,3.4669264142369,3.64991701886179,1,0.1,1.5
2003,115,9.08799205917309e-05,0.000237361979619966,0.0272046840701003,0.000959212319589484,0.288184080247923,3.74140746134783,3.93810109910971,1,0.1,1.5
2003,114,9.09181511776128e-05,0.000237863404450275,0.0274883364315486,0.000961006454711119,0.291051274099504,4.0187300718086,4.22915237320921,1,0.1,1.5
2003,113,9.13426677909883e-05,0.000238827749818186,0.027833066693998,0.000964665260443465,0.294560771842072,4.29950991135862,4.52371314505128,1,0.1,1.5
2003,112,9.20091095629163e-05,0.00024008871757819,0.0282214310917811,0.000969515218347549,0.298526754904933,4.58418644885859,4.82223989995622,1,0.1,1.5
2003,111,9.28453480993618e-05,0.000241054439096903,0.0285845661044501,0.000973165716485055,0.302220469712561,4.87250455119279,5.12446036966878,1,0.1,1.5
2003,110,9.35740399939811e-05,0.000242610488366342,0.0290281534022132,0.000979191483106237,0.306758471357785,5.16527457279192,5.43121884102656,1,0.1,1.5
2003,109,9.46190478656791e-05,0.000246393344853537,0.0297538454856291,0.000994191932575994,0.314268209564013,5.46534004046199,5.74548705059058,1,0.1,1.5
2003,108,9.68099325605506e-05,0.000252495655680973,0.0307840226728649,0.00101853026161165,0.324980155549236,5.77576976370249,6.07046720613981,1,0.1,1.5
2003,107,0.000100297303143751,0.000260979733079001,0.0321392644539784,0.00105244580550573,0.33910424681799,6.09983907044182,6.4095714529578,1,0.1,1.5
2003,106,0.000105278796428683,0.000271838680803974,0.033833740184968,0.00109589714052509,0.356781647958078,6.44096504496383,6.76635310091588,1,0.1,1.5
2003,105,0.00011200539294908,0.000284960356836548,0.0358706846680439,0.00114841694466167,0.37803707686308,6.8025961654746,7.14439017777896,1,0.1,1.5
2003,104,0.000120785541874898,0.0003000872884779,0.0382369235454604,0.00120895097717762,0.40272136027936,7.18804679750856,7.54711153805832,1,0.1,1.5
2003,103,0.00013198617346202,0.000316770882677568,0.0408959756476981,0.00127567472287156,0.430439380698515,7.60026225359463,7.97755091875684,1,0.1,1.5
2003,102,0.000146022023884342,0.000334346874500363,0.0437829014445505,0.0013458964473969,0.460496923312102,8.04153208480106,8.43804784206894,1,0.1,1.5
2003,101,0.000163340102769242,0.000351904017114371,0.0467970875317338,0.00141593402561571,0.491826437827695,8.51313089369139,8.92987427989663,1,0.1,1.5
2003,100,0.000184356430157904,0.000368383429049962,0.0498112170106368,0.00148151839048574,0.52308345711915,9.01504980237503,9.45295773701578,1,0.1,1.5
2003,99,0.000209462986364965,0.000382497953700383,0.0526554998113979,0.00153747321897851,0.552483522770157,9.54556942201692,10.0054412597859,1,0.1,1.5
2003,98,0.00023869867776749,0.000393707509152764,0.0552488973421849,0.00158163760679786,0.579180003919477,10.1021546029821,10.5846212637054,1,0.1,1.5
2003,97,0.000273545078180885,0.000400884684099315,0.0574148441074126,0.00160950204491024,0.601332537656433,10.6804942542827,11.1859538013619,1,0.1,1.5
2003,96,0.000315752856364506,0.000402171332134716,0.058846574248279,0.00161364367575275,0.615750010219134,11.2731922119911,11.801703811581,1,0.1,1.5
2003,95,0.00036499349100484,0.000397767906161524,0.0595107370454568,0.00159492072788613,0.622112960337131,11.8725205905013,12.4238167719181,1,0.1,1.5
2003,94,0.000419058236425454,0.000392560708112435,0.0600935251494537,0.00157296368878229,0.627611140573026,12.4776608212346,13.0514279124911,1,0.1,1.5
2003,93,0.000482448475944876,0.000386993933874567,0.0606575586494097,0.00154955750169179,0.632903693888594,13.0884279793847,13.6843316063797,1,0.1,1.5
2003,92,0.00060299185065275,0.000381092230039353,0.0612020593078635,0.00152480297169185,0.638016409541728,13.7046614893308,14.3223480159215,1,0.1,1.5
2003,91,0.000790773523234668,0.000374869487928321,0.0617272470234626,0.00149875765706135,0.642959171135038,14.3262098367936,14.9653071870565,1,0.1,1.5
2003,90,0.0010414617850305,0.000368334294079931,0.0622334828983852,0.00147145782082021,0.647733305793056,14.9529223165749,15.6130404928496,1,0.1,1.5
2003,89,0.00134841444488856,0.000361496533447456,0.0627214928885336,0.00144294487593207,0.652342335410671,15.584651153758,16.2653828282602,1,0.1,1.5
2003,88,0.00170280607384191,0.00035436705955231,0.0631923373871865,0.00141326404248953,0.656791734837895,16.2212534022746,16.9221745630981,1,0.1,1.5
2003,87,0.00209388679772291,0.000346938213096347,0.063643795032508,0.00138238673509891,0.661051638917843,16.8625566592625,17.583226202016,1,0.1,1.5
2003,86,0.00252911276352324,0.000339207136849242,0.0640728789570888,0.00135030375351316,0.66509698973668,17.5083635953775,18.2483231917526,1,0.1,1.5
2003,85,0.00302291307004381,0.000331192354276402,0.0644799556553087,0.00131709110542196,0.668942342696194,18.1584903508534,18.9172655344488,1,0.1,1.5
2003,84,0.00357226601493947,0.000322905338511481,0.0648652985644464,0.00128279661252074,0.672589215599359,18.8127539005596,19.5898547500482,1,0.1,1.5
2003,83,0.00417217271569693,0.000314358622798065,0.0652295227359722,0.00124747224646898,0.676041294157248,19.4709741626244,20.2658960442054,1,0.1,1.5
2003,82,0.00481565734026768,0.00030556561242093,0.0655735906946244,0.00121117335321167,0.679304477771751,20.1329761639217,20.9452005219772,1,0.1,1.5
2003,81,0.00549378725136755,0.000296540306961756,0.065898798492942,0.00117395752317123,0.682386734592871,20.798592076755,21.6275872565701,1,0.1,1.5
2003,80,0.00617346163419549,0.00028728794975873,0.0662060963404046,0.00113584761620132,0.685275878508258,21.4676415607461,22.3128631350783,1,0.1,1.5
2003,79,0.00684460455639497,0.000277825187790508,0.0664974307778417,0.00109691158690947,0.687985794887864,22.1399571901067,23.0008489299662,1,0.1,1.5
2003,78,0.00751361466098227,0.000268175159594434,0.0667755597721675,0.00105724275117349,0.690549893632181,22.815403615865,23.6913988235984,1,0.1,1.5
2003,77,0.00816621169751122,0.000258351977291948,0.0670428866877742,0.00101689846695685,0.692983648738862,23.4938601436473,24.3843824723372,1,0.1,1.5
2003,76,0.0087871703769529,0.00024836880742312,0.0673019330076401,0.000975932146600368,0.695303019543844,24.1752212753826,25.0796854918811,1,0.1,1.5
2003,75,0.00936087758225378,0.000238217312199706,0.0675492951288326,0.00093431269993735,0.697463033749978,24.8593369848477,25.7771485256311,1,0.1,1.5
2003,74,0.00990134123530219,0.000227897417349226,0.0677810036176605,0.000892041937804511,0.699433360761316,25.5460268893547,26.4765818863924,1,0.1,1.5
2003,73,0.0104302392195847,0.000217430074664246,0.0679985753218692,0.00084920408571708,0.701245033717206,26.2351404361331,27.1778269201096,1,0.1,1.5
2003,72,0.010943330463636,0.00020682620504959,0.0682026423704206,0.000805843820277073,0.702902293972513,26.9265306755302,27.8807292140821,1,0.1,1.5
2003,71,0.0114363299740136,0.000196096535625598,0.0683938658892843,0.000762004956082209,0.704409629318663,27.620054519762,28.5851388434008,1,0.1,1.5
2003,70,0.0119049406274879,0.000185251555320078,0.0685729291585082,0.000717730269341174,0.705771723785292,28.3155729539853,29.290910567186,1,0.1,1.5
2003,69,0.0123448861905648,0.000174301474953105,0.0687405300685554,0.000673061340397486,0.706993401567806,29.0129511935474,29.9979039687539,1,0.1,1.5
2003,68,0.0127519454795913,0.000163256193439306,0.0688973732282604,0.000628038421522542,0.708079568653713,29.7120587847508,30.7059835374076,1,0.1,1.5
2003,67,0.0131219875903563,0.000152125270549358,0.0690441617643623,0.000582700331690369,0.70903515252874,30.4127696468268,31.4150186899363,1,0.1,1.5
2003,66,0.0134510081719988,0.000140917908068379,0.0691815896102973,0.000537084385326826,0.709865048041087,31.1149620607918,32.1248837379774,1,0.1,1.5
2003,65,0.0137351630507112,0.000129642928807752,0.0693103289839399,0.000491226314920925,0.710574013279202,31.8185185552864,32.8354577512566,1,0.1,1.5
2003,64,0.0139708242108946,0.000118308110307929,0.0694306051180561,0.000445157779170089,0.71116241193619,32.5233215703773,33.5466201631928,1,0.1,1.5
2003,63,0.0141566193856268,0.000106920871223368,0.0695422430774447,0.000398909059135628,0.71162808658856,33.2292509561211,34.2582482497813,1,0.1,1.5
2003,62,0.0142935557971787,9.54893257110353e-05,0.0696452983274112,0.000352513019614825,0.711972814009553,33.9361878698504,34.9702210637909,1,0.1,1.5
2003,61,0.0143819976631218,8.4021327368821e-05,0.0697397439103937,0.000306001485130452,0.712197100607284,34.6440135206701,35.6824181643982,1,0.1,1.5
2003,60,0.014422593205688,7.25246860777066e-05,0.0698255111711431,0.000259406069413902,0.712301221700961,35.3526089413795,36.3947193860991,1,0.1,1.5
2003,59,0.0144162531860736,6.10071882162464e-05,0.0699024926337788,0.000212758256970764,0.712285237348343,36.0618547750568,37.1070046234475,1,0.1,1.5
2003,58,0.014364130186679,4.94766165699311e-05,0.0699705471504255,0.000166089482174218,0.712149031349276,36.7716310995179,37.8191536547968,1,0.1,1.5
2003,57,0.0142675880575216,3.79407666989927e-05,0.0700295076060308,0.000119431193022416,0.711892368999299,37.4818173086168,38.5310460237961,1,0.1,1.5
2003,56,0.0141281581999049,2.64072352605319e-05,0.0700784273439581,7.28143569216455e-05,0.711507323024337,38.1922844265423,39.2425533468204,1,0.1,1.5
2003,55,0.0139511180168428,1.48850778457664e-05,0.0701224551787073,2.62727680227829e-05,0.711049473167561,38.9029585744524,39.953602819988,1,0.1,1.5
2003,54,0.0137134382863921,3.63758252553048e-06,0.0705544766747548,9.8950387285063e-08,0.714724848340692,39.6176820092161,40.6683276683287,1,0.1,1.5
2003,53,0.0115438072833821,1.40341027259921e-08,0.0704471321995148,0,0.71216733385843,40.3298493430746,41.3804950021871,1,0.1,1.5
2003,52,0.230876145667642,2.13298424694529e-11,1.25725922135096,0,12.726509644168,53.0563589872426,54.1070046463551,20,0.1,1.5
2003,51,0.230876145667642,4.98945343336921e-68,1.06477869905697,0,10.8017044210148,63.8580634082574,64.9087090673699,20,0.1,1.5
2003,50,0.230876145667642,5.40973240719207e-98,1.18043195466707,0,11.9582369771158,75.8163003853732,76.8669460444857,20,0.1,1.5
2003,49,0.230876145667642,7.75843450946574e-132,1.30126780025327,0,13.1665954329778,88.982895818351,90.0335414774635,20,0.1,1.5
2003,48,0.230876145667642,4.03362672442076e-154,1.3874702023596,0,14.0286194540411,103.011515272392,104.062160931505,20,0.1,1.5
2003,47,0.230876145667642,3.56754758476517e-156,1.39135165374321,0,14.0674339678772,117.078949240269,118.129594899382,20,0.1,1.5
2003,46,0.230876145667642,3.56754758476522e-196,1.3885715924184,0,14.0396333546291,131.118582594898,132.169228254011,20,0.1,1.5
2003,45,0.230876145667642,3.56754758476526e-236,1.38579708593729,0,14.011888289818,145.130470884716,146.181116543829,20,0.1,1.5
2003,44,0.230876145667642,3.56754758476531e-276,1.38302812320074,0,13.9841986624525,159.114669547169,160.165315206281,20,0.1,1.5
2003,43,0.230876145667642,3.56754758507384e-316,1.38026469313179,0,13.956564361763,173.071233908932,174.121879568044,20,0.1,1.5
2003,42,0.230876145667642,0,1.37750678467561,0,13.9289852772012,187.000219186133,188.050864845245,20,0.1,1.5
2003,41,0.230876145667642,0,1.37475438679946,0,13.9014612984397,200.901680484572,201.952326143685,20,0.1,1.5
2003,40,0.230876145667642,0,1.37200748849264,0,13.8739923153715,214.775672799944,215.826318459057,20,0.1,1.5
2003,39,0.230876145667642,0,1.36926607876646,0,13.8465782181097,228.622251018054,229.672896677166,20,0.1,1.5
2003,38,0.230876145667642,0,1.36653014665418,0,13.8192188969869,242.441469915041,243.492115574153,20,0.1,1.5
2003,37,0.230876145667642,0,1.36379968121096,0,13.7919142425547,256.233384157595,257.284029816708,20,0.1,1.5
2003,36,0.230876145667642,0,1.36107467151387,0,13.7646641455838,269.998048303179,271.048693962292,20,0.1,1.5
2003,35,0.230876145667642,0,1.35835510666175,0,13.7374684970626,283.735516800242,284.786162459354,20,0.1,1.5
2003,34,0.230876145667642,0,1.35564097577526,0,13.7103271881977,297.445843988439,298.496489647552,20,0.1,1.5
2003,33,0.230876145667642,0,1.35293226799679,0,13.683240110413,311.129084098852,312.179729757965,20,0.1,1.5
2003,32,0.230876145667642,0,1.35022897249042,0,13.6562071553493,324.785291254202,325.835936913314,20,0.1,1.5
2003,31,0.230876145667642,0,1.34753107844188,0,13.6292282148639,338.414519469066,339.465165128178,20,0.1,1.5
2003,30,0.230876145667642,0,1.34483857505851,0,13.6023031810302,352.016822650096,353.067468309208,20,0.1,1.5
2003,29,0.230876145667642,0,1.34215145156922,0,13.5754319461373,365.592254596233,366.642900255346,20,0.1,1.5
2003,28,0.230876145667642,0,1.33946969722444,0,13.5486144026895,379.140868998923,380.191514658035,20,0.1,1.5
2003,27,0.230876145667642,0,1.33679330129607,0,13.5218504434058,392.662719442329,393.713365101441,20,0.1,1.5
2003,26,0.230876145667642,0,1.33412225307745,0,13.4951399612196,406.157859403548,407.208505062661,20,0.1,1.5
2003,25,0.230876145667642,0,1.33145654188333,0,13.4684828492783,419.626342252827,420.676987911939,20,0.1,1.5
2003,24,0.230876145667642,0,1.32879615704977,0,13.4418790009428,433.068221253769,434.118866912882,20,0.1,1.5
2003,23,0.230876145667642,0,1.32614108793419,0,13.415328309787,446.483549563556,447.534195222669,20,0.1,1.5
2003,22,0.230876145667642,0,1.32349132391523,0,13.3888306695974,459.872380233154,460.923025892266,20,0.1,1.5
2003,21,0.230876145667642,0,1.32084685439277,0,13.3623859743728,473.234766207527,474.285411866639,20,0.1,1.5
2003,20,0.230876145667642,0,1.31820766878789,0,13.335994118324,486.570760325851,487.621405984963,20,0.1,1.5
2003,19,0.230876145667642,0,1.31557375654276,0,13.3096549958727,499.880415321723,500.931060980836,20,0.1,1.5
2003,18,0.230876145667642,0,1.3129451071207,0,13.2833685016521,513.163783823375,514.214429482488,20,0.1,1.5
2003,17,0.230876145667642,0,1.31032171000604,0,13.2571345305055,526.420918353881,527.471564012993,20,0.1,1.5
2003,16,0.230876145667642,0,1.30770355470414,0,13.2309529774865,539.651871331367,540.70251699048,20,0.1,1.5
2003,15,0.230876145667642,0,1.30509063074134,0,13.2048237378585,552.856695069226,553.907340728338,20,0.1,1.5
2003,14,0.230876145667642,0,1.30248292766489,0,13.178746707094,566.03544177632,567.086087435432,20,0.1,1.5
2003,13,0.230876145667642,0,1.29988043504292,0,13.1527217808743,579.188163557194,580.238809216307,20,0.1,1.5
2003,12,0.230876145667642,0,1.29728314246443,0,13.1267488550894,592.314912412283,593.365558071396,20,0.1,1.5
2003,11,0.230876145667642,0,1.2946910395392,0,13.100827825837,605.41574023812,606.466385897233,20,0.1,1.5
2003,10,0.230876145667642,0,1.29210411589777,0,13.0749585894228,618.490698827543,619.541344486656,20,0.1,1.5
2003,9,0.230876145667642,0,1.28952236119142,0,13.0491410423593,631.539839869902,632.590485529015,20,0.1,1.5
2003,8,0.230876145667642,0,1.2869457650921,0,13.023375081366,644.563214951268,645.613860610381,20,0.1,1.5
2003,7,0.230876145667642,0,1.28437431729237,0,12.9976606033688,657.560875554637,658.61152121375,20,0.1,1.5
2003,6,0.230876145667642,0,1.28180800750542,0,12.9719975054993,670.532873060137,671.583518719249,20,0.1,1.5
2003,5,0.230876145667642,0,1.27924682546499,0,12.946385685095,683.479258745232,684.529904404344,20,0.1,1.5
2003,4,0.230876145667642,0,1.2766907609253,0,12.9208250396981,696.40008378493,697.450729444042,20,0.1,1.5
2003,3,0.230876145667642,0,1.27413980366109,0,12.895315467056,709.295399251986,710.346044911098,20,0.1,1.5
2003,2,0.0115438072833821,0,0.000541399586024218,0,0.0131098673824969,709.308509119368,710.359154778481,1,0.1,1.5
2003,1,150,0,1.2863666200338,0,112.863666200338,822.172175319706,823.222820978819,99999,0.1,1.5
2004,129,0.000136750235990154,0.0324464100608282,0.0324464100608282,0,0.649019368040557,0,0,1,0.1,1.5
2004,128,0.000132231556919646,0.000317759593832532,0.0317727817873148,0.00126738725320036,0.33909910037133,0.320993568182754,0.33909910037133,1,0.1,1.5
2004,127,0.000127901810290195,0.000306632077124224,0.0313999285236032,0.00124102831377486,0.33487984979187,0.638144442063555,0.673978950163201,1,0.1,1.5
2004,126,0.000123720720195679,0.000299850391643674,0.0309977065764881,0.00121412331804914,0.330402668990721,0.951202492225003,1.00438161915392,1,0.1,1.5
2004,125,0.000119639214928724,0.000293046456600032,0.0305597272385582,0.00118628848448512,0.325554474777989,1.2598099886532,1.32993609393191,1,0.1,1.5
2004,124,0.000115618214799231,0.000285879118166889,0.0300707674773097,0.00115697443105832,0.320171750922608,1.56345353341784,1.65010784485452,1,0.1,1.5
2004,123,0.000111579602478561,0.000278330693960778,0.0295280699522753,0.00112613623140188,0.314226053312612,1.86159192628185,1.96433389816713,1,0.1,1.5
2004,122,0.00010752209555898,0.000270070989303015,0.0288945955710893,0.00109244053030478,0.30732464029103,2.15331027328281,2.27165853845816,1,0.1,1.5
2004,121,0.00010328346784524,0.00026198506493898,0.028263538921726,0.00105946881329558,0.300459364273245,2.43863436879469,2.57211790273141,1,0.1,1.5
2004,120,9.93221297968307e-05,0.000255364019129955,0.02777638532444,0.00103243947838201,0.295132843594354,2.71901807698359,2.86725074632576,1,0.1,1.5
2004,119,9.62260267864903e-05,0.000250177386439057,0.0274347904685283,0.00101122348833672,0.29135987906758,2.99593190621779,3.15861062539334,1,0.1,1.5
2004,118,9.39093157359198e-05,0.000246374225815749,0.0272380558112714,0.000995609347073459,0.28912989725384,3.27083881279915,3.44774052264718,1,0.1,1.5
2004,117,9.22954497642281e-05,0.000243863852836748,0.0271808713563102,0.000985225315906225,0.288383529761401,3.54514769519046,3.73612405240858,1,0.1,1.5
2004,116,9.13096760748181e-05,0.000242525716558582,0.0272542670386897,0.000979579468999103,0.289022793084139,3.82017649586033,4.02514684549272,1,0.1,1.5
2004,115,9.08799205917309e-05,0.000242176699693571,0.0274417666815907,0.000977927787148544,0.290870417385835,4.0970765162869,4.31601726287856,1,0.1,1.5
2004,114,9.09181511776128e-05,0.000242630247722283,0.0277258392115832,0.000979513178771516,0.293738352104862,4.37682182298074,4.60975561498342,1,0.1,1.5
2004,113,9.13426677909883e-05,0.000243554592609048,0.0280714497024394,0.000982993356055916,0.297253700291715,4.66003276104308,4.90700931527513,1,0.1,1.5
2004,112,9.20091095629163e-05,0.000244779691762669,0.0284609877532588,0.000987680106055935,0.301228729657389,4.94715177489967,5.20823804493252,1,0.1,1.5
2004,111,9.28453480993618e-05,0.000245701973512233,0.0288249990769609,0.00099113744870545,0.304928013813542,5.23792068230314,5.51316605874606,1,0.1,1.5
2004,110,9.35740399939811e-05,0.000247223975660223,0.0292700484576495,0.00099700567162439,0.30947804519249,5.53315578932956,5.82264410393855,1,0.1,1.5
2004,109,9.46190478656791e-05,0.000251011916592534,0.0299994180842246,0.00101199846357103,0.317024500281572,5.83572316870298,6.13966860422013,1,0.1,1.5
2004,108,9.68099325605506e-05,0.000257157521959721,0.0310355768360005,0.00103647438110352,0.32779866040755,6.14871505223762,6.46746726462768,1,0.1,1.5
2004,107,0.000100297303143751,0.000265721248707223,0.0323991619789094,0.00107066437992055,0.342010902572365,6.47543074938255,6.80947816720004,1,0.1,1.5
2004,106,0.000105278796428683,0.000276692671939311,0.0341043310960808,0.00111451206437885,0.359802024464184,6.81931117292704,7.16928019166423,1,0.1,1.5
2004,105,0.00011200539294908,0.000289953839733783,0.0361542018357425,0.00116752623588634,0.381195173243677,7.18382739994377,7.5504753649079,1,0.1,1.5
2004,104,0.000120785541874898,0.000305238617179185,0.0385353375974002,0.00122861774839934,0.406037967960368,7.57231368578414,7.95651333286827,1,0.1,1.5
2004,103,0.00013198617346202,0.000322086389544665,0.0412108047308512,0.00129591434404744,0.433929964044087,7.98773058777041,8.39044329691236,1,0.1,1.5
2004,102,0.000146022023884342,0.000339817580594229,0.0441149972662553,0.00136666419489508,0.464169270697205,8.43237608425483,8.85461256760956,1,0.1,1.5
2004,101,0.000163340102769242,0.00035750254657507,0.0471463913293846,0.00143711383614459,0.495678029820651,8.90752391641627,9.35029059743021,1,0.1,1.5
2004,100,0.000184356430157904,0.000374063431911934,0.0501766154865572,0.0015029215379836,0.527100001156943,9.41315360988773,9.87739059858716,1,0.1,1.5
2004,99,0.000209462986364965,0.000388193284281631,0.0530346025661614,0.00155883654268541,0.556636693962274,9.94752121038307,10.4340272925494,1,0.1,1.5
2004,98,0.00023869867776749,0.000399346476790992,0.0556387818541502,0.00160267853143757,0.583435823353222,10.5080616261443,11.0174631159027,1,0.1,1.5
2004,97,0.000273545078180885,0.000406384358068553,0.0578114781342294,0.00162989872088145,0.605645255749597,11.0904226144528,11.6231083716523,1,0.1,1.5
2004,96,0.000315752856364506,0.000407432632259534,0.0592441005097924,0.0016330194820517,0.620054683068358,11.6871484477775,12.2431630547206,1,0.1,1.5
2004,95,0.00036499349100484,0.000402707861033147,0.0599035161537238,0.00161296599036307,0.626347940432473,12.2904540169191,12.8695109951531,1,0.1,1.5
2004,94,0.000419058236425454,0.000397166529276697,0.0604807567191344,0.00158963071655347,0.631767614878206,12.8995126215608,13.5012786100313,1,0.1,1.5
2004,93,0.000482448475944876,0.000391259314761694,0.0610388822689677,0.00156482285563169,0.636977660377901,13.5141356697154,14.1382562704092,1,0.1,1.5
2004,92,0.00060299185065275,0.000385011665223355,0.0615771398448557,0.00153864643276961,0.642004172993173,14.1341591793833,14.7802604434024,1,0.1,1.5
2004,91,0.000790773523234668,0.00037843810914462,0.0620957637130256,0.00151116160668984,0.646857223523237,14.7594283799538,15.4271176669256,1,0.1,1.5
2004,90,0.0010414617850305,0.000371547798145851,0.0625951240053005,0.0014824069709278,0.651538268332976,15.389789405845,16.0786559352586,1,0.1,1.5
2004,89,0.00134841444488856,0.000364351184317492,0.0630759569582278,0.00145242626522432,0.656050971034773,16.0250914302337,16.7347069062933,1,0.1,1.5
2004,88,0.00170280607384191,0.000356859681217906,0.0635393341640702,0.00142126699644819,0.660400956737083,16.6651885727358,17.3951078630304,1,0.1,1.5
2004,87,0.00209388679772291,0.000349066065905692,0.0639830273367794,0.00138890247246274,0.664558322450991,17.3099054312945,18.0596661854814,1,0.1,1.5
2004,86,0.00252911276352324,0.000340968009746783,0.0644040476075714,0.00135532573823122,0.66849802760931,17.9590416626433,18.7281642130907,1,0.1,1.5
2004,85,0.00302291307004381,0.000332584699898253,0.0648027804360987,0.00132061546157486,0.672234861905353,18.6124105893833,19.4003990749961,1,0.1,1.5
2004,84,0.00357226601493947,0.0003239282065153,0.0651795111877201,0.00128482189000475,0.67577050304762,19.2698264940023,20.0761695780437,1,0.1,1.5
2004,83,0.00417217271569693,0.000315011647845226,0.0655348678453159,0.0012479993597482,0.679108805690859,19.9311067374111,20.7552783837346,1,0.1,1.5
2004,82,0.00481565734026768,0.000305848994427127,0.0658698266738579,0.00121020548897865,0.682255844752247,20.5960739323208,21.4375342284868,1,0.1,1.5
2004,81,0.00549378725136755,0.000296454783862424,0.0661856979938855,0.00117150001863067,0.685219767163591,21.2645579849325,22.1227539956504,1,0.1,1.5
2004,80,0.00617346163419549,0.000286834783547917,0.0664834376348209,0.00113190795975544,0.687988478983943,21.9363763502056,22.8107424746343,1,0.1,1.5
2004,79,0.00684460455639497,0.000277006148605272,0.0667650089314913,0.00109149926777968,0.690576067187796,22.6113595707109,23.5013185418221,1,0.1,1.5
2004,78,0.00751361466098227,0.000266992439389317,0.0670331929039836,0.0010503688477156,0.693016199127464,23.2893705005852,24.1943347409496,1,0.1,1.5
2004,77,0.00816621169751122,0.000256808136512133,0.0672904070158446,0.00100857548433827,0.695324513860074,23.9702867932405,24.8896592548097,1,0.1,1.5
2004,76,0.0087871703769529,0.000246466724724323,0.0675391858509895,0.000966173810273606,0.697517122345682,24.6540014325823,25.5871763771554,1,0.1,1.5
2004,75,0.00936087758225378,0.000235960348106335,0.0677761183743041,0.000923134794563637,0.699549012201277,25.3403628048612,26.2867253893566,1,0.1,1.5
2004,74,0.00990134123530219,0.00022528945862462,0.0679972360017499,0.000879462433195897,0.701389897806269,26.0291889536218,26.9881152871629,1,0.1,1.5
2004,73,0.0104302392195847,0.000214475322175913,0.0682040764857663,0.000835242094185437,0.703071040809413,26.7203279645143,27.6911863279723,1,0.1,1.5
2004,72,0.010943330463636,0.000203529217119764,0.0683972830612529,0.000790519848853082,0.704596817124051,27.4136316409404,28.3957831450964,1,0.1,1.5
2004,71,0.0114363299740136,0.000192462204376808,0.0685775277417159,0.00074534080723441,0.705971845261238,28.108955760384,29.1017549903576,1,0.1,1.5
2004,70,0.0119049406274879,0.000181285082888494,0.0687455044329277,0.000699748941637023,0.707200935695111,28.8061602826272,29.8089559260527,1,0.1,1.5
2004,69,0.0123448861905648,0.000170008349848902,0.0689019213506479,0.000653786930237717,0.708289034421121,29.5051095037592,30.5172449604738,1,0.1,1.5
2004,68,0.0127519454795913,0.000158642167315028,0.0690474930963182,0.000607496027002489,0.70924116429419,30.2056721533819,31.226486124768,1,0.1,1.5
2004,67,0.0131219875903563,0.000147196335628086,0.0691829324311085,0.000560915959588825,0.710062364531253,30.9077214327762,31.9365484892993,1,0.1,1.5
2004,66,0.0134510081719988,0.00013568027541239,0.069308942547668,0.000514084861911431,0.710757636468014,31.6111349997883,32.6473061257673,1,0.1,1.5
2004,65,0.0137351630507112,0.000124103008018309,0.0694262045297717,0.000467039203061369,0.711331839360204,32.3157948505334,33.3586379651275,1,0.1,1.5
2004,64,0.0139708242108946,0.000112472525895601,0.0695349515023368,0.00041981145430499,0.711785429579658,33.021582973623,34.0704233947072,1,0.1,1.5
2004,63,0.0141566193856268,0.000100796473496141,0.0696350161179209,0.000372432757388866,0.712116340133953,33.7283788457942,34.7825397348411,1,0.1,1.5
2004,62,0.0142935557971787,8.90831481608165e-05,0.0697264620524822,0.000324936653868348,0.712326441402668,34.4360633349988,35.4948661762438,1,0.1,1.5
2004,61,0.0143819976631218,7.73405845563011e-05,0.0698092703072852,0.000277355638107129,0.712416330762027,35.1445174423593,36.2072825070058,1,0.1,1.5
2004,60,0.014422593205688,6.55767642142525e-05,0.0698833801373795,0.000229721954651304,0.712386373362367,35.8536220735123,36.9196688803682,1,0.1,1.5
2004,59,0.0144162531860736,5.37996361248534e-05,0.0699486919487581,0.000182067681349833,0.712236718182638,36.5632578248185,37.6319055985508,1,0.1,1.5
2004,58,0.014364130186679,4.20171367092538e-05,0.070005072466254,0.000134424808677157,0.711967337230425,37.2733048076393,38.3438729357812,1,0.1,1.5
2004,57,0.0142675880575216,3.02372059225939e-05,0.0700523624535258,8.68253023671422e-05,0.711578083428553,37.9836425296055,39.0554510192098,1,0.1,1.5
2004,56,0.0141281581999049,1.84676615830167e-05,0.0700896230904541,3.93009718038413e-05,0.711061122107982,38.6941422092591,39.7665121413178,1,0.1,1.5
2004,55,0.0139511180168428,6.71704278415339e-06,0.0701220111251951,2.55779708568829e-06,0.710624566982722,39.4047302362834,40.4771367083005,1,0.1,1.5
2004,54,0.0137134382863921,6.11134220765705e-08,0.0705474459646841,0,0.71461736297199,40.1193475992554,41.1917540712725,1,0.1,1.5
2004,53,0.0115438072833821,1.40341027259921e-10,0.0704400874862949,0,0.712096747788614,40.8314443470441,41.9038508190611,1,0.1,1.5
2004,52,0.230876145667642,2.13298424694529e-13,1.25713349542883,0,12.7252523847355,53.5566967317796,54.6291032037966,20,0.1,1.5
2004,51,0.230876145667642,4.98945343336921e-70,1.06467222118707,0,10.8006396423157,64.3573363740953,65.4297428461124,20,0.1,1.5
2004,50,0.230876145667642,5.40973240719208e-100,1.1803139114716,0,11.9570565451611,76.3143929192564,77.3867993912735,20,0.1,1.5
2004,49,0.230876145667642,7.75843450946574e-134,1.30113767347325,0,13.1652941651776,89.479687084434,90.552093556451,20,0.1,1.5
2004,48,0.230876145667642,4.03362672442076e-156,1.38733145533936,0,14.0272319838387,103.506919068273,104.57932554029,20,0.1,1.5
2004,47,0.230876145667642,3.56754758476518e-158,1.39121251857783,0,14.0660426162234,117.572961684496,118.645368156513,20,0.1,1.5
2004,46,0.230876145667642,3.56754758476522e-198,1.38843273525915,0,14.0382447830366,131.611206467533,132.68361293955,20,0.1,1.5
2004,45,0.230876145667642,3.56754758476527e-238,1.38565850622869,0,14.010502492732,145.621708960265,146.694115432282,20,0.1,1.5
2004,44,0.230876145667642,3.56754758476531e-278,1.38288982038842,0,13.9828156343293,159.604524594594,160.676931066611,20,0.1,1.5
2004,43,0.230876145667642,3.56754921549047e-318,1.38012666666247,0,13.9551840970698,173.559708691664,174.632115163681,20,0.1,1.5
2004,42,0.230876145667642,0,1.37736903399714,0,13.9276077704165,187.48731646208,188.559722934097,20,0.1,1.5
2004,41,0.230876145667642,0,1.37461691136078,0,13.9000865440529,201.387403006133,202.45980947815,20,0.1,1.5
2004,40,0.230876145667642,0,1.37187028774379,0,13.872620307883,215.260023314016,216.332429786033,20,0.1,1.5
2004,39,0.230876145667642,0,1.36912915215858,0,13.8452089520309,229.105232266047,230.177638738064,20,0.1,1.5
2004,38,0.230876145667642,0,1.36639349363951,0,13.8178523668402,242.923084632887,243.995491104904,20,0.1,1.5
2004,37,0.230876145667642,0,1.36366330124284,0,13.7905504428735,256.713635075761,257.786041547778,20,0.1,1.5
2004,36,0.230876145667642,0,1.36093856404671,0,13.7633030709122,270.476938146673,271.54934461869,20,0.1,1.5
2004,35,0.230876145667642,0,1.35821927115108,0,13.7361101419559,284.213048288629,285.285454760646,20,0.1,1.5
2004,34,0.230876145667642,0,1.35550541167768,0,13.7089715472219,297.922019835851,298.994426307868,20,0.1,1.5
2004,33,0.230876145667642,0,1.35279697476999,0,13.681887178145,311.603907013996,312.676313486013,20,0.1,1.5
2004,32,0.230876145667642,0,1.35009394959317,0,13.6548569263768,325.258763940373,326.33117041239,20,0.1,1.5
2004,31,0.230876145667642,0,1.34739632533403,0,13.6278806837854,338.886644624158,339.959051096175,20,0.1,1.5
2004,30,0.230876145667642,0,1.344704091201,0,13.6009583424551,352.487602966614,353.560009438631,20,0.1,1.5
2004,29,0.230876145667642,0,1.34201723642407,0,13.5740897946858,366.061692761299,367.134099233316,20,0.1,1.5
2004,28,0.230876145667642,0,1.33933575025472,0,13.5472749329923,379.608967694292,380.681374166309,20,0.1,1.5
2004,27,0.230876145667642,0,1.33665962196594,0,13.5205136501045,393.129481344396,394.201887816413,20,0.1,1.5
2004,26,0.230876145667642,0,1.33398884085215,0,13.4938058389665,406.623287183363,407.69569365538,20,0.1,1.5
2004,25,0.230876145667642,0,1.33132339622914,0,13.4671513927365,420.090438576099,421.162845048116,20,0.1,1.5
2004,24,0.230876145667642,0,1.32866327743407,0,13.4405502047858,433.530988780885,434.603395252902,20,0.1,1.5
2004,23,0.230876145667642,0,1.32600847382539,0,13.414002168699,446.944990949584,448.017397421601,20,0.1,1.5
2004,22,0.230876145667642,0,1.32335897478284,0,13.3875071782735,460.332498127857,461.404904599874,20,0.1,1.5
2004,21,0.230876145667642,0,1.32071476970733,0,13.3610651275184,473.693563255376,474.765969727393,20,0.1,1.5
2004,20,0.230876145667642,0,1.31807584802101,0,13.3346759106552,487.028239166031,488.100645638048,20,0.1,1.5
2004,19,0.230876145667642,0,1.31544219916711,0,13.3083394221162,500.336578588147,501.408985060164,20,0.1,1.5
2004,18,0.230876145667642,0,1.31281381260999,0,13.282055556545,513.618634144692,514.691040616709,20,0.1,1.5
2004,17,0.230876145667642,0,1.31019067783504,0,13.2558242087955,526.874458353488,527.946864825505,20,0.1,1.5
2004,16,0.230876145667642,0,1.30757278434867,0,13.2296452739318,540.10410362742,541.176510099436,20,0.1,1.5
2004,15,0.230876145667642,0,1.30496012167827,0,13.2035186472278,553.307622274647,554.380028746664,20,0.1,1.5
2004,14,0.230876145667642,0,1.30235267937212,0,13.1774442241663,566.485066498814,567.55747297083,20,0.1,1.5
2004,13,0.230876145667642,0,1.29975044699942,0,13.1514219004393,579.636488399253,580.70889487127,20,0.1,1.5
2004,12,0.230876145667642,0,1.29715341415018,0,13.1254515719469,592.7619399712,593.834346443217,20,0.1,1.5
2004,11,0.230876145667642,0,1.29456157043524,0,13.0995331347975,605.861473105997,606.933879578014,20,0.1,1.5
2004,10,0.230876145667642,0,1.29197490548618,0,13.0736664853069,618.935139591304,620.007546063321,20,0.1,1.5
2004,9,0.230876145667642,0,1.2893934089553,0,13.0478515199981,631.982991111302,633.055397583319,20,0.1,1.5
2004,8,0.230876145667642,0,1.28681707051559,0,13.022088135601,645.005079246903,646.07748571892,20,0.1,1.5
2004,7,0.230876145667642,0,1.28424587986064,0,12.9963762290515,658.001455475955,659.073861947972,20,0.1,1.5
2004,6,0.230876145667642,0,1.28167982670467,0,12.9707156974918,670.972171173446,672.044577645464,20,0.1,1.5
2004,5,0.230876145667642,0,1.27911890078244,0,12.9451064382695,683.917277611716,684.989684083733,20,0.1,1.5
2004,4,0.230876145667642,0,1.27656309184921,0,12.9195483489372,696.836825960653,697.90923243267,20,0.1,1.5
2004,3,0.230876145667642,0,1.27401238968072,0,12.8940413272523,709.730867287905,710.803273759922,20,0.1,1.5
2004,2,0.0115438072833821,0,0.000541345446065616,0,0.0131093259829109,709.743976613888,710.816383085905,1,0.1,1.5
2004,1,150,0,1.28623798337179,0,112.862379833718,822.606356447606,823.678762919623,99999,0.1,1.5
2005,130,0.00014149865906934,0.0331184351652322,0.0331184351652322,0,0.662463035744024,0,0,1,0.1,1.5
2005,129,0.000136750235990154,0.000324464100608282,0.0324431654198221,0.00132198846175633,0.346653011481959,0.327767462028297,0.346653011481959,1,0.1,1.5
2005,128,0.000132231556919646,0.000320024409238415,0.0320864513224362,0.00129544970780134,0.342659336085188,0.651920373716323,0.689312347567147,1,0.1,1.5
2005,127,0.000127901810290195,0.000313323399214957,0.0317070456091946,0.00126834307889066,0.338408144798917,0.972209331673945,1.02772049236606,1,0.1,1.5
2005,126,0.000123720720195679,0.000306529333428721,0.0312981376353427,0.00124051710089931,0.333850823037835,1.28833848184179,1.3615713154039,1,0.1,1.5
2005,125,0.000119639214928724,0.000299502585687282,0.0308532433869556,0.00121175052135076,0.32891794093663,1.59994570104484,1.69048925634053,1,0.1,1.5
2005,124,0.000115618214799231,0.00029210239894625,0.0303570040083266,0.00118149146256961,0.323446592347875,1.90651384392743,2.0139358486884,1,0.1,1.5
2005,123,0.000111579602478561,0.000284317364790077,0.0298066512031306,0.00114969584871827,0.31740829849112,2.20749791600829,2.33134414717952,1,0.1,1.5
2005,122,0.00010752209555898,0.000275810842469226,0.0291648162441084,0.00111500449962505,0.310406587971744,2.50197586827111,2.64175073515127,1,0.1,1.5
2005,121,0.00010328346784524,0.000267487053973284,0.0285255797711577,0.00108107431746249,0.303443442717433,2.78997539216765,2.9451941778687,1,0.1,1.5
2005,120,9.93221297968307e-05,0.000260663509786803,0.028031717555503,0.00105322714877579,0.298036127531465,3.07296541757374,3.24323030540017,1,0.1,1.5
2005,119,9.62260267864903e-05,0.000255307645948571,0.0276848528615657,0.00103132518188072,0.294198972643677,3.35243117333341,3.53742927804384,1,0.1,1.5
2005,118,9.39093157359198e-05,0.000251366079026522,0.0274842343424586,0.00101514683265315,0.291920708034673,3.62984978375875,3.82934998607852,1,0.1,1.5
2005,117,9.22954497642281e-05,0.000248744967504924,0.0274244595981511,0.00100430751582953,0.291140826182539,3.90664335971515,4.12049081226105,1,0.1,1.5
2005,116,9.13096760748181e-05,0.000247320124415362,0.0274964364792356,0.000998300635653273,0.291759876806082,4.18414179886905,4.41225068906714,1,0.1,1.5
2005,115,9.08799205917309e-05,0.000246903713784072,0.0276835044517096,0.000996363337462986,0.293598430232422,4.46350646713771,4.70584911929956,1,0.1,1.5
2005,114,9.09181511776128e-05,0.000247304597170102,0.0279679449223549,0.000997720299701527,0.296466254434629,4.74571957443375,5.00231537373419,1,0.1,1.5
2005,113,9.13426677909883e-05,0.000248183884940069,0.0283143908964831,0.00100100122196627,0.299986660382754,5.03140621735984,5.30230203411694,1,0.1,1.5
2005,112,9.20091095629163e-05,0.00024936782343161,0.0287050616809975,0.00100550327703302,0.303969966979709,5.3210118518105,5.60627200109665,1,0.1,1.5
2005,111,9.28453480993618e-05,0.000250241381911485,0.0290699009392296,0.00100874592009197,0.307673976111457,5.61427517192065,5.91394597720811,1,0.1,1.5
2005,110,9.35740399939811e-05,0.0002517236576627,0.0295163728707099,0.00101443363483295,0.312235257046097,5.9120185198977,6.2261812342542,1,0.1,1.5
2005,109,9.46190478656791e-05,0.000255509735058682,0.0302494177583089,0.00102939134431736,0.319817944932025,6.21713087419662,6.54599917918623,1,0.1,1.5
2005,108,9.68099325605506e-05,0.000261690170495477,0.0312915918735928,0.00105397197367142,0.330654102876943,6.53272823459255,6.87665328206317,1,0.1,1.5
2005,107,0.000100297303143751,0.00027032330746721,0.0326635881576917,0.0010883970556017,0.34495450888609,6.8621342141129,7.22160779094926,1,0.1,1.5
2005,106,0.000105278796428683,0.000281394942814105,0.0343795486790659,0.00113259419215259,0.362859539113837,7.20881383619598,7.5844673300631,1,0.1,1.5
2005,105,0.00011200539294908,0.000294781097368922,0.0364424679745305,0.00118604737663634,0.384390694932908,7.57626099717694,7.96885802499601,1,0.1,1.5
2005,104,0.000120785541874898,0.000310206823271627,0.0388386385007403,0.00124763185346057,0.409392289126996,7.96782997411165,8.378250314123,1,0.1,1.5
2005,103,0.00013198617346202,0.000327199449907307,0.04153066223639,0.00131542733578115,0.437458426727869,8.38649658175693,8.81570874085087,1,0.1,1.5
2005,102,0.000146022023884342,0.000345064224529712,0.0444522518152525,0.00138662224183379,0.467879397582799,8.83456709017067,9.28358813843367,1,0.1,1.5
2005,101,0.000163340102769242,0.000362853484501897,0.0475009551492878,0.00145739302810822,0.499566880141289,9.31331406991042,9.78315501857496,1,0.1,1.5
2005,100,0.000184356430157904,0.000379471018815018,0.0505473282095045,0.00152332750611086,0.531152718085836,9.82270496648038,10.3143077366608,1,0.1,1.5
2005,99,0.000209462986364965,0.000393591068514169,0.0534190082415761,0.00157910413580098,0.560824265603255,10.3609706015722,10.8751320022641,1,0.1,1.5
2005,98,0.00023869867776749,0.000404663097627302,0.0560338876088241,0.00162252563247694,0.587723577123173,10.9255152410886,11.4628555793872,1,0.1,1.5
2005,97,0.000273545078180885,0.000411538523801048,0.0582131716666363,0.00164900895517312,0.609986736078015,11.5119447063784,12.0728423154652,1,0.1,1.5
2005,96,0.000315752856364506,0.000412329196835519,0.0596464309702543,0.00165103052094158,0.624384253874307,12.1127428099535,12.6972265693395,1,0.1,1.5
2005,95,0.00036499349100484,0.000407268576201099,0.0603007672996992,0.0016295857539278,0.630603484237689,12.7200664977065,13.3278300535772,1,0.1,1.5
2005,94,0.000419058236425454,0.000401379344431133,0.0608721163226008,0.00160481435385789,0.635940248168764,13.3330808265345,13.963770301746,1,0.1,1.5
2005,93,0.000482448475944876,0.000395118307055539,0.0614239840946488,0.00157854845904386,0.641063348606395,13.9515934828688,14.6048336503524,1,0.1,1.5
2005,92,0.00060299185065275,0.000388511724844635,0.0619556437390636,0.00155089537035657,0.645999197354135,14.575437032075,15.2508328477065,1,0.1,1.5
2005,91,0.000790773523234668,0.000381574782763905,0.0624673445383268,0.00152191792920655,0.650758060262681,15.2044534076347,15.9015909079692,1,0.1,1.5
2005,90,0.0010414617850305,0.000374317220713407,0.0629594662356319,0.00149165715572979,0.655341530359137,15.8384855500549,16.5569324383283,1,0.1,1.5
2005,89,0.00134841444488856,0.000366750078149255,0.063432755928838,0.00146015920046314,0.659753420182605,16.477379553088,17.216685858511,1,0.1,1.5
2005,88,0.00170280607384191,0.000358885345924227,0.0638882969797658,0.00142747392892307,0.663999512005029,17.1209865803941,17.880685370516,1,0.1,1.5
2005,87,0.00209388679772291,0.000350716278774742,0.0643238546521614,0.00139357670624371,0.668049872501801,17.7691282142353,18.5487352430178,1,0.1,1.5
2005,86,0.00252911276352324,0.000342241114655274,0.0647364386373685,0.00135846297410817,0.67187948661175,18.4216010869312,19.2206147296295,1,0.1,1.5
2005,85,0.00302291307004381,0.000333479712392699,0.0651264540234488,0.00132221409579557,0.675503385535524,19.0782156996697,19.8961181151651,1,0.1,1.5
2005,84,0.00357226601493947,0.000324444754566339,0.0654941987091026,0.00128488280780702,0.678923413996273,19.738783644983,20.5750415291613,1,0.1,1.5
2005,83,0.00417217271569693,0.000315149956415502,0.0658403141984684,0.00124652586026668,0.682143602315494,20.403119735009,21.2571851314768,1,0.1,1.5
2005,82,0.00481565734026768,0.000305609862188933,0.0661657910634351,0.0012072031785506,0.685170207176666,21.071044182492,21.9423553386535,1,0.1,1.5
2005,81,0.00549378725136755,0.000295839552496291,0.0664719544287437,0.00116697667495112,0.68801156000309,21.7423846471387,22.6303668986566,1,0.1,1.5
2005,80,0.00617346163419549,0.00028584533777434,0.0667597662809962,0.00112587358667863,0.690655665658293,22.4169564044158,23.3210225643149,1,0.1,1.5
2005,79,0.00684460455639497,0.000275644878430972,0.0670312072475431,0.00108396585934068,0.693116817526014,23.0945879953799,24.0141393818409,1,0.1,1.5
2005,78,0.00751361466098227,0.000265262136322794,0.0672890817966221,0.00104134990734356,0.695428943017869,23.77514051115,24.7095683248588,1,0.1,1.5
2005,77,0.00816621169751122,0.000254711952449688,0.0675358218462276,0.000998085909495774,0.697607849254101,24.4584899902684,25.4071761741129,1,0.1,1.5
2005,76,0.0087871703769529,0.000244008119815645,0.0677739753849728,0.000954229678103883,0.69966980117686,25.1445279389009,26.1068459752897,1,0.1,1.5
2005,75,0.00936087758225378,0.000233143302121973,0.0680001244611076,0.00090975438804513,0.701569753944919,25.8331012015881,26.8084157292346,1,0.1,1.5
2005,74,0.00990134123530219,0.000222118502885221,0.0682103018864487,0.000864666318743247,0.703277474032254,26.5240262996383,27.5116932032669,1,0.1,1.5
2005,73,0.0104302392195847,0.000210955276768118,0.0684060666016641,0.000819051879607136,0.704824452734623,27.2171500112356,28.2165176560015,1,0.1,1.5
2005,72,0.010943330463636,0.000199665254384468,0.06858807329516,0.000772958514380664,0.706215203629021,27.9123229503735,28.9227328596305,1,0.1,1.5
2005,71,0.0114363299740136,0.000188259823852371,0.0687570051907504,0.000726432600508334,0.707454478707394,28.6093998205022,29.6301873383379,1,0.1,1.5
2005,70,0.0119049406274879,0.000176750086238141,0.0689135671178937,0.000679519273110875,0.708547217313608,29.3082396196285,30.3387345556515,1,0.1,1.5
2005,69,0.0123448861905648,0.000165146816057918,0.0690584778910723,0.000632262270168194,0.709498489343605,30.0087057908269,31.0482330449951,1,0.1,1.5
2005,68,0.0127519454795913,0.000153460428423772,0.0691924623537592,0.000584703805087096,0.710313436309468,30.7106663156351,31.7585464813046,1,0.1,1.5
2005,67,0.0131219875903563,0.000141700953253487,0.0693162431277626,0.000536884468261755,0.71099721065509,31.4139937481722,32.4695436919597,1,0.1,1.5
2005,66,0.0134510081719988,0.000129878018231982,0.0694305328688911,0.000488843163960831,0.711554921423432,32.1185651958247,33.1810986133831,1,0.1,1.5
2005,65,0.0137351630507112,0.000118000830845525,0.0695360217100841,0.000440617046205561,0.711991530007945,32.8242621966012,33.8930901433911,1,0.1,1.5
2005,64,0.0139708242108946,0.000106077588835204,0.0696329508707628,0.000392239358216645,0.712307586806338,33.5309663640044,34.6053977301974,1,0.1,1.5
2005,63,0.0141566193856268,9.4116154082178e-05,0.0697211608056563,0.000343742066847746,0.712501116809437,34.2385568798589,35.3178988470069,1,0.1,1.5
2005,62,0.0142935557971787,8.21249949486953e-05,0.069800723569744,0.000295159339803788,0.712574084842243,34.9469144027039,36.0304729318491,1,0.1,1.5
2005,61,0.0143819976631218,7.01123153723452e-05,0.0698716282897813,0.000246524292199261,0.712527180096464,35.6559198071975,36.7430001119456,1,0.1,1.5
2005,60,0.014422593205688,5.80862563049685e-05,0.0699338222880286,0.000197869748667532,0.712360858275711,36.365453954778,37.4553609702213,1,0.1,1.5
2005,59,0.0144162531860736,4.60549166987067e-05,0.0699872139999007,0.000149228328105563,0.712075357882027,37.0753974794014,38.1674363281033,1,0.1,1.5
2005,58,0.014364130186679,3.40263735363817e-05,0.0700316781611766,0.000100632523216224,0.711670739612767,37.7856306115396,38.8791070677161,1,0.1,1.5
2005,57,0.0142675880575216,2.20086976510115e-05,0.0700670635428723,5.21147619552769e-05,0.711146944376275,38.4960330593165,39.5902540120923,1,0.1,1.5
2005,56,0.0141281581999049,1.00099195667905e-05,0.070092439371096,8.03818648468873e-06,0.710558096275394,39.2064763243564,40.3008121083677,1,0.1,1.5
2005,55,0.0139511180168428,7.06619699263606e-07,0.070115638373354,0,0.710464195275095,39.9169405196315,41.0112763036428,1,0.1,1.5
2005,54,0.0137134382863921,6.11134220765706e-10,0.0705403912200876,0,0.714546210503147,40.6314867301347,41.725822514146,1,0.1,1.5
2005,53,0.0115438072833821,1.40341027259921e-12,0.0704330434775463,0,0.712026306311751,41.3435130364464,42.4378488204577,1,0.1,1.5
2005,52,0.230876145667642,2.13298424694529e-15,1.25700778207929,0,12.723995251238,54.0675082876844,55.1618440716957,20,0.1,1.5
2005,51,0.230876145667642,4.98945343336921e-72,1.06456575396495,0,10.7995749700946,64.867083257779,65.9614190417903,20,0.1,1.5
2005,50,0.230876145667642,5.40973240719208e-102,1.18019588008045,0,11.9558762312496,76.8229594890286,77.9172952730399,20,0.1,1.5
2005,49,0.230876145667642,7.75843450946575e-136,1.3010075597059,0,13.1639930275041,89.9869525165327,91.081288300544,20,0.1,1.5
2005,48,0.230876145667642,4.03362672442077e-158,1.38719272219383,0,14.0258446523834,104.012797168916,105.107132952927,20,0.1,1.5
2005,47,0.230876145667642,3.56754758476518e-160,1.39107339732598,0,14.0646514037049,118.077448572621,119.171784356632,20,0.1,1.5
2005,46,0.230876145667642,3.56754758476522e-200,1.38829389198563,0,14.0368563503014,132.114304922922,133.208640706934,20,0.1,1.5
2005,45,0.230876145667642,3.56754758476527e-240,1.38551994037807,0,14.0091168342258,146.123421757148,147.217757541159,20,0.1,1.5
2005,44,0.230876145667642,3.56754758476531e-280,1.38275153140638,0,13.9814327445089,160.104854501657,161.199190285668,20,0.1,1.5
2005,43,0.230876145667642,3.56764802861964e-320,1.37998865399581,0,13.9538039704032,174.05865847206,175.152994256071,20,0.1,1.5
2005,42,0.230876145667642,0,1.37723129709374,0,13.9262304013825,187.984888873443,189.079224657454,20,0.1,1.5
2005,41,0.230876145667642,0,1.37447944966964,0,13.8987119271415,201.883600800584,202.977936584595,20,0.1,1.5
2005,40,0.230876145667642,0,1.37173310071502,0,13.8712484375953,215.754849238179,216.849185022191,20,0.1,1.5
2005,39,0.230876145667642,0,1.36899223924337,0,13.8438398228788,229.598689061058,230.69302484507,20,0.1,1.5
2005,38,0.230876145667642,0,1.36625685429015,0,13.8164859733466,243.415175034405,244.509510818416,20,0.1,1.5
2005,37,0.230876145667642,0,1.36352693491272,0,13.7891867795723,257.204361813977,258.298697597988,20,0.1,1.5
2005,36,0.230876145667642,0,1.36080247019031,0,13.7619421323482,270.966303946325,272.060639730337,20,0.1,1.5
2005,35,0.230876145667642,0,1.35808344922397,0,13.7347519226848,284.70105586901,285.795391653021,20,0.1,1.5
2005,34,0.230876145667642,0,1.35536986113652,0,13.7076160418103,298.40867191082,299.503007694832,20,0.1,1.5
2005,33,0.230876145667642,0,1.35266169507251,0,13.6805343811702,312.089206291991,313.183542076002,20,0.1,1.5
2005,32,0.230876145667642,0,1.34995894019821,0,13.6535068324272,325.742713124418,326.837048908429,20,0.1,1.5
2005,31,0.230876145667642,0,1.3472615857015,0,13.6265332874601,339.369246411878,340.463582195889,20,0.1,1.5
2005,30,0.230876145667642,0,1.34456962079188,0,13.5996136383639,352.968860050242,354.063195834253,20,0.1,1.5
2005,29,0.230876145667642,0,1.34188303470042,0,13.5727477774493,366.541607827691,367.635943611702,20,0.1,1.5
2005,28,0.230876145667642,0,1.33920181667969,0,13.545935597242,380.087543424933,381.181879208944,20,0.1,1.5
2005,27,0.230876145667642,0,1.33652595600374,0,13.5191769904825,393.606720415416,394.701056199427,20,0.1,1.5
2005,26,0.230876145667642,0,1.33385544196806,0,13.4924718501257,407.099192265542,408.193528049553,20,0.1,1.5
2005,25,0.230876145667642,0,1.33119026388951,0,13.4658200693402,420.565012334882,421.659348118893,20,0.1,1.5
2005,24,0.230876145667642,0,1.32853041110632,0,13.4392215415083,434.00423387639,435.098569660401,20,0.1,1.5
2005,23,0.230876145667642,0,1.32587587297801,0,13.4126761602252,447.416910036615,448.511245820626,20,0.1,1.5
2005,22,0.230876145667642,0,1.32322663888536,0,13.3861838192987,460.803093855914,461.897429639925,20,0.1,1.5
2005,21,0.230876145667642,0,1.32058269823036,0,13.3597444127487,474.162838268663,475.257174052674,20,0.1,1.5
2005,20,0.230876145667642,0,1.31794404043621,0,13.3333578348072,487.49619610347,488.590531887481,20,0.1,1.5
2005,19,0.230876145667642,0,1.31531065494719,0,13.307023979917,500.803220083387,501.897555867398,20,0.1,1.5
2005,18,0.230876145667642,0,1.31268253122873,0,13.2807427427324,514.083962826119,515.17829861013,20,0.1,1.5
2005,17,0.230876145667642,0,1.31005965876726,0,13.2545140181176,527.338476844237,528.432812628248,20,0.1,1.5
2005,16,0.230876145667642,0,1.30744202707024,0,13.2283377011475,540.566814545384,541.661150329395,20,0.1,1.5
2005,15,0.230876145667642,0,1.3048296256661,0,13.2022136871061,553.769028232491,554.863364016501,20,0.1,1.5
2005,14,0.230876145667642,0,1.30222244410418,0,13.1761418714869,566.945170103977,568.039505887988,20,0.1,1.5
2005,13,0.230876145667642,0,1.29962047195472,0,13.1501221499923,580.09529225397,581.189628037981,20,0.1,1.5
2005,12,0.230876145667642,0,1.29702369880877,0,13.1241544185328,593.219446672502,594.313782456513,20,0.1,1.5
2005,11,0.230876145667642,0,1.2944321142782,0,13.0982385732271,606.31768524573,607.41202102974,20,0.1,1.5
2005,10,0.230876145667642,0,1.29184570799563,0,13.0723745104014,619.390059756131,620.484395540142,20,0.1,1.5
2005,9,0.230876145667642,0,1.28926446961441,0,13.0465621265892,632.43662188272,633.530957666731,20,0.1,1.5
2005,8,0.230876145667642,0,1.28668838880853,0,13.0208013185304,645.45742320125,646.551758985261,20,0.1,1.5
2005,7,0.230876145667642,0,1.28411745527266,0,12.9950919831716,658.452515184422,659.546850968433,20,0.1,1.5
2005,6,0.230876145667642,0,1.281551658722,0,12.9694340176651,671.421949202087,672.516284986098,20,0.1,1.5
2005,5,0.230876145667642,0,1.27899098889236,0,12.9438273193687,684.365776521456,685.460112305467,20,0.1,1.5
2005,4,0.230876145667642,0,1.27643543554003,0,12.9182717858454,697.284048307301,698.378384091312,20,0.1,1.5
2005,3,0.230876145667642,0,1.27388498844176,0,12.8927673148626,710.176815622164,711.271151406175,20,0.1,1.5
2005,2,0.0115438072833821,0,0.000541291311521009,0,0.0131087846374648,710.189924406801,711.284260190812,1,0.1,1.5
2005,1,150,0,1.28610935957346,0,112.861093595735,823.051018002536,824.145353786547,99999,0.1,1.5
2006,131,0.000146515921881598,0.0337956639179962,0.0337956639179962,0,0.676010955641178,0,0,1,0.1,1.5
2006,130,0.00014149865906934,0.000331184351652322,0.0331151233217157,0.00137819249914458,0.354245873446554,0.33455740917306,0.354245873446554,1,0.1,1.5
2006,129,0.000136750235990154,0.000333741756445165,0.0327704182187192,0.00135131221480152,0.350437226787087,0.665690175748697,0.704683100233641,1,0.1,1.5
2006,128,0.000132231556919646,0.000327062671042719,0.0324071051042543,0.00132372579364884,0.346340200604948,0.993120007872946,1.05102330083859,1,0.1,1.5
2006,127,0.000127901810290195,0.000320219003714815,0.0320209606743563,0.00129566270587165,0.342006531880976,1.31661707252718,1.39302983271956,1,0.1,1.5
2006,126,0.000123720720195679,0.000313194568559115,0.031605137096804,0.00126687953974581,0.337364076272987,1.63588286966095,1.73039390899255,1,0.1,1.5
2006,125,0.000119639214928724,0.000305932656194562,0.0311530956929546,0.00123715465869093,0.33234368094941,1.95055291262906,2.06273758994196,1,0.1,1.5
2006,124,0.000115618214799231,0.000298293889631866,0.0306493411735681,0.00120592604829555,0.326780944417517,2.26010634207092,2.38951853435948,1,0.1,1.5
2006,123,0.000111579602478561,0.000290267135827467,0.0300910945001898,0.00117315036448488,0.320647293683038,2.56399434483275,2.71016582804252,1,0.1,1.5
2006,122,0.00010752209555898,0.000281509233330956,0.0294406508873902,0.00113744287079458,0.313542466472745,2.861287627437,3.02370829451526,1,0.1,1.5
2006,121,0.00010328346784524,0.000272943449905355,0.0287929957925462,0.00110253557244947,0.306478756247595,3.15201587550674,3.33018705076286,1,0.1,1.5
2006,120,9.93221297968307e-05,0.000265913422291814,0.0282922211709414,0.00107385279632997,0.300988314918816,3.43766343619227,3.63117536568167,1,0.1,1.5
2006,119,9.62260267864903e-05,0.000260384371929665,0.0279399156717497,0.00105124746536842,0.297084972055152,3.71973058731359,3.92826033773682,1,0.1,1.5
2006,118,9.39093157359198e-05,0.000256300368953553,0.0277352726271877,0.00103448746373839,0.294756728511022,3.9997089234855,4.22301706624785,1,0.1,1.5
2006,117,9.22954497642281e-05,0.000253564328632431,0.0276727940311487,0.00102317498434332,0.293941899388273,4.27903403738315,4.51695896563612,1,0.1,1.5
2006,116,9.13096760748181e-05,0.000252048360157472,0.027743261994501,0.00101678845788101,0.294539526062268,4.55904801404712,4.81149849169839,1,0.1,1.5
2006,115,9.08799205917309e-05,0.000251559871503587,0.0279298269356302,0.00101454600699437,0.2963679690707,4.84092246873218,5.10786646076909,1,0.1,1.5
2006,114,9.09181511776128e-05,0.000251903120897083,0.0282145782027881,0.00101565396744516,0.29923476772971,5.12564789406982,5.4071012284988,1,0.1,1.5
2006,113,9.13426677909883e-05,0.000252732144340968,0.0285618097628851,0.00101871416593966,0.302759373697545,5.41385420825394,5.70986060219634,1,0.1,1.5
2006,112,9.20091095629163e-05,0.00025386949749257,0.0289535669940876,0.00102300921711582,0.306750121709546,5.70598991257612,6.01661072390589,1,0.1,1.5
2006,111,9.28453480993618e-05,0.000254688893842106,0.0293191804291586,0.00102601475313664,0.310457943744978,6.00179050270486,6.32706866765086,1,0.1,1.5
2006,110,9.35740399939811e-05,0.000256125645284865,0.029767029642131,0.00103149817650995,0.315029623803345,6.30208443827235,6.64209829145421,1,0.1,1.5
2006,109,9.46190478656791e-05,0.000259902933429927,0.0305037406526124,0.00104639273877234,0.322647982922415,6.60978395349801,6.96474627437663,1,0.1,1.5
2006,108,9.68099325605506e-05,0.000266109895122811,0.0315519557078233,0.00107104471333722,0.333545834746461,6.92802914948252,7.29829210912309,1,0.1,1.5
2006,107,0.000100297303143751,0.000274802496975098,0.0329324210627763,0.00110566513144198,0.347934316629734,7.26016824994879,7.64622642575282,1,0.1,1.5
2006,106,0.000105278796428683,0.000285962497466289,0.0346592592722361,0.00115016451807838,0.365953325248144,7.6096906535101,8.01217975100096,1,0.1,1.5
2006,105,0.00011200539294908,0.000299459655132774,0.0367353355718922,0.00120400107166393,0.3876226378417,7.98011327604232,8.39980238884266,1,0.1,1.5
2006,104,0.000120785541874898,0.00031501003159786,0.0391466626002554,0.0012660136560977,0.41278315938594,8.37481052605543,8.8125855482286,1,0.1,1.5
2006,103,0.00013198617346202,0.00033212882844436,0.0418553660041116,0.00133423359237265,0.441023418998906,8.7967734651633,9.25360896722751,1,0.1,1.5
2006,102,0.000146022023884342,0.000350106202703743,0.0447944621505294,0.00140578980277286,0.471625743016438,9.24831649671155,9.72523471024395,1,0.1,1.5
2006,101,0.000163340102769242,0.000367976791872075,0.0478605533107999,0.00147678984642489,0.503491192234636,9.73071069114012,10.2287259024786,1,0.1,1.5
2006,100,0.000184356430157904,0.000384626586715866,0.0509231053532112,0.00154275321869745,0.535239555381721,10.2439109148262,10.7639654578603,1,0.1,1.5
2006,99,0.000209462986364965,0.000398711944635388,0.0538084423747022,0.00159829121237995,0.565043916789714,10.7861221000104,11.32900937465,1,0.1,1.5
2006,98,0.00023869867776749,0.000409678039095508,0.0564339156281825,0.00164119205456425,0.592040669904114,11.3547171691351,11.9210500445541,1,0.1,1.5
2006,97,0.000273545078180885,0.00041636762403129,0.058619602588263,0.00166684350082525,0.614354115520186,11.9452592346435,12.5354041600743,1,0.1,1.5
2006,96,0.000315752856364506,0.000416880922203751,0.0600532239573927,0.00166768489892943,0.628735620684914,12.5501707853437,13.1641397807592,1,0.1,1.5
2006,95,0.00036499349100484,0.000411469124243962,0.0607021336614511,0.00164478537776186,0.634876290818981,13.1615501421946,13.7990160715782,1,0.1,1.5
2006,94,0.000419058236425454,0.000405217381908783,0.061267232699433,0.00161851727627359,0.640125548346372,13.7785540151657,14.4391416199246,1,0.1,1.5
2006,93,0.000482448475944876,0.00039858829783152,0.0618124788110003,0.0015907343828285,0.645157080303164,14.4009863185713,15.0842987002277,1,0.1,1.5
2006,92,0.00060299185065275,0.000391608959837589,0.0623371720172789,0.0015615473337908,0.649997623392421,15.0286761229095,15.7342963236202,1,0.1,1.5
2006,91,0.000790773523234668,0.000384295230129277,0.0628415772861746,0.00153102173877985,0.654657646637288,15.6614620304214,16.3889539702575,1,0.1,1.5
2006,90,0.0010414617850305,0.000376657461139582,0.0633260845779408,0.00149920114329549,0.659138887437426,16.2991837586689,17.0480928576949,1,0.1,1.5
2006,89,0.00134841444488856,0.000368707300897278,0.0637914524533609,0.00146613419479197,0.663445314717155,16.9416842991747,17.711538172412,1,0.1,1.5
2006,88,0.00170280607384191,0.00036045733569001,0.0642387766322986,0.00143187319081805,0.667582875026515,17.5888118429039,18.3791210474386,1,0.1,1.5
2006,87,0.00209388679772291,0.000351901339348675,0.0646658164432572,0.00139639571953405,0.671521612636931,18.2403849452617,19.0506426600755,1,0.1,1.5
2006,86,0.00252911276352324,0.000343038154673595,0.0650695807370318,0.00135969977241822,0.675236546555853,18.8961972093545,19.7258792066313,1,0.1,1.5
2006,85,0.00302291307004381,0.000333888321072821,0.0654504949019953,0.00132186944384197,0.678742956808453,19.5560563169652,20.4046221634398,1,0.1,1.5
2006,84,0.00357226601493947,0.000324465149497419,0.0658088699911834,0.0012829600225014,0.682042862404883,20.2197711790486,21.0866650258447,1,0.1,1.5
2006,83,0.00417217271569693,0.000314782964630825,0.0661453616321152,0.00124303072122978,0.685140476176445,20.8871540734932,21.7718055020211,1,0.1,1.5
2006,82,0.00481565734026768,0.000304856893259538,0.0664609752789665,0.00120214380652278,0.68804224289943,21.5580228334423,22.4598477449206,1,0.1,1.5
2006,81,0.00549378725136755,0.000294702564262743,0.0667570514020387,0.00116036338128851,0.690756684229952,22.2322028979396,23.1506044291505,1,0.1,1.5
2006,80,0.00617346163419549,0.000284326850047402,0.0670345587010378,0.00111771898261966,0.693271910637739,22.9095073945399,23.8438763397882,1,0.1,1.5
2006,79,0.00684460455639497,0.00027374791361948,0.0672954955916535,0.00107428453314913,0.695602426659123,23.5897628992969,24.5394787664474,1,0.1,1.5
2006,78,0.00751361466098227,0.000262990098199117,0.0675426903652783,0.00103015787318085,0.69778242212087,24.2728287803723,25.2372611885682,1,0.1,1.5
2006,77,0.00816621169751122,0.00025206859689844,0.067778589741417,0.000985400539287169,0.699827875076073,24.9585795048871,25.9370890636443,1,0.1,1.5
2006,76,0.0087871703769529,0.000240997500724127,0.0680057554069602,0.000940069479028162,0.701755206647595,25.6469051475486,26.6388442702919,1,0.1,1.5
2006,75,0.00936087758225378,0.000229770030032502,0.0682207630456727,0.000894140218422131,0.703519347503633,26.3376510633605,27.3423636177955,1,0.1,1.5
2006,74,0.00990134123530219,0.000218387764714664,0.0684196474359458,0.000847621416711375,0.705090123545064,27.030632309524,28.0474537413406,1,0.1,1.5
2006,73,0.0104302392195847,0.000206872522669465,0.0686039889649057,0.000800600418766268,0.706499256528326,27.7256944172128,28.7539529978689,1,0.1,1.5
2006,72,0.010943330463636,0.000195236281139011,0.0687744541164256,0.000753126014638124,0.70775140068433,28.4226868748309,29.4617043985533,1,0.1,1.5
2006,71,0.0114363299740136,0.000183490748365607,0.0689317376403584,0.000705245817189197,0.708851444115476,29.1214633787008,30.1705558426687,1,0.1,1.5
2006,70,0.0119049406274879,0.0001716473191401,0.0690765555794596,0.000657006086996849,0.709804457313801,29.8218820347718,30.8803602999825,1,0.1,1.5
2006,69,0.0123448861905648,0.000159717035702628,0.0692096376108252,0.000608451579654547,0.710615636015958,30.5238055053641,31.5909759359985,1,0.1,1.5
2006,68,0.0127519454795913,0.000147710555556012,0.0693317190587956,0.000559625421540501,0.71129024200906,31.227101098494,32.3022661780076,1,0.1,1.5
2006,67,0.0131219875903563,0.000135638126597974,0.0694435326205152,0.000510569015590506,0.711833542277901,31.931640797692,33.0140997202855,1,0.1,1.5
2006,66,0.0134510081719988,0.000123509571172528,0.0695458006065944,0.000461321983034816,0.712250754602357,32.637301238251,33.7263504748878,1,0.1,1.5
2006,65,0.0137351630507112,0.000111334269859846,0.0696392223694645,0.0004119221069125,0.712546943287706,33.3439635800114,34.4388974181755,1,0.1,1.5
2006,64,0.0139708242108946,9.91206154425132e-05,0.0697240474152299,0.00036240335780774,0.712722753939812,34.0515091431254,35.1516201721153,1,0.1,1.5
2006,63,0.0141566193856268,8.68766782527583e-05,0.0698001242062877,0.000312798488315984,0.712776304935574,34.7598168982279,35.8643964770509,1,0.1,1.5
2006,62,0.0142935557971787,7.4611084900434e-05,0.069867533332338,0.000263142237751687,0.712709656195528,35.4687673795984,36.5771061332464,1,0.1,1.5
2006,61,0.0143819976631218,6.23321962035387e-05,0.0699262722000021,0.000213468289104469,0.712523589391344,36.1782414220025,37.2896297226378,1,0.1,1.5
2006,60,0.014422593205688,5.00482997299327e-05,0.0699762963429666,0.000163809992685687,0.712218651316744,36.8881199305666,38.0018483739545,1,0.1,1.5
2006,59,0.0144162531860736,3.77676311933779e-05,0.0700175223605271,0.000114200452575617,0.711795170411381,37.5982836659412,38.7136435443659,1,0.1,1.5
2006,58,0.014364130186679,2.54983945394198e-05,0.0700498331241646,6.46726063862147e-05,0.711253296355105,38.3086130679194,39.424896840721,1,0.1,1.5
2006,57,0.0142675880575216,1.32487774653293e-05,0.0700730855270068,1.61560042961952e-05,0.710605868477777,39.0189881363358,40.1355027091988,1,0.1,1.5
2006,56,0.0141281581999049,2.10964581684009e-06,0.0700874396737801,0,0.710314265329239,39.729302401665,40.845816974528,1,0.1,1.5
2006,55,0.0139511180168428,7.06619699263606e-09,0.0701086268095167,0,0.710387084101699,40.4396894857667,41.5562040586297,1,0.1,1.5
2006,54,0.0137134382863921,6.11134220765706e-12,0.0705333371809656,0,0.714475664061698,41.1541651498284,42.2706797226914,1,0.1,1.5
2006,53,0.0115438072833821,1.40341027259921e-14,0.0704260001731985,0,0.71195587325438,41.8661210230828,42.9826355959458,1,0.1,1.5
2006,52,0.230876145667642,2.1329842469453e-17,1.25688208130108,0,12.7227382434559,54.5888592665387,55.7053738394017,20,0.1,1.5
2006,51,0.230876145667642,4.98945343336922e-74,1.06445929738955,0,10.7985104043406,65.3873696708793,66.5038842437423,20,0.1,1.5
2006,50,0.230876145667642,5.40973240719208e-104,1.18007786049245,0,11.9546960353696,77.3420657062488,78.4585802791119,20,0.1,1.5
2006,49,0.230876145667642,7.75843450946575e-138,1.30087745894993,0,13.1626920199444,90.5047577261932,91.6212722990562,20,0.1,1.5
2006,48,0.230876145667642,4.03362672442077e-160,1.38705400292161,0,14.0244574596612,104.529215185854,105.645729758717,20,0.1,1.5
2006,47,0.230876145667642,3.56754758476518e-162,1.39093428998624,0,14.0632603303075,118.592475516162,119.708990089025,20,0.1,1.5
2006,46,0.230876145667642,3.56754758476522e-202,1.38815506259643,0,14.0354680564094,132.627943572571,133.744458145434,20,0.1,1.5
2006,45,0.230876145667642,3.56754758476527e-242,1.38538138838403,0,14.0077313142854,146.635674886857,147.75218945972,20,0.1,1.5
2006,44,0.230876145667642,3.56754758476532e-282,1.38261325625324,0,13.9800499929775,160.615724879834,161.732239452697,20,0.1,1.5
2006,43,0.230876145667642,3.55727265005698e-322,1.37985065513041,0,13.9524239817492,174.568148861583,175.684663434446,20,0.1,1.5
2006,42,0.230876145667642,0,1.37709357396403,0,13.9248531700854,188.493002031669,189.609516604532,20,0.1,1.5
2006,41,0.230876145667642,0,1.37434200172467,0,13.8973374476918,202.390339479361,203.506854052224,20,0.1,1.5
2006,40,0.230876145667642,0,1.37159592740495,0,13.8698767044945,216.260216183855,217.376730756718,20,0.1,1.5
2006,39,0.230876145667642,0,1.36885534001944,0,13.8424708306395,230.102687014495,231.219201587358,20,0.1,1.5
2006,38,0.230876145667642,0,1.36612022860472,0,13.8151197164923,243.917806730987,245.03432130385,20,0.1,1.5
2006,37,0.230876145667642,0,1.36339058221923,0,13.7878232526374,257.705629983624,258.822144556487,20,0.1,1.5
2006,36,0.230876145667642,0,1.36066638994329,0,13.760581329878,271.466211313502,272.582725886365,20,0.1,1.5
2006,35,0.230876145667642,0,1.35794764087904,0,13.7333938392355,285.199605152738,286.316119725601,20,0.1,1.5
2006,34,0.230876145667642,0,1.3552343241504,0,13.7062606719491,298.905865824687,300.02238039755,20,0.1,1.5
2006,33,0.230876145667642,0,1.35252642890301,0,13.6791817194752,312.585047544162,313.701562117025,20,0.1,1.5
2006,32,0.230876145667642,0,1.34982394430419,0,13.652156873487,326.237204417649,327.353718990512,20,0.1,1.5
2006,31,0.230876145667642,0,1.34712685954293,0,13.6251860258744,339.862390443524,340.978905016387,20,0.1,1.5
2006,30,0.230876145667642,0,1.34443516382981,0,13.5982690687432,353.460659512267,354.57717408513,20,0.1,1.5
2006,29,0.230876145667642,0,1.34174884639695,0,13.5714058944146,367.032065406682,368.148579979544,20,0.1,1.5
2006,28,0.230876145667642,0,1.33906789649802,0,13.5445963954253,380.576661802107,381.69317637497,20,0.1,1.5
2006,27,0.230876145667642,0,1.33639230340814,0,13.5178404645265,394.094502266633,395.211016839496,20,0.1,1.5
2006,26,0.230876145667642,0,1.33372205642386,0,13.4911379946837,407.585640261317,408.70215483418,20,0.1,1.5
2006,25,0.230876145667642,0,1.33105714486313,0,13.4644888790763,421.050129140394,422.166643713256,20,0.1,1.5
2006,24,0.230876145667642,0,1.32839755806521,0,13.4378930110972,434.488022151491,435.604536724354,20,0.1,1.5
2006,23,0.230876145667642,0,1.32574328539071,0,13.4113502843522,447.899372435843,449.015887008706,20,0.1,1.5
2006,22,0.230876145667642,0,1.32309431622147,0,13.3848605926598,461.284233028503,462.400747601366,20,0.1,1.5
2006,21,0.230876145667642,0,1.32045063996054,0,13.3584238300505,474.642656858553,475.759171431416,20,0.1,1.5
2006,20,0.230876145667642,0,1.31781224603216,0,13.3320398907667,487.97469674932,489.091211322183,20,0.1,1.5
2006,19,0.230876145667642,0,1.3151791238817,0,13.3057086692621,501.280405418582,502.396919991445,20,0.1,1.5
2006,18,0.230876145667642,0,1.3125512629756,0,13.2794300602011,514.559835478783,515.676350051646,20,0.1,1.5
2006,17,0.230876145667642,0,1.30992865280138,0,13.2532039584589,527.813039437242,528.929554010105,20,0.1,1.5
2006,16,0.230876145667642,0,1.30731128286753,0,13.2270302591204,541.040069696362,542.156584269225,20,0.1,1.5
2006,15,0.230876145667642,0,1.30469914270353,0,13.2009088574804,554.240978553843,555.357493126706,20,0.1,1.5
2006,14,0.230876145667642,0,1.30209222185977,0,13.1748396490428,567.415818202886,568.532332775749,20,0.1,1.5
2006,13,0.230876145667642,0,1.29949050990752,0,13.1488225295203,580.564640732406,581.681155305269,20,0.1,1.5
2006,12,0.230876145667642,0,1.29689399643889,0,13.1228573948339,593.68749812724,594.804012700103,20,0.1,1.5
2006,11,0.230876145667642,0,1.29430267106677,0,13.0969441411128,606.784442268353,607.900956841216,20,0.1,1.5
2006,10,0.230876145667642,0,1.29171652342483,0,13.0710826646934,619.855524933046,620.972039505909,20,0.1,1.5
2006,9,0.230876145667642,0,1.28913554316745,0,13.0452728621196,632.900797795166,634.017312368029,20,0.1,1.5
2006,8,0.230876145667642,0,1.28655971996965,0,13.0195146301416,645.920312425307,647.03682699817,20,0.1,1.5
2006,7,0.230876145667642,0,1.28398904352713,0,12.9938078657164,658.914120291024,660.030634863887,20,0.1,1.5
2006,6,0.230876145667642,0,1.28142350355613,0,12.9681524660064,671.88227275703,672.998787329893,20,0.1,1.5
2006,5,0.230876145667642,0,1.27886308979347,0,12.9425483283798,684.82482108541,685.941335658273,20,0.1,1.5
2006,4,0.230876145667642,0,1.27630779199647,0,12.9169953504098,697.74181643582,698.858331008683,20,0.1,1.5
2006,3,0.230876145667642,0,1.27375759994291,0,12.8914934298742,710.633309865694,711.749824438557,20,0.1,1.5
2006,2,0.0115438072833821,0,0.000541237182389857,0,0.0131082433461533,710.64641810904,711.762932681903,1,0.1,1.5
2006,1,150,0,1.2859807486375,0,112.859807486375,823.506225595415,824.622740168278,99999,0.1,1.5
2007,132,0.000151841685577023,0.0344805971031225,0.0344805971031225,0,0.689713169852835,0,0,1,0.1,1.5
2007,131,0.000146515921881598,0.000337956639179962,0.0337922843516044,0.00143625745214412,0.361918050791156,0.341400087189097,0.361918050791156,1,0.1,1.5
2007,130,0.00014149865906934,0.000347859968302668,0.0334563599341697,0.00140889789399815,0.358263644235505,0.6795366186532,0.720181695026661,1,0.1,1.5
2007,129,0.000136750235990154,0.000341165471264833,0.0331049692305977,0.00138063661001967,0.354275893985757,1.01408913249582,1.07445758901242,1,0.1,1.5
2007,128,0.000132231556919646,0.000334202075122636,0.0327347958421561,0.00135204788942786,0.350093103393036,1.34486726603989,1.42455069240545,1,0.1,1.5
2007,127,0.000127901810290195,0.000327117866505061,0.0323416742547568,0.00132299316837718,0.345673091491534,1.67164045512603,1.77022378389699,1,0.1,1.5
2007,126,0.000123720720195679,0.000319851830622043,0.0319186964680308,0.0012932227728001,0.34094257450666,1.99410841859269,2.11116635840365,1,0.1,1.5
2007,125,0.000119639214928724,0.000312347991234678,0.0314592690480581,0.00126251147130923,0.335831808031107,2.31190434846224,2.44699816643475,1,0.1,1.5
2007,124,0.000115618214799231,0.000304464450970207,0.0309477577515247,0.00123028706541053,0.33017483034068,2.62450364929705,2.77717299677543,1,0.1,1.5
2007,123,0.000111579602478561,0.000296190262479494,0.030381372981861,0.00119650705554854,0.323942976781465,2.93135366814211,3.1011159735569,1,0.1,1.5
2007,122,0.00010752209555898,0.000287175810031955,0.0297220675400001,0.00115976142074764,0.316732135193755,3.23151778303947,3.41784810875065,1,0.1,1.5
2007,121,0.00010328346784524,0.000278363327611422,0.0290657503860793,0.00112385697775507,0.309565092464353,3.52502777582161,3.72741320121501,1,0.1,1.5
2007,120,9.93221297968307e-05,0.00027112233330541,0.0285578551479068,0.00109431957128819,0.303989126298009,3.81338376538693,4.03140232751302,1,0.1,1.5
2007,119,9.62260267864903e-05,0.0002654157100614,0.0281999335465246,0.0010709923387278,0.300017533803639,4.09810140863731,4.33141986131665,1,0.1,1.5
2007,118,9.39093157359198e-05,0.000261184869624133,0.0279911209658595,0.00105363216196755,0.297637552593435,4.38068707320264,4.62905741391009,1,0.1,1.5
2007,117,9.22954497642281e-05,0.000258329389372155,0.0279258204978314,0.00104182761237053,0.296786280777172,4.66259010237452,4.92584369468726,1,0.1,1.5
2007,116,9.13096760748181e-05,0.000256717598071828,0.0279946847827718,0.00103504182198598,0.297361208668476,4.94516499930034,5.22320490335574,1,0.1,1.5
2007,115,9.08799205917309e-05,0.000256152100463628,0.0281806704546852,0.00103247368575518,0.299178436247433,5.22959381146555,5.52238333960317,1,0.1,1.5
2007,114,9.09181511776128e-05,0.000256432523070261,0.0284656702368291,0.00103331107036993,0.302043226419349,5.51687545116533,5.82442656602252,1,0.1,1.5
2007,113,9.13426677909883e-05,0.000257205862928325,0.0288136321233937,0.00103612806232786,0.305571104436907,5.80764472614041,6.12999767045943,1,0.1,1.5
2007,112,9.20091095629163e-05,0.000258290999253881,0.0292064239416672,0.00104019277032668,0.309568385534538,6.102353214956,6.43956605599397,1,0.1,1.5
2007,111,9.28453480993618e-05,0.00025905057722258,0.0295727521993999,0.00104293775655813,0.313279035472931,6.40073313962096,6.7528450914669,1,0.1,1.5
2007,110,9.35740399939811e-05,0.000260435800580336,0.0300219274832943,0.00104819204160185,0.317860187554959,6.70361915515303,7.07070527902186,1,0.1,1.5
2007,109,9.46190478656791e-05,0.000264197214027384,0.0307622884632402,0.00106299423010559,0.325513567996571,7.01394709129095,7.39621884701843,1,0.1,1.5
2007,108,9.68099325605506e-05,0.000270422277285534,0.0318165616905868,0.00108768288104578,0.336472706505846,7.33488147092472,7.73269155352427,1,0.1,1.5
2007,107,0.000100297303143751,0.000279164307830245,0.0332055441035305,0.00112245740083818,0.35094905470863,7.66979541990709,8.0836406082329,1,0.1,1.5
2007,106,0.000105278796428683,0.000290400754494258,0.0349433344758285,0.00116721011706705,0.369081968411328,8.0222029580746,8.45272257664423,1,0.1,1.5
2007,105,0.00011200539294908,0.000303994864467311,0.037032662306251,0.00122137240294243,0.390889419154041,8.39564420004375,8.84361199579827,1,0.1,1.5
2007,104,0.000120785541874898,0.000319653514340403,0.0394592513480198,0.00128374593418166,0.416208799949352,8.79351377236193,9.25982079574763,1,0.1,1.5
2007,103,0.00013198617346202,0.000336879686377607,0.0421847388656044,0.00135231325370541,0.444622937069348,9.21881794866406,9.70444373281697,1,0.1,1.5
2007,102,0.000146022023884342,0.000354948512720253,0.0451414301550076,0.00142414404559658,0.475406049630295,9.67387908335726,10.1798497824473,1,0.1,1.5
2007,101,0.000163340102769242,0.000372877229524944,0.0482249647170751,0.00149527818705605,0.50744842982579,10.1599663962251,10.6872982122731,1,0.1,1.5
2007,100,0.000184356430157904,0.000389534570541521,0.0513037013473503,0.00156116907188405,0.539357678778319,10.6770216596908,11.2266558910514,1,0.1,1.5
2007,99,0.000209462986364965,0.00040355992254134,0.0542026343335597,0.00161636456760922,0.569292506946338,11.2232232442427,11.7959483979977,1,0.1,1.5
2007,98,0.00023869867776749,0.000414394794032019,0.0568385702502607,0.00165864099090046,0.59638365419335,11.7959120271375,12.3923320521911,1,0.1,1.5
2007,97,0.000273545078180885,0.000420874551446626,0.0590304515032104,0.0016833621321104,0.618743654390744,12.3906076510695,13.0110757065818,1,0.1,1.5
2007,96,0.000315752856364506,0.000421090033954395,0.0604641398597293,0.00168293946324582,0.633104793173163,12.9996704519106,13.644180499755,1,0.1,1.5
2007,95,0.00036499349100484,0.000415311035682906,0.0611072597925255,0.00165851940893669,0.639162171689468,13.6151394891867,14.2833426714444,1,0.1,1.5
2007,94,0.000419058236425454,0.000408681492887486,0.0616657352952315,0.0016306919018751,0.644319138637022,14.2361630292255,14.9276618100815,1,0.1,1.5
2007,93,0.000482448475944876,0.00040166947868544,0.0622039811588263,0.00160133104573586,0.64925429648864,14.8625411679179,15.5769161065701,1,0.1,1.5
2007,92,0.00060299185065275,0.000394302923046075,0.0627213251335248,0.0015705508730087,0.653994716175792,15.4940994430507,16.2309108227459,1,0.1,1.5
2007,91,0.000790773523234668,0.000386598386996256,0.0632180485631409,0.00153841984830495,0.658551078254551,16.1306730949009,16.8894619010004,1,0.1,1.5
2007,90,0.0010414617850305,0.000378566860435268,0.0636945522553068,0.00150498414255033,0.662925272479113,16.772098593915,17.5523871734796,1,0.1,1.5
2007,89,0.00134841444488856,0.000370220621706965,0.0641516068568136,0.00147029498677331,0.667121431845226,17.4182158116635,18.2195086053248,1,0.1,1.5
2007,88,0.00170280607384191,0.000361572871061413,0.0645903210523399,0.00143440718372812,0.671145674479357,18.0688699549467,18.8906542798041,1,0.1,1.5
2007,87,0.00209388679772291,0.000352617943276998,0.0650084487914964,0.00139730071275396,0.674968030633177,18.7238765468263,19.5656223104373,1,0.1,1.5
2007,86,0.00252911276352324,0.000343355324651292,0.0654029987220626,0.00135897626980298,0.678563562354292,19.3830261624691,20.2441858727916,1,0.1,1.5
2007,85,0.00302291307004381,0.00033380624417122,0.0657744172134656,0.00131952071353003,0.681947805863969,20.0461236724255,20.9261336786556,1,0.1,1.5
2007,84,0.00357226601493947,0.000323984657120323,0.0661230291098096,0.00127899194620362,0.68512296186312,20.7129753207714,21.6112566405187,1,0.1,1.5
2007,83,0.00417217271569693,0.000313905509953754,0.0664495047762594,0.00123745168966261,0.688093432620158,21.3833908721107,22.2993500731389,1,0.1,1.5
2007,82,0.00481565734026768,0.000303584520563289,0.0667548651330692,0.00119496458225561,0.690865857366822,22.0571858068738,22.9902159305057,1,0.1,1.5
2007,81,0.00549378725136755,0.000293037870964754,0.0670404665422206,0.00115159693296928,0.693448953722802,22.7341833758399,23.6836648842285,1,0.1,1.5
2007,80,0.00617346163419549,0.000282273014155388,0.0673072849908226,0.00110738065020717,0.695830944713632,23.4141945969792,24.3794958289421,1,0.1,1.5
2007,79,0.00684460455639497,0.000271308612423477,0.0675573371753816,0.00106239161540585,0.69802655065954,24.0970441245615,25.0775223796017,1,0.1,1.5
2007,78,0.00751361466098227,0.000260169369277205,0.067793475564537,0.00101672900408915,0.700070225837214,24.7825896503403,25.7775926054389,1,0.1,1.5
2007,77,0.00816621169751122,0.000248870820790777,0.0680181620172646,0.000970455668598391,0.701978121920776,25.4707041198525,26.4795707273597,1,0.1,1.5
2007,76,0.0087871703769529,0.000237427344764282,0.0682339722011766,0.000923629641386523,0.703766818206708,26.1612762288966,27.1833375455664,1,0.1,1.5
2007,75,0.00936087758225378,0.000225832754905858,0.0684374760239737,0.000876228944384407,0.70539122919198,26.8541499017402,27.8887287747583,1,0.1,1.5
2007,74,0.00990134123530219,0.00021408923182499,0.0686247108253801,0.000828264710868622,0.706821247741328,27.5491387964691,28.5955500224997,1,0.1,1.5
2007,73,0.0104302392195847,0.000202218829918262,0.0687972786707008,0.000779825107332497,0.708088826495425,28.2460872642884,29.3036388489951,1,0.1,1.5
2007,72,0.010943330463636,0.000190233866470921,0.0689558581746735,0.000730960238477569,0.709198763174977,28.9448437383422,30.0128376121701,1,0.1,1.5
2007,71,0.0114363299740136,0.000178146361780955,0.0691011559208916,0.000681718914956875,0.710156084451642,29.6452609811516,30.7229936966217,1,0.1,1.5
2007,70,0.0119049406274879,0.000165967994940613,0.0692338994456509,0.000632148479744163,0.71096599405868,30.3471962826426,31.4339596906804,1,0.1,1.5
2007,69,0.0123448861905648,0.000153710065270663,0.0693548295419778,0.000582294658128121,0.711633815315643,31.0505116028421,32.145593505996,1,0.1,1.5
2007,68,0.0127519454795913,0.000141383460940685,0.0694646922422748,0.000532201437260507,0.712164931693699,31.7550736568606,32.8577584376897,1,0.1,1.5
2007,67,0.0131219875903563,0.000128998635163606,0.0695642305211508,0.000481910976726141,0.712564725814707,32.4607539401507,33.5703231635045,1,0.1,1.5
2007,66,0.0134510081719988,0.000116565591470429,0.0696541765222925,0.000431463555686714,0.7128385250002,33.1674287000696,34.2831616885047,1,0.1,1.5
2007,65,0.0137351630507112,0.000104093869426723,0.0697352389739557,0.000380897524735053,0.712991497011465,33.8749788038706,34.9961531855161,1,0.1,1.5
2007,64,0.0139708242108946,9.15920456063602e-05,0.0698076758499403,0.000330247532111927,0.713024383650043,34.5832853656333,35.7091775691662,1,0.1,1.5
2007,63,0.0141566193856268,7.90683888615237e-05,0.069871343815946,0.000279547071942217,0.712935397904335,35.2922272339385,36.4221129670705,1,0.1,1.5
2007,62,0.0142935557971787,6.65316702869261e-05,0.0699263321384427,0.000228831395540619,0.71272669522171,36.0016849092239,37.1348396622922,1,0.1,1.5
2007,61,0.0143819976631218,5.39903942381526e-05,0.0699726466450582,0.000178134696034371,0.712399150206965,36.711539278059,37.8472388124992,1,0.1,1.5
2007,60,0.014422593205688,4.14529811687211e-05,0.0700102512115038,0.000127490790275513,0.711953401067786,37.4216713821228,38.559192213567,1,0.1,1.5
2007,59,0.0144162531860736,2.8927789455838e-05,0.0700390707214349,7.69332070767468e-05,0.711389866381672,38.1319622026891,39.2705820799486,1,0.1,1.5
2007,58,0.014364130186679,1.64231355419479e-05,0.0700589962924487,2.64952672004363e-05,0.710708784888175,38.8422924837601,39.9812908648368,1,0.1,1.5
2007,57,0.0142675880575216,4.17148884870208e-06,0.0700701172195281,1.74424981011051e-08,0.710254861633994,39.5525470962156,40.6915457264708,1,0.1,1.5
2007,56,0.0141281581999049,2.10964581684009e-08,0.0700804309298127,0,0.710223292395979,40.2627703886115,41.4017690188668,1,0.1,1.5
2007,55,0.0139511180168428,7.06619699263607e-11,0.0701016159468358,0,0.710316905519539,40.9730872941311,42.1120859243863,1,0.1,1.5
2007,54,0.0137134382863921,6.11134220765706e-14,0.0705262838472475,0,0.714405130664015,41.6874924247951,42.8264910550503,1,0.1,1.5
2007,53,0.0115438072833821,1.40341027259921e-16,0.0704189575731812,0,0.711885447254068,42.3993778720492,43.5383765023044,1,0.1,1.5
2007,52,0.230876145667642,2.1329842469453e-19,1.25675639309295,0,12.7214813613746,55.1208592334237,56.259857863679,20,0.1,1.5
2007,51,0.230876145667642,4.98945343336922e-76,1.06435285145981,0,10.7974459450432,65.9183051784669,67.0573038087222,20,0.1,1.5
2007,50,0.230876145667642,5.40973240719208e-106,1.1799598527064,0,11.9535159575091,77.871821135976,79.0108197662313,20,0.1,1.5
2007,49,0.230876145667642,7.75843450946576e-140,1.30074737120403,0,13.1613911424854,91.0332122784614,92.1722109087167,20,0.1,1.5
2007,48,0.230876145667642,4.03362672442077e-162,1.38691529752132,0,14.0230704056583,105.05628268412,106.195281314375,20,0.1,1.5
2007,47,0.230876145667642,3.56754758476518e-164,1.39079519655724,0,14.0618693960175,119.118152080137,120.257150710393,20,0.1,1.5
2007,46,0.230876145667642,3.56754758476523e-204,1.38801624709017,0,14.0340799013468,133.152231981484,134.291230611739,20,0.1,1.5
2007,45,0.230876145667642,3.56754758476527e-244,1.38524285024519,0,14.006345932897,147.158577914381,148.297576544636,20,0.1,1.5
2007,44,0.230876145667642,3.56754758476532e-284,1.38247499492761,0,13.9786673797212,161.137245294102,162.276243924358,20,0.1,1.5
2007,43,0.230876145667642,4.94065645841247e-324,1.3797126700649,0,13.951044131094,175.088289425196,176.227288055452,20,0.1,1.5
2007,42,0.230876145667642,0,1.37695586460664,0,13.9234760765114,189.011765501708,190.150764131963,20,0.1,1.5
2007,41,0.230876145667642,0,1.3742045675245,0,13.8959631056901,202.907728607398,204.046727237653,20,0.1,1.5
2007,40,0.230876145667642,0,1.3714587678122,0,13.8685051085671,216.776233715965,217.91523234622,20,0.1,1.5
2007,39,0.230876145667642,0,1.36871845448544,0,13.8411019752995,230.617335691264,231.75633432152,20,0.1,1.5
2007,38,0.230876145667642,0,1.36598361658186,0,13.8137535962637,244.431089287528,245.570087917783,20,0.1,1.5
2007,37,0.230876145667642,0,1.36325424316101,0,13.7864598620552,258.217549149583,259.356547779839,20,0.1,1.5
2007,36,0.230876145667642,0,1.3605303233043,0,13.7592206634881,271.976769813071,273.115768443327,20,0.1,1.5
2007,35,0.230876145667642,0,1.35781184611496,0,13.7320358915947,285.708805704666,286.847804334921,20,0.1,1.5
2007,34,0.230876145667642,0,1.35509880071799,0,13.704905437625,299.413711142291,300.552709772546,20,0.1,1.5
2007,33,0.230876145667642,0,1.35239117626012,0,13.6778291930463,313.091540335337,314.230538965593,20,0.1,1.5
2007,32,0.230876145667642,0,1.34968896190976,0,13.6508070495427,326.74234738488,327.881346015135,20,0.1,1.5
2007,31,0.230876145667642,0,1.34699214685698,0,13.6238388990149,340.366186283895,341.50518491415,20,0.1,1.5
2007,30,0.230876145667642,0,1.34430072031342,0,13.5969246335793,353.963110917474,355.10210954773,20,0.1,1.5
2007,29,0.230876145667642,0,1.34161467151231,0,13.5700641455682,367.533175063043,368.672173693298,20,0.1,1.5
2007,28,0.230876145667642,0,1.33893398970837,0,13.5432573275288,381.076432390571,382.215431020827,20,0.1,1.5
2007,27,0.230876145667642,0,1.3362586641778,0,13.5165040722231,394.592936462795,395.73193509305,20,0.1,1.5
2007,26,0.230876145667642,0,1.33358868421822,0,13.4898042726273,408.082740735422,409.221739365677,20,0.1,1.5
2007,25,0.230876145667642,0,1.33092403914864,0,13.4631578219315,421.545898557353,422.684897187608,20,0.1,1.5
2007,24,0.230876145667642,0,1.32826471830941,0,13.4365646135392,434.982463170893,436.121461801148,20,0.1,1.5
2007,23,0.230876145667642,0,1.32561071106217,0,13.4100245410668,448.39248771196,449.531486342214,20,0.1,1.5
2007,22,0.230876145667642,0,1.32296200678985,0,13.3835374983436,461.776025210303,462.915023840558,20,0.1,1.5
2007,21,0.230876145667642,0,1.32031859489654,0,13.3571033794105,475.133128589714,476.272127219969,20,0.1,1.5
2007,20,0.230876145667642,0,1.31768046480756,0,13.3307220785207,488.463850668234,489.602849298489,20,0.1,1.5
2007,19,0.230876145667642,0,1.31504760596931,0,13.3043934901382,501.768244158373,502.907242788627,20,0.1,1.5
2007,18,0.230876145667642,0,1.31242000784931,0,13.2781175089381,515.046361667311,516.185360297566,20,0.1,1.5
2007,17,0.230876145667642,0,1.3097976599361,0,13.2518940298061,528.298255697117,529.437254327372,20,0.1,1.5
2007,16,0.230876145667642,0,1.30718055173925,0,13.2257229478375,541.523978644954,542.662977275209,20,0.1,1.5
2007,15,0.230876145667642,0,1.30456867278926,0,13.1996041583377,554.723582803292,555.862581433547,20,0.1,1.5
2007,14,0.230876145667642,0,1.30196201263759,0,13.173537556821,567.897120360113,569.036118990368,20,0.1,1.5
2007,13,0.230876145667642,0,1.29936056085653,0,13.1475230390104,581.044643399123,582.183642029378,20,0.1,1.5
2007,12,0.230876145667642,0,1.29676430703924,0,13.1215605008375,594.166203899961,595.305202530216,20,0.1,1.5
2007,11,0.230876145667642,0,1.29417324079966,0,13.0956498384417,607.261853738402,608.400852368658,20,0.1,1.5
2007,10,0.230876145667642,0,1.29158735177249,0,13.06979094817,620.331644686572,621.470643316827,20,0.1,1.5
2007,9,0.230876145667642,0,1.28900662961313,0,13.0439837265764,633.375628413149,634.514627043404,20,0.1,1.5
2007,8,0.230876145667642,0,1.28643106399766,0,13.0182280704217,646.39385648357,647.532855113825,20,0.1,1.5
2007,7,0.230876145667642,0,1.28386064462278,0,12.9925238766728,659.386380360243,660.525378990498,20,0.1,1.5
2007,6,0.230876145667642,0,1.28129536120578,0,12.9668710425028,672.353251402746,673.492250033001,20,0.1,1.5
2007,5,0.230876145667642,0,1.27873520348449,0,12.94126946529,685.294520868036,686.433519498291,20,0.1,1.5
2007,4,0.230876145667642,0,1.27618016121727,0,12.9157190426178,698.210239910654,699.349238540909,20,0.1,1.5
2007,3,0.230876145667642,0,1.27363022418292,0,12.8902196722743,711.100459582928,712.239458213183,20,0.1,1.5
2007,2,0.0115438072833821,0,0.000541183058671618,0,0.0131077021089709,711.113567285037,712.252565915292,1,0.1,1.5
2007,1,150,0,1.28585215056264,0,112.858521505626,823.972088790664,825.111087420919,99999,0.1,1.5
2008,133,0.000157468699240601,0.0351749576990582,0.0351749576990582,0,0.703604133113991,0,0,1,0.1,1.5
2008,132,0.000151841685577023,0.000344805971031225,0.0344771490434122,0.00149612311850633,0.369693965342052,0.348320777934819,0.369693965342052,1,0.1,1.5
2008,131,0.000146515921881598,0.000362443929427829,0.0341479694862052,0.00146819187980849,0.366175981149135,0.693522589372404,0.735869946491187,1,0.1,1.5
2008,130,0.00014149865906934,0.000355703073182564,0.0338052387716758,0.00143908826016385,0.36226215460459,1.03522634026037,1.09813210109578,1,0.1,1.5
2008,129,0.000136750235990154,0.000348570807217565,0.0334468178861796,0.00140977597663882,0.358184710567091,1.37327139401833,1.45631681166287,1,0.1,1.5
2008,128,0.000132231556919646,0.000341353993108191,0.0330695343349288,0.0013801571555165,0.353913568444743,1.70746843166998,1.81023038010761,1,0.1,1.5
2008,127,0.000127901810290195,0.000334019470759346,0.0326691883794256,0.00135008319451668,0.349404249154186,2.03758577804536,2.1596346292618,1,0.1,1.5
2008,126,0.000123720720195679,0.000326504211506246,0.032238810291584,0.00131929997217306,0.344582767970648,2.36332140355639,2.50421739723244,1,0.1,1.5
2008,125,0.000119639214928724,0.000318751347739655,0.0317717509889806,0.00128757869968485,0.339378764267891,2.68430618640021,2.84359616150033,1,0.1,1.5
2008,124,0.000115618214799231,0.000310616410862334,0.0312522347421022,0.00125433721008133,0.333624693340673,3.00001177673972,3.17722085484101,1,0.1,1.5
2008,123,0.000111579602478561,0.00030208866651193,0.03067746160845,0.00121953397645351,0.327291803100607,3.30988166589099,3.50451265794161,1,0.1,1.5
2008,122,0.00010752209555898,0.000292812113287229,0.030009035688433,0.00118173424284853,0.319972077169221,3.61297182530524,3.82448473511084,1,0.1,1.5
2008,121,0.00010328346784524,0.000283747877714882,0.0293438080554795,0.00114481860629755,0.31269896649571,3.90931624028241,4.13718370160655,1,0.1,1.5
2008,120,9.93221297968307e-05,0.000276291116155103,0.0288285792552141,0.00111441237135515,0.307035095200535,4.2004311587493,4.44421879680708,1,0.1,1.5
2008,119,9.62260267864903e-05,0.000270402241782564,0.0284648616378519,0.00109034837571251,0.302993194848191,4.48784794823017,4.74721199165527,1,0.1,1.5
2008,118,9.39093157359198e-05,0.000266019889188129,0.0282517298942548,0.00107237205378178,0.300559704813231,4.77308805227509,5.0477716964685,1,0.1,1.5
2008,117,9.22954497642281e-05,0.000263040196986353,0.0281834848188742,0.00106005801681688,0.299670466412976,5.05761483273354,5.34744216288148,1,0.1,1.5
2008,116,9.13096760748181e-05,0.000261327631477212,0.02825064576979,0.00105285386188344,0.300221376585533,5.34279543986359,5.64766353946701,1,0.1,1.5
2008,115,9.08799205917309e-05,0.00026067994244343,0.0284359708090786,0.00104993919580408,0.302026225497578,5.62982253399254,5.94968976496459,1,0.1,1.5
2008,114,9.09181511776128e-05,0.000260892092823186,0.0287211514373979,0.00105048344011526,0.304887953690357,5.91970358139554,6.25457771865495,1,0.1,1.5
2008,113,9.13426677909883e-05,0.000261604074211249,0.0290697827757633,0.0010530333518317,0.308418097209202,6.21307834500714,6.56299581586415,1,0.1,1.5
2008,112,9.20091095629163e-05,0.000262631102574208,0.0294635514918547,0.00105684272844872,0.312420918614217,6.51040151035781,6.87541673447836,1,0.1,1.5
2008,111,9.28453480993618e-05,0.000263324944911758,0.0298305293633195,0.00105930233557569,0.316133330489269,6.81140195033885,7.19155006496763,1,0.1,1.5
2008,110,9.35740399939811e-05,0.000264652368406265,0.0302809733009464,0.00106430073014721,0.320722935531816,7.11692058972571,7.51227300049945,1,0.1,1.5
2008,109,9.46190478656791e-05,0.000268390529666672,0.0310249607919203,0.00107897743764092,0.328410555975984,7.42991718230682,7.84068355647543,1,0.1,1.5
2008,108,9.68099325605506e-05,0.0002746249430343,0.0320853007546792,0.0011036621388003,0.339430398915036,7.753580979239,8.18011395539047,1,0.1,1.5
2008,107,0.000100297303143751,0.000283405993287846,0.0334828378993297,0.00113854141701257,0.353994181180832,8.09131028303394,8.5341081365713,1,0.1,1.5
2008,106,0.000105278796428683,0.000294706536811706,0.0352316426716476,0.00118348826831646,0.372240653210543,8.44664396098282,8.90634878978185,1,0.1,1.5
2008,105,0.00011200539294908,0.00030838304938028,0.037334302140756,0.00123790629073217,0.394185897745217,8.82314548314615,9.30053468752706,1,0.1,1.5
2008,104,0.000120785541874898,0.000324133018688818,0.0397762419064304,0.0013005593759874,0.419663692602738,9.22422975609192,9.7201983801298,1,0.1,1.5
2008,103,0.00013198617346202,0.00034144711029013,0.0425185987051442,0.00136938128992198,0.448251038792679,9.65291820502857,10.1684494189225,1,0.1,1.5
2008,102,0.000146022023884342,0.000359585496526347,0.0454929520233912,0.00144138332351868,0.479213913551079,10.1115409282437,10.6476633324736,1,0.1,1.5
2008,101,0.000163340102769242,0.000377548319059262,0.0485939617673674,0.00151253970750686,0.511431704373354,10.6013649225098,11.1590950368469,1,0.1,1.5
2008,100,0.000184356430157904,0.000394187613676427,0.0516888632451865,0.00157824091546617,0.543499711667776,11.1223183353852,11.7025947485147,1,0.1,1.5
2008,99,0.000209462986364965,0.000408126741127718,0.0546013052120287,0.00163297632099792,0.573562194679587,11.6725522969077,12.2761569431943,1,0.1,1.5
2008,98,0.00023869867776749,0.000418804195665435,0.0572475466409608,0.00167451343226133,0.600744261278984,12.2493749377258,12.8769012044733,1,0.1,1.5
2008,97,0.000273545078180885,0.000425049278542066,0.0594453889910877,0.00169819838066694,0.623146722948422,12.8482616838075,13.5000479274217,1,0.1,1.5
2008,96,0.000315752856364506,0.000424945766150999,0.0608788283115548,0.00169642570478144,0.63748289560675,13.4615099264888,14.1375308230284,1,0.1,1.5
2008,95,0.00036499349100484,0.000418782962591001,0.0615157789187804,0.00167042258571841,0.643452127603694,14.0810988742965,14.7809829506321,1,0.1,1.5
2008,94,0.000419058236425454,0.000411759790397649,0.0620672416971707,0.00164097704758374,0.648511916284497,14.7061682613298,15.4294948669166,1,0.1,1.5
2008,93,0.000482448475944876,0.000404349456220819,0.0625980935221444,0.00160998176790767,0.653345801642487,15.3365143234308,16.0828406685591,1,0.1,1.5
2008,92,0.00060299185065275,0.000396580747482635,0.0631076907192637,0.00157755421243771,0.657981197983675,15.9719590326653,16.7408218665428,1,0.1,1.5
2008,91,0.000790773523234668,0.000388470945946201,0.0635963317203608,0.00154376577334962,0.662429005774031,16.6123342416772,17.4032508723168,1,0.1,1.5
2008,90,0.0010414617850305,0.000380031704241936,0.0640644288357189,0.00150866533722586,0.666691275216665,17.2574731549335,18.0699421475335,1,0.1,1.5
2008,89,0.00134841444488856,0.000371275952910398,0.0645127654428212,0.00147230679379619,0.670772311117664,17.9072125118541,18.7407144586511,1,0.1,1.5
2008,88,0.00170280607384191,0.000362217524642644,0.0649424638161667,0.00143474751130787,0.674678410476005,18.5613945293114,19.4153928691271,1,0.1,1.5
2008,87,0.00209388679772291,0.00035285135762126,0.0653512731248057,0.00139597003228269,0.678379598388695,19.2198316986675,20.0937724675158,1,0.1,1.5
2008,86,0.00252911276352324,0.000343177620697257,0.0657362024896412,0.00135597791082552,0.681850989290859,19.8823115749466,20.7756234568067,1,0.1,1.5
2008,85,0.00302291307004381,0.000333218240824219,0.0660977199501268,0.00131486078183267,0.685108382744291,20.5486362322361,21.460731839551,1,0.1,1.5
2008,84,0.00357226601493947,0.000322987833122107,0.0664361647934496,0.0012726792074666,0.68815416847758,21.2186092691785,22.1488860080286,1,0.1,1.5
2008,83,0.00417217271569693,0.000312501977515191,0.0667522227481975,0.00122949744850173,0.690992944998568,21.8920379649127,22.8398789530271,1,0.1,1.5
2008,82,0.00481565734026768,0.000301776990769536,0.0670469307921198,0.00118538252841432,0.693631552175944,22.5687354809685,23.5335105052031,1,0.1,1.5
2008,81,0.00549378725136755,0.000290829611951967,0.0673216617288087,0.00114040295948358,0.696078909091617,23.2485229192103,24.2295894142947,1,0.1,1.5
2008,80,0.00617346163419549,0.000279667892693346,0.0675773994248753,0.00109459308251739,0.698323358301113,23.9312092334755,24.9279127725958,1,0.1,1.5
2008,79,0.00684460455639497,0.000268310989975697,0.0678161793455155,0.00104803069845783,0.700379840180002,24.6166172065346,25.6282926127758,1,0.1,1.5
2008,78,0.00751361466098227,0.00025678394471506,0.0680408784680029,0.00100081620020449,0.70228307485647,25.3046029071025,26.3305756876323,1,0.1,1.5
2008,77,0.00816621169751122,0.000245102625357506,0.0682539741182125,0.000953013695030633,0.704049389924954,25.9950378156699,27.0346250775572,1,0.1,1.5
2008,76,0.0087871703769529,0.000233281683794274,0.0684580562143031,0.000904682231943848,0.705695524450521,26.6878093082355,27.7403206020078,1,0.1,1.5
2008,75,0.00936087758225378,0.00022131556364516,0.0686496895124674,0.000855802475276912,0.707176385462774,27.3827599440514,28.4474969874705,1,0.1,1.5
2008,74,0.00990134123530219,0.000209207070035405,0.0688249145320147,0.000806388120514725,0.708461940470437,28.0797020542288,29.155958927941,1,0.1,1.5
2008,73,0.0104302392195847,0.000196978465132307,0.0689853552196668,0.000756528016653327,0.709584372756095,28.7784788838898,29.8655433006971,1,0.1,1.5
2008,72,0.010943330463636,0.000184642398284101,0.0691317026484755,0.000706273535402407,0.71054862604434,29.4789378879999,30.5760919267414,1,0.1,1.5
2008,71,0.0114363299740136,0.000172211192357028,0.0692646755340388,0.000655674631855896,0.711359867701718,30.1809309752465,31.2874517944431,1,0.1,1.5
2008,70,0.0119049406274879,0.000159696799885447,0.0693850131756423,0.000604779672933566,0.712023436453606,30.8843147020868,31.9994752308967,1,0.1,1.5
2008,69,0.0123448861905648,0.000147110765184737,0.0694934677235556,0.000553635290696726,0.712544784595828,31.5889504111012,32.7120200154926,1,0.1,1.5
2008,68,0.0127519454795913,0.000134464193924534,0.0695907961323657,0.000502286266308126,0.712929418339413,32.2947043113505,33.424949433832,1,0.1,1.5
2008,67,0.0131219875903563,0.000121767730533171,0.0696777518422802,0.000450775446026022,0.713182836683981,33.0014474988056,34.138132270516,1,0.1,1.5
2008,66,0.0134510081719988,0.000109031544836383,0.0697550769935619,0.000399143694340972,0.713310476941615,33.7090559229709,34.8514427474576,1,0.1,1.5
2008,65,0.0137351630507112,9.62653198780306e-05,0.069823489831242,0.000347429854907025,0.71331761051987,34.4174102498492,35.5647603579774,1,0.1,1.5
2008,64,0.0139708242108946,8.34778034840454e-05,0.0698832569653833,0.000295669192013648,0.713205076096131,35.1263914803451,36.2779654340736,1,0.1,1.5
2008,63,0.0141566193856268,7.06774518741694e-05,0.06993424344955,0.000243895885714115,0.712971182210099,35.8358784356165,36.9909366162837,1,0.1,1.5
2008,62,0.0142935557971787,5.78731655880239e-05,0.069976547354114,0.000192145627935016,0.712618179937068,36.5457516780116,37.7035547962207,1,0.1,1.5
2008,61,0.0143819976631218,4.50735779509743e-05,0.0700101830544023,0.000140453052884534,0.712147036949679,37.2558922427772,38.4157018331704,1,0.1,1.5
2008,60,0.014422593205688,3.22872273805654e-05,0.0700351228839515,8.88523737754511e-05,0.71155848287581,37.9661814060277,39.1272603160462,1,0.1,1.5
2008,59,0.0144162531860736,1.95225796637451e-05,0.070051300116132,3.73774729259518e-05,0.710853026314281,38.676500468443,39.8381133423605,1,0.1,1.5
2008,58,0.014364130186679,6.78804815552856e-06,0.0700586142096196,1.33189105043768e-06,0.710249136383877,39.3867305778119,40.5483624787444,1,0.1,1.5
2008,57,0.0142675880575216,4.60755130122971e-08,0.0700631145684307,0,0.710143331811119,40.096873909623,41.2585058105555,1,0.1,1.5
2008,56,0.0141281581999049,2.10964581684009e-10,0.0700734228867197,0,0.710153003110113,40.8070269127331,41.9686588136656,1,0.1,1.5
2008,55,0.0139511180168428,7.06619699263607e-13,0.0700946057852411,0,0.710246803204039,41.5172737159371,42.6789056168697,1,0.1,1.5
2008,54,0.0137134382863921,6.11134220765707e-16,0.0705192312188628,0,0.714334604379562,42.2316083203167,43.3932402212492,1,0.1,1.5
2008,53,0.0115438072833821,1.40341027259921e-18,0.0704119156774239,0,0.711815028296493,42.9434233486132,44.1050552495457,1,0.1,1.5
2008,52,0.230876145667642,2.1329842469453e-21,1.25663071745364,0,12.7202246049815,55.6636479535947,56.8252798545272,20,0.1,1.5
2008,51,0.230876145667642,4.98945343336922e-78,1.06424641617467,0,10.7963815921917,66.4600295457864,67.621661446719,20,0.1,1.5
2008,50,0.230876145667642,5.40973240719209e-108,1.17984185672113,0,11.9523359976564,78.4123655434428,79.5739974443753,20,0.1,1.5
2008,49,0.230876145667642,7.75843450946576e-142,1.30061729646691,0,13.1600903951142,91.572455938557,92.7340878394895,20,0.1,1.5
2008,48,0.230876145667642,4.03362672442077e-164,1.38677660599157,0,14.0216834903608,105.594139428918,106.75577132985,20,0.1,1.5
2008,47,0.230876145667642,3.56754758476518e-166,1.39065611703759,0,14.060478600821,119.654618029739,120.816249930671,20,0.1,1.5
2008,46,0.230876145667642,3.56754758476523e-206,1.38787744546546,0,14.0326918850997,133.687309914838,134.848941815771,20,0.1,1.5
2008,45,0.230876145667642,3.56754758476527e-246,1.38510432596017,0,14.0049606900468,147.692270604885,148.853902505818,20,0.1,1.5
2008,44,0.230876145667642,3.56754758476532e-286,1.38233674742812,0,13.9772849047263,161.669555509611,162.831187410544,20,0.1,1.5
2008,43,0.230876145667642,0,1.37957469879789,0,13.949664418424,175.619219928035,176.780851828968,20,0.1,1.5
2008,42,0.230876145667642,0,1.37681816902017,0,13.9220991206468,189.541319048682,190.702950949615,20,0.1,1.5
2008,41,0.230876145667642,0,1.37406714706775,0,13.8945889011226,203.435907949805,204.597539850738,20,0.1,1.5
2008,40,0.230876145667642,0,1.37132162193542,0,13.8671336497993,217.303041599604,218.464673500537,20,0.1,1.5
2008,39,0.230876145667642,0,1.36858158263999,0,13.839733256845,231.142774856449,232.304406757382,20,0.1,1.5
2008,38,0.230876145667642,0,1.3658470182202,0,13.8123876126471,244.955162469096,246.116794370029,20,0.1,1.5
2008,37,0.230876145667642,0,1.36311791773669,0,13.785096607812,258.740259076908,259.901890977841,20,0.1,1.5
2008,36,0.230876145667642,0,1.36039427027197,0,13.7578601331648,272.498119210073,273.659751111006,20,0.1,1.5
2008,35,0.230876145667642,0,1.35767606493035,0,13.7306780797486,286.228797289822,287.390429190754,20,0.1,1.5
2008,34,0.230876145667642,0,1.35496329083792,0,13.7035503388243,299.932347628646,301.093979529578,20,0.1,1.5
2008,33,0.230876145667642,0,1.35225593714249,0,13.67647680187,313.608824430516,314.770456331448,20,0.1,1.5
2008,32,0.230876145667642,0,1.34955399301357,0,13.6494573605808,327.258281791097,328.419913692029,20,0.1,1.5
2008,31,0.230876145667642,0,1.34685744764229,0,13.622491906868,340.880773697965,342.042405598897,20,0.1,1.5
2008,30,0.230876145667642,0,1.34416629024139,0,13.595580332859,354.476354030824,355.637985931756,20,0.1,1.5
2008,29,0.230876145667642,0,1.34148051004516,0,13.5687225308967,368.045076561721,369.206708462653,20,0.1,1.5
2008,28,0.230876145667642,0,1.3388000963094,0,13.5419183935391,381.58699495526,382.748626856192,20,0.1,1.5
2008,27,0.230876145667642,0,1.33612503831138,0,13.5151678135589,395.102162768819,396.263794669751,20,0.1,1.5
2008,26,0.230876145667642,0,1.3334553253498,0,13.4884706839431,408.590633452762,409.752265353694,20,0.1,1.5
2008,25,0.230876145667642,0,1.33079094674472,0,13.4618268978923,422.052460350654,423.214092251586,20,0.1,1.5
2008,24,0.230876145667642,0,1.32813189183758,0,13.4352363488209,435.487696699475,436.649328600407,20,0.1,1.5
2008,23,0.230876145667642,0,1.32547814999107,0,13.4086989303558,448.896395629831,450.058027530763,20,0.1,1.5
2008,22,0.230876145667642,0,1.32282971058917,0,13.3822145363368,462.278610166168,463.4402420671,20,0.1,1.5
2008,21,0.230876145667642,0,1.32018656303706,0,13.3557830608156,475.634393226983,476.796025127916,20,0.1,1.5
2008,20,0.230876145667642,0,1.31754869676108,0,13.3294043980559,488.963797625039,490.125429525971,20,0.1,1.5
2008,19,0.230876145667642,0,1.31491610120871,0,13.3030784425322,502.266876067572,503.428507968504,20,0.1,1.5
2008,18,0.230876145667642,0,1.31228876584852,0,13.2768050889303,515.543681156502,516.705313057434,20,0.1,1.5
2008,17,0.230876145667642,0,1.3096666801701,0,13.2505842321461,528.794265388648,529.95589728958,20,0.1,1.5
2008,16,0.230876145667642,0,1.30704983368407,0,13.2244157672858,542.018681155934,543.180313056866,20,0.1,1.5
2008,15,0.230876145667642,0,1.30443821592198,0,13.1982995896649,555.216980745599,556.378612646531,20,0.1,1.5
2008,14,0.230876145667642,0,1.30183181643632,0,13.1722355948083,568.389216340407,569.550848241339,20,0.1,1.5
2008,13,0.230876145667642,0,1.29923062480045,0,13.1462236784495,581.535440018856,582.697071919789,20,0.1,1.5
2008,12,0.230876145667642,0,1.29663463060854,0,13.1202637365305,594.655703755387,595.817335656319,20,0.1,1.5
2008,11,0.230876145667642,0,1.29404382347558,0,13.0943556652009,607.750059420588,608.91169132152,20,0.1,1.5
2008,10,0.230876145667642,0,1.29145819303731,0,13.0684993608182,620.818558781406,621.980190682338,20,0.1,1.5
2008,9,0.230876145667642,0,1.28887772895017,0,13.0426947199468,633.861253501353,635.022885402285,20,0.1,1.5
2008,8,0.230876145667642,0,1.28630242089126,0,13.0169416393577,646.87819514071,648.039827041643,20,0.1,1.5
2008,7,0.230876145667642,0,1.28373225855831,0,12.9912400160282,659.869435156738,661.031067057671,20,0.1,1.5
2008,6,0.230876145667642,0,1.28116723166965,0,12.9655897471416,672.83502490388,673.996656804813,20,0.1,1.5
2008,5,0.230876145667642,0,1.27860732996414,0,12.9399907300865,685.775015633967,686.936647534899,20,0.1,1.5
2008,4,0.230876145667642,0,1.27605254320115,0,12.9144428624566,698.689458496423,699.851090397356,20,0.1,1.5
2008,3,0.230876145667642,0,1.2735028611605,0,12.8889460420501,711.578404538473,712.740036439406,20,0.1,1.5
2008,2,0.0115438072833821,0,0.000541128940365751,0,0.0131071609259122,711.591511699399,712.753143600332,1,0.1,1.5
2008,1,150,0,1.28572356534758,0,112.857235653476,824.448747352875,825.610379253807,99999,0.1,1.5
2009,134,0.000163364682724517,0.0358739263523278,0.0358739263523278,0,0.717587436835039,0,0,1,0.1,1.5
2009,133,0.000157468699240601,0.000351749576990582,0.0351714402032883,0.00155756917692562,0.37758786517741,0.355336876935616,0.37758786517741,1,0.1,1.5
2009,132,0.000151841685577023,0.000377478839336895,0.0348477321081344,0.00152900435698228,0.374196256650559,0.707690214200714,0.75178412182797,1,0.1,1.5
2009,131,0.000146515921881598,0.0003706724092464,0.0345116026592087,0.00149893739085916,0.370333819263794,1.05661064216652,1.12211794109176,1,0.1,1.5
2009,130,0.00014149865906934,0.000363329095772788,0.0341616303128396,0.00146873430959222,0.366325845233964,1.40195456869202,1.48844378632573,1,0.1,1.5
2009,129,0.000136750235990154,0.000355929702231881,0.0337959171985506,0.00143835388780964,0.362157548514814,1.74356420452384,1.85060133484054,1,0.1,1.5
2009,128,0.000132231556919646,0.000348452828810206,0.0334112666703745,0.00140768245220363,0.357795098680321,2.08124955388697,2.20839643352086,1,0.1,1.5
2009,127,0.000127901810290195,0.000340860993336764,0.0330034422592168,0.00137656876889867,0.353193568526187,2.41477785428603,2.56159000204705,1,0.1,1.5
2009,126,0.000123720720195679,0.000333090035158328,0.0325654114035981,0.00134475445267269,0.348278272763019,2.74384534915373,2.90986827481007,1,0.1,1.5
2009,125,0.000119639214928724,0.00032508218839861,0.0320904684888029,0.00131200732027921,0.342978227966908,3.06808061540236,3.25284650277698,1,0.1,1.5
2009,124,0.000115618214799231,0.000316690466628955,0.0315626938211483,0.00127773561263248,0.337124287582388,3.38695153709,3.58997079035936,1,0.1,1.5
2009,123,0.000111579602478561,0.000307904380778498,0.0309792773564025,0.00124189891564795,0.330687616854147,3.69989774086346,3.92065840721351,1,0.1,1.5
2009,122,0.00010752209555898,0.000298361681845004,0.0303014683455763,0.00120303868053599,0.323256248536052,4.00596772253471,4.24391465574956,1,0.1,1.5
2009,121,0.00010328346784524,0.000289042130351537,0.0296270783262483,0.00116510719382152,0.315874448694393,4.30519778274594,4.55978910444396,1,0.1,1.5
2009,120,9.93221297968307e-05,0.00028136600400034,0.0291042994901273,0.00113382561187783,0.310120378435587,4.59912065244042,4.86990948287954,1,0.1,1.5
2009,119,9.62260267864903e-05,0.000275291116345953,0.0287346022456162,0.00110901598681079,0.306006169830015,4.88928373674456,5.17591565270956,1,0.1,1.5
2009,118,9.39093157359198e-05,0.000270753212337327,0.0285169977347109,0.00109041191457712,0.30351742874636,5.17722385242554,5.47943308145592,1,0.1,1.5
2009,117,9.22954497642281e-05,0.000267644906174083,0.0284456809745966,0.00107757381095386,0.302588700692605,5.46441864153308,5.78202178214852,1,0.1,1.5
2009,116,9.13096760748181e-05,0.000265826741785631,0.0285110341706839,0.00106993364199557,0.303114248556301,5.75224812377516,6.08513603070482,1,0.1,1.5
2009,115,9.08799205917309e-05,0.000265091598375455,0.0286956120109487,0.00106665188259068,0.304905506743979,6.04191574648213,6.3900415374488,1,0.1,1.5
2009,114,9.09181511776128e-05,0.000265229780957046,0.028980900182283,0.00106687975495447,0.307763051089677,6.33443765821532,6.69780458853848,1,0.1,1.5
2009,113,9.13426677909883e-05,0.000265874378700037,0.0293301341354437,0.00106913749472563,0.311294373035092,6.63045863846861,7.00909896157357,1,0.1,1.5
2009,112,9.20091095629163e-05,0.000266836993137922,0.0297248158188177,0.00107266498708313,0.31530165305569,6.93043650599455,7.32440061462926,1,0.1,1.5
2009,111,9.28453480993618e-05,0.00026745883334304,0.0300923718942771,0.00107481320024395,0.319014678464133,7.23409671016948,7.6434152930934,1,0.1,1.5
2009,110,9.35740399939811e-05,0.000268721706220864,0.0305440203861531,0.00107952706187051,0.323611618786648,7.54228651378655,7.96702691188004,1,0.1,1.5
2009,109,9.46190478656791e-05,0.000272428264706897,0.0312916026552514,0.00109404058308271,0.331332539751722,7.85798990235138,8.29835945163177,1,0.1,1.5
2009,108,9.68099325605506e-05,0.000278661784130417,0.0323580077593038,0.00111867329275017,0.34241228242867,8.18442113774076,8.64077173406044,1,0.1,1.5
2009,107,0.000100297303143751,0.000287469414186022,0.033764124969793,0.00115359768266711,0.357062775603797,8.52500394644931,8.99783450966423,1,0.1,1.5
2009,106,0.000105278796428683,0.000298819132447232,0.0355239915744596,0.00119866630040506,0.375422097224855,8.88330223938267,9.37325660688909,1,0.1,1.5
2009,105,0.00011200539294908,0.000312560403176846,0.0376400452832249,0.00125325416819906,0.397504358100256,9.26290296650865,9.77076096498934,1,0.1,1.5
2009,104,0.000120785541874898,0.000328381174183737,0.0400974041262366,0.00131608712893441,0.42313962139785,9.66724134320744,10.1939005863872,1,0.1,1.5
2009,103,0.00013198617346202,0.000345759793583396,0.0428566921677542,0.00138505074085255,0.45189894955072,10.0993538536031,10.6457995359379,1,0.1,1.5
2009,102,0.000146022023884342,0.000363941685844934,0.0458487485590685,0.00145709958211623,0.483039958781004,10.5615781040682,11.1288394947189,1,0.1,1.5
2009,101,0.000163340102769242,0.000381910410067308,0.0489672372980674,0.00152814541041283,0.515431019203376,11.0551784745514,11.6442705139223,1,0.1,1.5
2009,100,0.000184356430157904,0.000398502105003307,0.0520782545877286,0.00159352027629051,0.547655046589669,11.5800689457655,12.191925560512,1,0.1,1.5
2009,99,0.000209462986364965,0.000412325347660757,0.0550040891617569,0.00164766157710456,0.577841809615152,12.1343727328505,12.7697673701271,1,0.1,1.5
2009,98,0.00023869867776749,0.000422816400021988,0.0576604502443621,0.00168833178060726,0.605110824332932,12.7153645317462,13.37487819446,1,0.1,1.5
2009,97,0.000273545078180885,0.000428800087952156,0.0598639940473553,0.00171086702997474,0.627551262309597,13.3184748364848,14.0024294567696,1,0.1,1.5
2009,96,0.000315752856364506,0.00042835588385687,0.061296846854919,0.00170765809235745,0.641857644897108,13.9359373657768,14.6442871016668,1,0.1,1.5
2009,95,0.00036499349100484,0.000421793476055512,0.0619272329873181,0.00168001606479094,0.647733823124753,14.5596709594045,15.2920209247915,1,0.1,1.5
2009,94,0.000419058236425454,0.000414361859799912,0.062471279234897,0.00164890162943555,0.65269152066795,15.1888067425091,15.9447124454595,1,0.1,1.5
2009,93,0.000482448475944876,0.000406538936539127,0.0629943291547691,0.00161622375396286,0.657419224001276,15.8231370557395,16.6021316694607,1,0.1,1.5
2009,92,0.00060299185065275,0.000398354360584254,0.0634957685033012,0.00158210333916074,0.661944699479681,16.4624802789454,17.2640763689404,1,0.1,1.5
2009,91,0.000790773523234668,0.000389826152796867,0.0639759135305262,0.00154661475464838,0.666279075677031,17.1066648581275,17.9303554446174,1,0.1,1.5
2009,90,0.0010414617850305,0.000380966651348885,0.0644351887271418,0.00150980967617145,0.670424571301186,17.7555207197691,18.6007800159186,1,0.1,1.5
2009,89,0.00134841444488856,0.000371789457978152,0.064874390864726,0.00147174470866866,0.674385670599853,18.4088814659594,19.2751656865185,1,0.1,1.5
2009,88,0.00170280607384191,0.000362309053073393,0.065294656447612,0.00143247982611221,0.678168856571971,19.0665863250155,19.9533345430905,1,0.1,1.5
2009,87,0.00209388679772291,0.000352521021646885,0.0656937305055639,0.00139200030738646,0.681744158480872,19.7284447648194,20.6350787015713,1,0.1,1.5
2009,86,0.00252911276352324,0.000342426253913352,0.0660686233470986,0.00135031271319738,0.685086752802907,20.3942413360052,21.3201654543742,1,0.1,1.5
2009,85,0.00302291307004381,0.00033204737786641,0.0664198253735899,0.00130750943618335,0.688212709125783,21.0637753388998,22.0083781635,1,0.1,1.5
2009,84,0.00357226601493947,0.00032139968019787,0.0667476909788369,0.00126365372235651,0.691124613300638,21.7368477561667,22.6995027768007,1,0.1,1.5
2009,83,0.00417217271569693,0.000310499381900583,0.0670529218880481,0.0012188123776487,0.693827266571599,22.4132634173434,23.3933300433723,1,0.1,1.5
2009,82,0.00481565734026768,0.000299363402011276,0.0673365717311442,0.00117305479919929,0.696327715261247,23.0928332069018,24.0896577586335,1,0.1,1.5
2009,81,0.00549378725136755,0.000288009035990415,0.0676000303025067,0.00112645167443873,0.698635084996912,23.775376125121,24.7882928436304,1,0.1,1.5
2009,80,0.00617346163419549,0.000276444949556282,0.0678442899555622,0.00107903982206796,0.700737844741619,24.4606991152616,25.489030688372,1,0.1,1.5
2009,79,0.00684460455639497,0.000264690784514215,0.0680714054021954,0.0010308988949335,0.702651158641838,25.148623146833,26.1916818470139,1,0.1,1.5
2009,78,0.00751361466098227,0.000252771889498274,0.0682842784302072,0.000982130350566681,0.704410013217233,25.8390027264707,26.8960918602311,1,0.1,1.5
2009,77,0.00816621169751122,0.000240704450011233,0.0684854021445583,0.000932799465922329,0.706030913733403,26.5317079335481,27.6021227739645,1,0.1,1.5
2009,76,0.0087871703769529,0.000228503374823905,0.0686773809666676,0.000882966215285965,0.707530760075064,27.2266248905476,28.3096535340396,1,0.1,1.5
2009,75,0.00936087758225378,0.00021616377445568,0.0688567751623354,0.000832614051578524,0.708864460873868,27.9235948649704,29.0185179949134,1,0.1,1.5
2009,74,0.00990134123530219,0.000203689100829035,0.0690196290706902,0.000781759310811649,0.710002066026513,28.6224289408424,29.72852006094,1,0.1,1.5
2009,73,0.0104302392195847,0.000191101788814655,0.0691675886883082,0.000730491353909857,0.710975988354426,29.3229693384267,30.4394960492944,1,0.1,1.5
2009,72,0.010943330463636,0.000178414807833443,0.0693013578620612,0.000678862751437219,0.711791319647617,30.0250626187681,31.151287368942,1,0.1,1.5
2009,71,0.0114363299740136,0.000165640769887544,0.0694216677244493,0.000626924529605982,0.712453369634701,30.7285599236941,31.8637407385767,1,0.1,1.5
2009,70,0.0119049406274879,0.000152791886232246,0.0695292695925582,0.000574726001469275,0.712967613322457,31.433317165567,32.5767083518992,1,0.1,1.5
2009,69,0.0123448861905648,0.000139879930326029,0.0696249271994574,0.000522314624248085,0.713339632914136,32.1391951609919,33.2900479848133,1,0.1,1.5
2009,68,0.0127519454795913,0.000126916208516277,0.0697094086193295,0.000469735888383744,0.713575057956049,32.8460597062568,34.0036230427693,1,0.1,1.5
2009,67,0.0131219875903563,0.000113911538811837,0.0697834779286025,0.000417033239621634,0.713679504109928,33.5537815926578,34.7173025468793,1,0.1,1.5
2009,66,0.0134510081719988,0.000100876239033607,0.0698478874094478,0.000364248038752749,0.7136585186769,34.262236567924,35.4309610655562,1,0.1,1.5
2009,65,0.0137351630507112,8.78201169255366e-05,0.0699033649459857,0.000311419532377669,0.713517476458791,34.9713051939202,36.144478542015,1,0.1,1.5
2009,64,0.0139708242108946,7.47520760382525e-05,0.0699501859376901,0.000258583524864085,0.713257313299748,35.6808684568648,36.8577358553147,1,0.1,1.5
2009,63,0.0141566193856268,6.16807459472703e-05,0.0699882239966336,0.000205774812784392,0.712876433865527,36.3908052505477,37.5706122891802,1,0.1,1.5
2009,62,0.0142935557971787,4.86151386396341e-05,0.0700175861063624,0.000153029443299577,0.712377184552419,37.1009963001958,38.2829894737326,1,0.1,1.5
2009,61,0.0143819976631218,3.55639990006431e-05,0.070038295299318,0.000100382409219269,0.711760625842686,37.811322891621,38.9947500995753,1,0.1,1.5
2009,60,0.014422593205688,2.25359657176684e-05,0.070050332465107,4.78682369050914e-05,0.711027578401159,38.5216666380664,39.7057776779765,1,0.1,1.5
2009,59,0.0144162531860736,9.53959402812539e-06,0.0700536393543518,4.48482212235448e-06,0.710306693828644,39.2319092630076,40.4160843718051,1,0.1,1.5
2009,58,0.014364130186679,4.00853244164705e-07,0.0700519413209612,0,0.710099508533173,39.9420087715408,41.1261838803383,1,0.1,1.5
2009,57,0.0142675880575216,4.60755130122971e-10,0.0700561082569739,0,0.710072812548971,40.6520815840897,41.8362566928873,1,0.1,1.5
2009,56,0.0141281581999049,2.10964581684009e-12,0.0700664155444311,0,0.710082927598677,41.3621645116884,42.546339620486,1,0.1,1.5
2009,55,0.0139511180168428,7.06619699263608e-15,0.0700875963246625,0,0.710176708591258,42.0723412202797,43.2565163290772,1,0.1,1.5
2009,54,0.0137134382863921,6.11134220765707e-18,0.0705121792957409,0,0.714264085148337,42.786605305428,43.9707804142256,1,0.1,1.5
2009,53,0.0115438072833821,1.40341027259921e-20,0.0704048744858561,0,0.711744616380816,43.4983499218088,44.6825250306064,1,0.1,1.5
2009,52,0.230876145667642,2.1329842469453e-23,1.25650505438189,0,12.718967974264,56.2173178960729,57.4014930048704,20,0.1,1.5
2009,51,0.230876145667642,4.98945343336922e-80,1.06413999153305,0,10.7953173457756,67.0126352418484,68.196810350646,20,0.1,1.5
2009,50,0.230876145667642,5.40973240719209e-110,1.17972387253546,0,11.9511561557996,78.9637913976481,80.1479665064456,20,0.1,1.5
2009,49,0.230876145667642,7.75843450946576e-144,1.30048723473727,0,13.1587897778178,92.1225811754658,93.3067562842634,20,0.1,1.5
2009,48,0.230876145667642,4.03362672442077e-166,1.38663792833097,0,14.0202967137548,106.142877889221,107.327052998018,20,0.1,1.5
2009,47,0.230876145667642,3.56754758476518e-168,1.39051705142589,0,14.0590879447039,120.201965833925,121.386140942722,20,0.1,1.5
2009,46,0.230876145667642,3.56754758476523e-208,1.38773865772092,0,14.0313040076542,134.233269841579,135.417444950376,20,0.1,1.5
2009,45,0.230876145667642,3.56754758476528e-248,1.38496581552757,0,14.0035755857208,148.2368454273,149.421020536097,20,0.1,1.5
2009,44,0.230876145667642,3.56754758476532e-288,1.38219851375338,0,13.9759025679789,162.212747995278,163.396923104076,20,0.1,1.5
2009,43,0.230876145667642,0,1.37943674132801,0,13.9482848437252,176.161032839004,177.345207947801,20,0.1,1.5
2009,42,0.230876145667642,0,1.37668048720327,0,13.9207223024778,190.081755141481,191.265930250279,20,0.1,1.5
2009,41,0.230876145667642,0,1.37392974035304,0,13.8932148339755,203.974969975457,205.159145084255,20,0.1,1.5
2009,40,0.230876145667642,0,1.37118448977323,0,13.8657623281774,217.840732303634,219.024907412432,20,0.1,1.5
2009,39,0.230876145667642,0,1.36844472448173,0,13.8383646752624,231.679096978897,232.863272087694,20,0.1,1.5
2009,38,0.230876145667642,0,1.36571043351838,0,13.8110217656289,245.490118744526,246.674293853323,20,0.1,1.5
2009,37,0.230876145667642,0,1.36298160594492,0,13.7837334898943,259.27385223442,260.458027343217,20,0.1,1.5
2009,36,0.230876145667642,0,1.36025823084494,0,13.7564997388945,273.030351973314,274.214527082112,20,0.1,1.5
2009,35,0.230876145667642,0,1.35754029732385,0,13.7293204036836,286.759672376998,287.943847485796,20,0.1,1.5
2009,34,0.230876145667642,0,1.35482779450883,0,13.7021953755334,300.461867752531,301.646042861329,20,0.1,1.5
2009,33,0.230876145667642,0,1.35212071154878,0,13.6751245459329,314.136992298464,315.321167407262,20,0.1,1.5
2009,32,0.230876145667642,0,1.34941903761427,0,13.6481078065878,327.785100105052,328.96927521385,20,0.1,1.5
2009,31,0.230876145667642,0,1.34672276189753,0,13.6211450494204,341.406245154473,342.59042026327,20,0.1,1.5
2009,30,0.230876145667642,0,1.34403187361237,0,13.5942361665688,355.000481321041,356.184656429839,20,0.1,1.5
2009,29,0.230876145667642,0,1.34134636199416,0,13.5673810503867,368.567862371428,369.752037480225,20,0.1,1.5
2009,28,0.230876145667642,0,1.33866621629977,0,13.5405795934428,382.108441964871,383.292617073668,20,0.1,1.5
2009,27,0.230876145667642,0,1.33599142580755,0,13.5138316885206,395.622273653392,396.806448762189,20,0.1,1.5
2009,26,0.230876145667642,0,1.33332197981726,0,13.4871372286177,409.109410882009,410.293585990807,20,0.1,1.5
2009,25,0.230876145667642,0,1.33065786765005,0,13.4604961069456,422.569906988955,423.754082097752,20,0.1,1.5
2009,24,0.230876145667642,0,1.32799907864839,0,13.433908216929,436.003815205884,437.187990314681,20,0.1,1.5
2009,23,0.230876145667642,0,1.32534560217607,0,13.4073734522058,449.41118865809,450.595363766887,20,0.1,1.5
2009,22,0.230876145667642,0,1.32269742761811,0,13.3808917066262,462.792080364716,463.976255473513,20,0.1,1.5
2009,21,0.230876145667642,0,1.32005454438075,0,13.3544628742526,476.146543238969,477.330718347766,20,0.1,1.5
2009,20,0.230876145667642,0,1.3174169418914,0,13.3280868493591,489.474630088328,490.658805197125,20,0.1,1.5
2009,19,0.230876145667642,0,1.31478460959859,0,13.301763526431,502.776393614759,503.960568723556,20,0.1,1.5
2009,18,0.230876145667642,0,1.31215753697194,0,13.2754928001645,516.051886414923,517.23606152372,20,0.1,1.5
2009,17,0.230876145667642,0,1.30953571350209,0,13.249274565466,529.301160980389,530.485336089186,20,0.1,1.5
2009,16,0.230876145667642,0,1.3069191287007,0,13.2231087174521,542.524269697841,543.708444806638,20,0.1,1.5
2009,15,0.230876145667642,0,1.30430777210039,0,13.196995151449,555.72126484929,556.905439958087,20,0.1,1.5
2009,14,0.230876145667642,0,1.30170163325468,0,13.1709337629919,568.892198612282,570.076373721079,20,0.1,1.5
2009,13,0.230876145667642,0,1.29910070173797,0,13.1449244478247,582.037123060107,583.221298168904,20,0.1,1.5
2009,12,0.230876145667642,0,1.29650496714548,0,13.1189671018999,595.156090162006,596.340265270804,20,0.1,1.5
2009,11,0.230876145667642,0,1.29391441909324,0,13.0930616213775,608.249151783384,609.433326892181,20,0.1,1.5
2009,10,0.230876145667642,0,1.29132904721801,0,13.0672079026252,621.316359686009,622.500534794807,20,0.1,1.5
2009,9,0.230876145667642,0,1.28874884117727,0,13.0414058422178,634.357765528227,635.541940637024,20,0.1,1.5
2009,8,0.230876145667642,0,1.28617379064917,0,13.0156553369368,647.373420865164,648.557595973961,20,0.1,1.5
2009,7,0.230876145667642,0,1.28360388533246,0,12.9899562837697,660.363377148933,661.547552257731,20,0.1,1.5
2009,6,0.230876145667642,0,1.28103911494649,0,12.96430857991,673.327685728843,674.511860837641,20,0.1,1.5
2009,5,0.230876145667642,0,1.27847946923115,0,12.9387121227566,686.2663978516,687.450572960397,20,0.1,1.5
2009,4,0.230876145667642,0,1.27592493794683,0,12.9131668099134,699.179564661513,700.363739770311,20,0.1,1.5
2009,3,0.230876145667642,0,1.27337551087438,0,12.8876725391889,712.067237200702,713.2514123095,20,0.1,1.5
2009,2,0.0115438072833821,0,0.000541074827471714,0,0.0131066197969719,712.080343820499,713.264518929297,1,0.1,1.5
2009,1,150,0,1.28559499299104,0,112.85594992991,824.936293750409,826.120468859207,99999,0.1,1.5
2010,135,0.000169535357092583,0.0365701136540418,0.0365701136540418,0,0.731515296652231,0,0,1,0.1,1.5
2010,134,0.000163364682724517,0.000358739263523278,0.0358703389596925,0.00162029251804284,0.385546727992682,0.362399692020641,0.385546727992682,1,0.1,1.5
2010,133,0.000157468699240601,0.00039290979000131,0.0355573153534994,0.00159131965278983,0.382340368464831,0.722006922588475,0.767887096457513,1,0.1,1.5
2010,132,0.000151841685577023,0.000386025877638939,0.0352264984241692,0.00156019589786195,0.378514983635065,1.07823339339694,1.14640208009258,1,0.1,1.5
2010,131,0.000146515921881598,0.000378441071807254,0.0348828858466576,0.00152897780639772,0.374553486557299,1.43094433986284,1.52095556664988,1,0.1,1.5
2010,130,0.00014149865906934,0.000370816868355784,0.0345253977272064,0.00149766522644859,0.370451695915695,1.78000081825785,1.89140726256557,1,0.1,1.5
2010,129,0.000136750235990154,0.00036314776897473,0.0341521260787832,0.00146619494813049,0.366189547417723,2.12524472355942,2.2575968099833,1,0.1,1.5
2010,128,0.000132231556919646,0.000355405141339009,0.0337598461567583,0.00143445113229815,0.361732826385084,2.46648539091167,2.61932963636838,1,0.1,1.5
2010,127,0.000127901810290195,0.000347550802158036,0.0333442841072156,0.00140228016048775,0.357036190688516,2.80348900787893,2.9763658270569,1,0.1,1.5
2010,126,0.000123720720195679,0.000339519513519755,0.0328983434756259,0.00136941956257997,0.352024246979872,3.13595011825052,3.32839007403677,1,0.1,1.5
2010,125,0.000119639214928724,0.000331252651953789,0.0324152612720238,0.00133563395238086,0.346625383750407,3.46349501696692,3.67501545778717,1,0.1,1.5
2010,124,0.000115618214799231,0.000322600807824409,0.0318789714549243,0.00130032242796536,0.340668836122573,3.78558781840427,4.01568429390975,1,0.1,1.5
2010,123,0.000111579602478561,0.000313553772719773,0.0312866541575789,0.00126344583310811,0.334125691891897,4.10166428410891,4.34980998580165,1,0.1,1.5
2010,122,0.00010752209555898,0.000303743286952448,0.0305991978688758,0.00122352295225752,0.326579992273286,4.41076537706423,4.67638997807493,1,0.1,1.5
2010,121,0.00010328346784524,0.000294167219758894,0.0299153924168711,0.00118457517115575,0.319086954456612,4.71292982907576,4.99547693253154,1,0.1,1.5
2010,120,9.93221297968307e-05,0.000286270063009461,0.0293848454631478,0.00115241515559458,0.313240443666121,5.00970719909053,5.30871737619766,1,0.1,1.5
2010,119,9.62260267864903e-05,0.000280006907866156,0.0290089827820944,0.00112685369360909,0.309051957492831,5.30266124667466,5.6177693336905,1,0.1,1.5
2010,118,9.39093157359198e-05,0.000275310510767654,0.0287867490135817,0.00110761217231215,0.306506232487015,5.59334444812864,5.92427556617751,1,0.1,1.5
2010,117,9.22954497642281e-05,0.000272069901800206,0.0287122298592376,0.0010942366212463,0.305536479642311,5.88324897603886,6.22981204581982,1,0.1,1.5
2010,116,9.13096760748181e-05,0.000270141677916748,0.0287756664777657,0.00108614334244745,0.306035288137743,6.17376793071307,6.53584733395756,1,0.1,1.5
2010,115,9.08799205917309e-05,0.000269313886631425,0.0289594054203953,0.00108247393506022,0.307811693041998,6.46611571039707,6.84365902699956,1,0.1,1.5
2010,114,9.09181511776128e-05,0.000269372236548187,0.0292447220310033,0.00108236177117405,0.310663865793073,6.76131726517337,7.15432289279263,1,0.1,1.5
2010,113,9.13426677909883e-05,0.000269943117468407,0.0295944854957115,0.00108430156062712,0.314195203538333,7.06002244641703,7.46851809633097,1,0.1,1.5
2010,112,9.20091095629163e-05,0.000270834616702162,0.0299900095840066,0.00108751977169629,0.318205778151981,7.36269222783049,7.78672387448295,1,0.1,1.5
2010,111,9.28453480993618e-05,0.000271377888394419,0.0303580659571486,0.00108932991957417,0.32191819134808,7.66904856318465,8.10864206583103,1,0.1,1.5
2010,110,9.35740399939811e-05,0.000272568982529837,0.0308108477495822,0.0010937296218947,0.326521258898659,7.9799451131991,8.43516332472969,1,0.1,1.5
2010,109,9.46190478656791e-05,0.000276234428417746,0.0315619836407565,0.00110803998605804,0.334274402714958,8.29839037325609,8.76943772744464,1,0.1,1.5
2010,108,9.68099325605506e-05,0.000282454941028848,0.0326344402817154,0.0011325690612982,0.345413050201028,8.62762386543857,9.11485077764567,1,0.1,1.5
2010,107,0.000100297303143751,0.000291274114808639,0.0340491479779628,0.00116747394474538,0.360149285007125,8.97109495123505,9.4750000626528,1,0.1,1.5
2010,106,0.000105278796428683,0.000302654766425738,0.0358201057504034,0.00121258562682354,0.378620442844342,9.33239274226763,9.85362050549714,1,0.1,1.5
2010,105,0.00011200539294908,0.000316439146081533,0.0379495948207463,0.00126724982598088,0.400838578872829,9.71512775219787,10.25445908437,1,0.1,1.5
2010,104,0.000120785541874898,0.00033230559397544,0.0404224161680576,0.00133015423231201,0.426629944633656,10.1227554935128,10.6810890290036,1,0.1,1.5
2010,103,0.00013198617346202,0.000349720283148971,0.0431986691837505,0.00139913704221296,0.455559557482917,10.5583273789641,11.1366485864865,1,0.1,1.5
2010,102,0.000146022023884342,0.000367914312387508,0.0462084385797417,0.00147109820709586,0.486876565610013,11.0241882559013,11.6235251520966,1,0.1,1.5
2010,101,0.000163340102769242,0.000385855456703881,0.0493443769269408,0.00154189073738026,0.519438227772296,11.5215994731396,12.1429633798689,1,0.1,1.5
2010,100,0.000184356430157904,0.000402365090122661,0.0524714268313424,0.00160679339625848,0.551815014876544,12.050460296641,12.6947783947454,1,0.1,1.5
2010,99,0.000209462986364965,0.000416038647752747,0.0554105041471169,0.00166019888961178,0.58212219693406,12.6088653665806,13.2769005916795,1,0.1,1.5
2010,98,0.00023869867776749,0.000426311109152036,0.0580767671444894,0.0016998687392507,0.609473754120412,13.1940552815689,13.8863743457999,1,0.1,1.5
2010,97,0.000273545078180885,0.000432004758373207,0.0602857244054443,0.00172113742530198,0.631947332527943,13.8014149365925,14.5183216783278,1,0.1,1.5
2010,96,0.000315752856364506,0.00043119808192793,0.0617176316933229,0.00171640615735503,0.646218887618966,14.4231137362493,15.1645405659468,1,0.1,1.5
2010,95,0.00036499349100484,0.00042422195095829,0.0623410442802171,0.00168707295041146,0.651997033454492,15.051009727555,15.8165375994013,1,0.1,1.5
2010,94,0.000419058236425454,0.000416369025956885,0.0628772575143323,0.00165424288678614,0.656847678800311,15.6842253651155,16.4733852782016,1,0.1,1.5
2010,93,0.000482448475944876,0.000408121327856105,0.0633920856603443,0.00161983868064642,0.661464254779964,16.3225490673148,17.1348495329815,1,0.1,1.5
2010,92,0.00060299185065275,0.000399509378396028,0.063884944761241,0.00158398465024835,0.665874888109877,16.9657956032783,17.8007244210914,1,0.1,1.5
2010,91,0.000790773523234668,0.000390551950190064,0.0643561696278353,0.00154675817898244,0.670090943543111,17.6137900014074,18.4708153646345,1,0.1,1.5
2010,90,0.0010414617850305,0.000381262085556351,0.0648061976273119,0.00150821379432342,0.674114816332847,18.2663589063927,19.1449301809674,1,0.1,1.5
2010,89,0.00134841444488856,0.000371654071746947,0.0652358396028067,0.00146841086089369,0.677951177721562,18.9233327861015,19.8228813586889,1,0.1,1.5
2010,88,0.00170280607384191,0.000361743047058786,0.0656462469384953,0.00142741198575618,0.681606703701286,19.5845478900063,20.5044880623902,1,0.1,1.5
2010,87,0.00209388679772291,0.000351525287063085,0.0660351612093599,0.00138520535410855,0.685051437411882,20.2498106795024,21.1895394998021,1,0.1,1.5
2010,86,0.00252911276352324,0.000341002440838478,0.0663995946630632,0.00134180067515981,0.688260627288411,20.9189027257171,21.8778001270905,1,0.1,1.5
2010,85,0.00302291307004381,0.000330197832824501,0.0667400607500984,0.00129729306242052,0.691250619243837,21.5916205869263,22.5690507463344,1,0.1,1.5
2010,84,0.00357226601493947,0.000319127427391106,0.0670569296403281,0.00125174845500155,0.694024202139555,22.2677626682801,23.2630749484739,1,0.1,1.5
2010,83,0.00417217271569693,0.00030780808823118,0.0673509196902714,0.00120523619482125,0.696586386188175,22.9471313945423,23.9596613346621,1,0.1,1.5
2010,82,0.00481565734026768,0.000296257333819934,0.0676231017737709,0.00115782802533373,0.698944429664664,23.629535423845,24.6586057643268,1,0.1,1.5
2010,81,0.00549378725136755,0.000284493008969586,0.0678748832180861,0.00110959676483042,0.701107669459522,24.3147917109498,25.3597134337863,1,0.1,1.5
2010,80,0.00617346163419549,0.000272524405012554,0.0681072654820836,0.00106058174357938,0.703064707725845,25.0027052509103,26.0627781415121,1,0.1,1.5
2010,79,0.00684460455639497,0.000260371631578518,0.0683223229853886,0.00101086438128156,0.704830935606528,25.6930952667842,26.7676090771186,1,0.1,1.5
2010,78,0.00751361466098227,0.000248060306536653,0.0685229825900058,0.000960547027246739,0.706441605795319,26.3858147721903,27.474050682914,1,0.1,1.5
2010,77,0.00816621169751122,0.000235606910980695,0.0687117534708244,0.000909696027615457,0.707913402487089,27.08073251714,28.1819640854011,1,0.1,1.5
2010,76,0.0087871703769529,0.00022302658756973,0.0688912547823924,0.000858372176282839,0.70926338694544,27.7777334444243,28.8912274723465,1,0.1,1.5
2010,75,0.00936087758225378,0.000210315150639188,0.0690580429977138,0.000806561856077957,0.71044647876805,28.4766576109626,29.6016739511145,1,0.1,1.5
2010,74,0.00990134123530219,0.000197476718711203,0.069208166935486,0.000754284112624677,0.71143281802205,29.1773149416615,30.3131067691366,1,0.1,1.5
2010,73,0.0104302392195847,0.000184533856365611,0.0693432947679168,0.000701628630167689,0.712255045201134,29.8795467207174,31.0253618143377,1,0.1,1.5
2010,72,0.010943330463636,0.000171499835937639,0.0694641434141343,0.000648649096736585,0.712918401810809,30.5831987068605,31.7382802161485,1,0.1,1.5
2010,71,0.0114363299740136,0.000158387540100371,0.0695714566900784,0.000595397523516613,0.713428341191844,31.288121369145,32.4517085573404,1,0.1,1.5
2010,70,0.0119049406274879,0.000145209419229641,0.0696659981659662,0.00054192407951109,0.713790475501395,31.9941700720819,33.1654990328418,1,0.1,1.5
2010,69,0.0123448861905648,0.000131977455365282,0.0697485433627995,0.000488276953605425,0.714010517360197,32.7012052043906,33.879509550202,1,0.1,1.5
2010,68,0.0127519454795913,0.000118703134181099,0.0698198716505635,0.000434502249422357,0.714094219825588,33.4090922492244,34.5936037700276,1,0.1,1.5
2010,67,0.0131219875903563,0.000105397425293527,0.069880757890715,0.000380643914180385,0.714047315089567,34.1177017941114,35.3076510851171,1,0.1,1.5
2010,66,0.0134510081719988,9.20707720785232e-05,0.069931964630395,0.000326743705665372,0.713875460029859,34.8269094869175,36.021526545147,1,0.1,1.5
2010,65,0.0137351630507112,7.87330842636725e-05,0.0699742294925855,0.000272841173591068,0.713584132186934,35.5365958880531,36.7351106773339,1,0.1,1.5
2010,64,0.0139708242108946,6.53934019764037e-05,0.0700078368003124,0.000218972577354416,0.713174364506643,36.2466420728833,37.4482850418406,1,0.1,1.5
2010,63,0.0141566193856268,5.20605106555708e-05,0.07003266887743,0.000165173251908898,0.712644658022353,36.9569271130212,38.1609296998629,1,0.1,1.5
2010,62,0.0142935557971787,3.87435122112906e-05,0.0700488417085766,0.000111479505753816,0.71199745377391,37.6673320024272,38.8729271536368,1,0.1,1.5
2010,61,0.0143819976631218,2.54512422948236e-05,0.0700563870720929,5.79265997091103e-05,0.711233904438946,38.3777383840132,39.5841610580758,1,0.1,1.5
2010,60,0.014422593205688,1.21924188834495e-05,0.0700552944910867,9.12798256748619e-06,0.710420330987791,39.08802831525,40.2945813890636,1,0.1,1.5
2010,59,0.0144162531860736,1.21660147086987e-06,0.070047755195947,0,0.710100553431561,39.7981288686816,41.0046819424951,1,0.1,1.5
2010,58,0.014364130186679,4.00853244164705e-09,0.0700449361268291,0,0.710025488144735,40.5081543568263,41.7147074306399,1,0.1,1.5
2010,57,0.0142675880575216,4.60755130122972e-12,0.0700491026461482,0,0.710002751879238,41.2181571087055,42.4247101825191,1,0.1,1.5
2010,56,0.0141281581999049,2.10964581684009e-14,0.0700594089028766,0,0.710012861162247,41.9281699698678,43.1347230436814,1,0.1,1.5
2010,55,0.0139511180168428,7.06619699263608e-17,0.0700805875650301,0,0.710106620994863,42.6382765908626,43.8448296646762,1,0.1,1.5
2010,54,0.0137134382863921,6.11134220765707e-20,0.0705051280778113,0,0.714193572969042,43.3524701638317,44.5590232376453,1,0.1,1.5
2010,53,0.0115438072833821,1.40341027259921e-22,0.0703978339984075,0,0.71167421150633,44.064144375338,45.2706974491516,1,0.1,1.5
2010,52,0.230876145667642,2.1329842469453e-25,1.25637940387646,0,12.7177114692096,56.7818558445477,57.9884089183612,20,0.1,1.5
2010,51,0.230876145667642,4.98945343336923e-82,1.06403357753389,0,10.794253205784,67.5761090503317,68.7826621241453,20,0.1,1.5
2010,50,0.230876145667642,5.40973240719209e-112,1.1796059001482,0,11.9499764319271,79.5260854822588,80.7326385560724,20,0.1,1.5
2010,49,0.230876145667642,7.75843450946577e-146,1.30035718601379,0,13.157489290583,92.6835747728418,93.8901278466554,20,0.1,1.5
2010,48,0.230876145667642,4.03362672442078e-168,1.38649926453813,0,14.0189100758264,106.702484848668,107.909037922482,20,0.1,1.5
2010,47,0.230876145667642,3.56754758476519e-170,1.39037799972074,0,14.0576974276525,120.760182276321,121.966735350134,20,0.1,1.5
2010,46,0.230876145667642,3.56754758476523e-210,1.38759988385514,0,14.0299162689965,134.790098545317,135.996651619131,20,0.1,1.5
2010,45,0.230876145667642,3.56754758476528e-250,1.38482731894602,0,14.0021906199053,148.792289165223,149.998842239036,20,0.1,1.5
2010,44,0.230876145667642,3.56754758476532e-290,1.382060293902,0,13.9745203694651,162.766809534688,163.973362608501,20,0.1,1.5
2010,43,0.230876145667642,0,1.37929879765388,0,13.9469054069839,176.713714941672,177.920268015485,20,0.1,1.5
2010,42,0.230876145667642,0,1.37654281915455,0,13.9193456219906,190.633060563662,191.839613637476,20,0.1,1.5
2010,41,0.230876145667642,0,1.37379234737901,0,13.8918409042352,204.524901467897,205.731454541711,20,0.1,1.5
2010,40,0.230876145667642,0,1.37104737132425,0,13.8643911436876,218.389292611585,219.595845685399,20,0.1,1.5
2010,39,0.230876145667642,0,1.36830788000928,0,13.8369962305379,232.226288842123,233.432841915936,20,0.1,1.5
2010,38,0.230876145667642,0,1.36557386247503,0,13.8096560551953,246.035944897318,247.242497971132,20,0.1,1.5
2010,37,0.230876145667642,0,1.36284530778432,0,13.7823705082883,259.818315405606,261.02486847942,20,0.1,1.5
2010,36,0.230876145667642,0,1.36012220502185,0,13.7551394806636,273.57345488627,274.780007960084,20,0.1,1.5
2010,35,0.230876145667642,0,1.35740454329412,0,13.7279628633863,287.301417749656,288.50797082347,20,0.1,1.5
2010,34,0.230876145667642,0,1.35469231172938,0,13.7008405477389,301.002258297395,302.208811371209,20,0.1,1.5
2010,33,0.230876145667642,0,1.35198549947762,0,13.6737724252213,314.676030722617,315.88258379643,20,0.1,1.5
2010,32,0.230876145667642,0,1.34928409571051,0,13.6467583875502,328.322789110167,329.52934218398,20,0.1,1.5
2010,31,0.230876145667642,0,1.34658808962134,0,13.6197983266585,341.942587436825,343.149140510639,20,0.1,1.5
2010,30,0.230876145667642,0,1.34389747042501,0,13.5928921346952,355.535479571521,356.742032645334,20,0.1,1.5
2010,29,0.230876145667642,0,1.34121222735796,0,13.5660397040247,369.101519275545,370.308072349359,20,0.1,1.5
2010,28,0.230876145667642,0,1.33853234967814,0,13.5392409272265,382.640760202772,383.847313276585,20,0.1,1.5
2010,27,0.230876145667642,0,1.33585782666497,0,13.5124956970948,396.153255899867,397.35980897368,20,0.1,1.5
2010,26,0.230876145667642,0,1.33318864761928,0,13.4858039066379,409.639059806505,410.845612880318,20,0.1,1.5
2010,25,0.230876145667642,0,1.33052480186328,0,13.4591654490779,423.098225255583,424.304778329396,20,0.1,1.5
2010,24,0.230876145667642,0,1.32786627874053,0,13.4325802178504,436.530805473433,437.737358547246,20,0.1,1.5
2010,23,0.230876145667642,0,1.32521306761585,0,13.4060481066036,449.936853580037,451.14340665385,20,0.1,1.5
2010,22,0.230876145667642,0,1.32256515787535,0,13.3795690091986,463.316422589235,464.522975663048,20,0.1,1.5
2010,21,0.230876145667642,0,1.31992253892631,0,13.3531428197082,476.669565408943,477.876118482757,20,0.1,1.5
2010,20,0.230876145667642,0,1.31728520019721,0,13.3267694324172,489.996334841361,491.202887915174,20,0.1,1.5
2010,19,0.230876145667642,0,1.31465313113763,0,13.3004487418214,503.296783583182,504.503336656995,20,0.1,1.5
2010,18,0.230876145667642,0,1.31202632121824,0,13.2741806426275,516.57096422581,517.777517299623,20,0.1,1.5
2010,17,0.230876145667642,0,1.30940475993074,0,13.2479650297525,529.818929255562,531.025482329375,20,0.1,1.5
2010,16,0.230876145667642,0,1.30678843678783,0,13.2218017983234,543.040731053885,544.247284127699,20,0.1,1.5
2010,15,0.230876145667642,0,1.30417734132318,0,13.1956908436769,556.236421897562,557.442974971376,20,0.1,1.5
2010,14,0.230876145667642,0,1.30157146309135,0,13.1696320613586,569.406053958921,570.612607032734,20,0.1,1.5
2010,13,0.230876145667642,0,1.29897079166779,0,13.143625347123,582.549679306044,583.756232379857,20,0.1,1.5
2010,12,0.230876145667642,0,1.29637531664876,0,13.1176705969327,595.667349902977,596.87390297679,20,0.1,1.5
2010,11,0.230876145667642,0,1.29378502765133,0,13.0917677069584,608.759117609935,609.965670683748,20,0.1,1.5
2010,10,0.230876145667642,0,1.29119991431329,0,13.065916573578,621.825034183513,623.031587257326,20,0.1,1.5
2010,9,0.230876145667642,0,1.28861996629316,0,13.0401170933767,634.86515127689,636.071704350703,20,0.1,1.5
2010,8,0.230876145667642,0,1.2860451732701,0,13.0143691631461,647.879520440036,649.086073513849,20,0.1,1.5
2010,7,0.230876145667642,0,1.28347552494392,0,12.9886726798843,660.86819311992,662.074746193733,20,0.1,1.5
2010,6,0.230876145667642,0,1.28091101103499,0,12.963027540795,673.831220660715,675.037773734528,20,0.1,1.5
2010,5,0.230876145667642,0,1.27835162128423,0,12.9374336432873,686.768654304002,687.975207377816,20,0.1,1.5
2010,4,0.230876145667642,0,1.27579734545304,0,12.9118908849755,699.680545188978,700.887098262791,20,0.1,1.5
2010,3,0.230876145667642,0,1.2732481733233,0,12.886399163678,712.566944352656,713.773497426469,20,0.1,1.5
2010,2,0.0115438072833821,0,0.000541020719988967,0,0.0131060787221444,712.580050431378,713.786603505191,1,0.1,1.5
2010,1,150,0,1.28546643349175,0,112.854664334917,825.434714766295,826.641267840109,99999,0.1,1.5
2011,136,0.000175981314314298,0.0372611978677716,0.0372611978677716,0,0.745341278231642,0,0,1,0.1,1.5
2011,135,0.000169535357092583,0.000365701136540418,0.0365664566426764,0.00168382109266977,0.393489188401703,0.369434601363563,0.393489188401703,1,0.1,1.5
2011,134,0.000163364682724517,0.000408660522145943,0.0362718250553073,0.00165479958524432,0.390553759637934,0.736348366926578,0.784042948039637,1,0.1,1.5
2011,133,0.000157468699240601,0.000401759011097471,0.0359515895351615,0.00162282208997937,0.386821637309408,1.099986831522,1.17086458534904,1,0.1,1.5
2011,132,0.000151841685577023,0.000393909233241877,0.0356130247487923,0.00159049342192799,0.382891902209697,1.46015739913272,1.55375648755874,1,0.1,1.5
2011,131,0.000146515921881598,0.000386028862317502,0.0352616420096724,0.00155812256671317,0.378833279811341,1.81673178513387,1.93258976737008,1,0.1,1.5
2011,130,0.00014149865906934,0.000378124475295706,0.0348963614940458,0.0015256801471573,0.37463462280647,2.16957097726667,2.30722439017655,1,0.1,1.5
2011,129,0.000136750235990154,0.000370180214722369,0.0345152596032079,0.00149310153066669,0.370275586869963,2.51851654226997,2.67749997704652,1,0.1,1.5
2011,128,0.000132231556919646,0.000362166834487927,0.0341150829552172,0.00146026906771812,0.365721638950018,2.8633771945383,3.04322161599654,1,0.1,1.5
2011,127,0.000127901810290195,0.000354045548143519,0.0336915197189268,0.00142702687240568,0.360927018721454,3.20391811508253,3.40414863471799,1,0.1,1.5
2011,126,0.000123720720195679,0.000345750085780191,0.0332374085319233,0.00139310860086308,0.355815618098067,3.53983218173969,3.75996425281606,1,0.1,1.5
2011,125,0.000119639214928724,0.000337221014614753,0.0327459282339918,0.00135827588533068,0.350315193181694,3.87074343370238,4.11027944599775,1,0.1,1.5
2011,124,0.000115618214799231,0.000328306615069584,0.0322008641647701,0.00132191921082269,0.344253346762873,4.19611222031064,4.45453279276062,1,0.1,1.5
2011,123,0.000111579602478561,0.000318996996004226,0.0315993869504401,0.00128400082814073,0.337601094839535,4.51537044617674,4.79213388760016,1,0.1,1.5
2011,122,0.00010752209555898,0.000308918170933904,0.0309020186871532,0.00124301818427478,0.329938452610408,4.82755149615465,5.12207234021056,1,0.1,1.5
2011,121,0.00010328346784524,0.000299085464986527,0.0302085446704183,0.00120305861704292,0.32233170867132,5.13269665315392,5.44440404888189,1,0.1,1.5
2011,120,9.93221297968307e-05,0.000290966489528739,0.0296700107675001,0.00117002114657485,0.316390575131699,5.43237264047741,5.76079462401358,1,0.1,1.5
2011,119,9.62260267864903e-05,0.000284513492480935,0.0292877953072185,0.00114370483259278,0.312125879147129,5.72815987915893,6.07292050316071,1,0.1,1.5
2011,118,9.39093157359198e-05,0.000279656148185715,0.0290607733817583,0.00112381851143229,0.30952145167325,6.02162678066886,6.38244195483396,1,0.1,1.5
2011,117,9.22954497642281e-05,0.000276279854329577,0.0289829177915632,0.00110989369021875,0.308509130904753,6.31428028742763,6.69095108573872,1,0.1,1.5
2011,116,9.13096760748181e-05,0.00027423725239103,0.0290443247467298,0.0011013310483196,0.308979793798872,6.60752678053622,6.99993087953759,1,0.1,1.5
2011,115,9.08799205917309e-05,0.000273311622631369,0.0292271279636183,0.00109725367978296,0.310740035044552,6.90259176301245,7.31067091458214,1,0.1,1.5
2011,114,9.09181511776128e-05,0.000273284165158995,0.0295123880015938,0.00109677757310224,0.31358558481263,7.20050909678076,7.62425649939477,1,0.1,1.5
2011,113,9.13426677909883e-05,0.000273774821331464,0.0298626014373187,0.00109837311659827,0.317115702221195,7.50193375447912,7.94137220161597,1,0.1,1.5
2011,112,9.20091095629163e-05,0.000274588289091095,0.0302588905259722,0.00110125396469526,0.321128327052655,7.80732988203613,8.26250052866862,1,0.1,1.5
2011,111,9.28453480993618e-05,0.000275046258777486,0.0306273626304465,0.00110269890249824,0.324838827255233,8.1164158678271,8.58733935592385,1,0.1,1.5
2011,110,9.35740399939811e-05,0.000276158095298973,0.0310811990702809,0.00110675399378599,0.329446725688928,8.43005182217623,8.91678608161278,1,0.1,1.5
2011,109,9.46190478656791e-05,0.000279772340798687,0.031835837438907,0.00112081901622777,0.337230877394125,8.75127099933853,9.25401695900691,1,0.1,1.5
2011,108,9.68099325605506e-05,0.000285966814734839,0.0329143191030118,0.00114518916276738,0.348427244314897,9.08333839847104,9.60244420332181,1,0.1,1.5
2011,107,0.000100297303143751,0.000294781227334432,0.0343376115493513,0.00118000480650226,0.363248004157081,9.42972919110666,9.96569220747889,1,0.1,1.5
2011,106,0.000105278796428683,0.000306172954370143,0.0361196701465343,0.00122507429356061,0.38182967820991,9.79405780797999,10.3475218856888,1,0.1,1.5
2011,105,0.00011200539294908,0.000319976847956035,0.0382626123177595,0.00127971340317643,0.404182181964499,10.1799583698991,10.7517040676533,1,0.1,1.5
2011,104,0.000120785541874898,0.000335861614017757,0.0407509124845188,0.00134257175768385,0.430127861218289,10.5909066345791,11.1818319288716,1,0.1,1.5
2011,103,0.00013198617346202,0.000353281463384729,0.0435441335773854,0.00141144135089639,0.459225589059958,11.0299687757691,11.6410575179315,1,0.1,1.5
2011,102,0.000146022023884342,0.00037145369489784,0.0465715922876577,0.00148317004495823,0.490715951340881,11.4994965836105,12.1317734692724,1,0.1,1.5
2011,101,0.000163340102769242,0.000389331238912105,0.0497249151735931,0.00155355643376505,0.523445020866399,12.0007479411374,12.6552184901388,1,0.1,1.5
2011,100,0.000184356430157904,0.000405721999965846,0.0528678780377239,0.00161783181925335,0.55597078779586,12.5336068458011,13.2111892779347,1,0.1,1.5
2011,99,0.000209462986364965,0.000419210108880472,0.0558200128191051,0.00167035231834668,0.586394047247147,13.0961387170719,13.7975833251818,1,0.1,1.5
2011,98,0.00023869867776749,0.000429230295904195,0.0584959266525877,0.00170888293810749,0.613823315338299,13.6855494190086,14.4114066405201,1,0.1,1.5
2011,97,0.000273545078180885,0.000434604403909228,0.0607099801893292,0.0017287654962742,0.636324859264613,14.2971776283265,15.0477314997847,1,0.1,1.5
2011,96,0.000315752856364506,0.000433413520158037,0.0621405614694923,0.00172242693673394,0.650556350896946,14.9231278801272,15.6982878506817,1,0.1,1.5
2011,95,0.00036499349100484,0.000426010457112447,0.062756578413392,0.00169135497943606,0.656231431690991,15.5551970978263,16.3545192823727,1,0.1,1.5
2011,94,0.000419058236425454,0.000417724411956104,0.0632845305102774,0.00165676784861434,0.660970033503014,16.1924990192062,17.0154893158757,1,0.1,1.5
2011,93,0.000482448475944876,0.000409040883440166,0.0637907061219399,0.00162059918463183,0.665470519294409,16.8348181215773,17.6809598351701,1,0.1,1.5
2011,92,0.00060299185065275,0.000399991256346047,0.064274552429327,0.00158297668335168,0.669761384043142,17.4819655530012,18.3507212192132,1,0.1,1.5
2011,91,0.000790773523234668,0.00039059506424751,0.0647364235556181,0.00154398076221989,0.673854236579192,18.1337629215486,19.0245754557924,1,0.1,1.5
2011,90,0.0010414617850305,0.000380866069436419,0.06517677045613,0.00150366884977269,0.677751656680533,18.790033594661,19.702327112473,1,0.1,1.5
2011,89,0.00134841444488856,0.000370819255940892,0.0655964187340698,0.00146210310051303,0.681458510013552,19.4506049175244,20.3837856224865,1,0.1,1.5
2011,88,0.00170280607384191,0.000360470426909634,0.0659965353102405,0.00141934876691637,0.684981672376678,20.1153101789451,21.0687672948632,1,0.1,1.5
2011,87,0.00209388679772291,0.000349816591397768,0.0663748590317661,0.00137539710521748,0.68829121083799,20.7839528597085,21.7570585057012,1,0.1,1.5
2011,86,0.00252911276352324,0.000338860193198338,0.0667284048723869,0.00133026110626802,0.691362455921077,21.4563115855401,22.4484209616223,1,0.1,1.5
2011,85,0.00302291307004381,0.000327625243933374,0.0670577100096285,0.00128403854690559,0.694212035728585,22.1321802134557,23.1426329973509,1,0.1,1.5
2011,84,0.00357226601493947,0.000316128388024297,0.0673631610611145,0.00123679805174267,0.696842948764338,22.8113546186237,23.8394759461152,1,0.1,1.5
2011,83,0.00417217271569693,0.000304387129587624,0.0676454936470077,0.00118861147209163,0.699260420130108,23.4936348748668,24.5387363662453,1,0.1,1.5
2011,82,0.00481565734026768,0.000292419579671633,0.067905796469927,0.00113955285258221,0.701471925188291,24.1788274735897,25.2402082914336,1,0.1,1.5
2011,81,0.00549378725136755,0.0002802441212973,0.0681454949209719,0.00108969708017754,0.703487016402331,24.8667473888466,25.9436953078359,1,0.1,1.5
2011,80,0.00617346163419549,0.00026787067994497,0.0683656001914303,0.00103908601677048,0.70529443575708,25.5571977386498,26.648989743593,1,0.1,1.5
2011,79,0.00684460455639497,0.000255319811636174,0.0685682068484104,0.000987802744904137,0.706909804089074,26.2499960749545,27.3558995476821,1,0.1,1.5
2011,78,0.00751361466098227,0.000242617359877051,0.0687562670485585,0.000935950311647438,0.708368639262831,26.9449939954795,28.0642681869449,1,0.1,1.5
2011,77,0.00816621169751122,0.000229780076013671,0.0689323063023812,0.000883596015601379,0.7096878051385,27.6420590003952,28.7739559920834,1,0.1,1.5
2011,76,0.0087871703769529,0.000216823309946407,0.0690989587009849,0.000830801349424855,0.710884524400018,28.3410749340891,29.4848405164834,1,0.1,1.5
2011,75,0.00936087758225378,0.000203743615525881,0.0692527776574335,0.000777555760644985,0.711913737222215,29.0418807318736,30.1967542537056,1,0.1,1.5
2011,74,0.00990134123530219,0.000190545795343281,0.0693898171469487,0.000723881062710915,0.712745681618515,29.7442852554533,30.9094999353242,1,0.1,1.5
2011,73,0.0104302392195847,0.000177252496105578,0.069511767595982,0.000669867056023153,0.713413223105691,30.4481289491873,31.6229131584298,1,0.1,1.5
2011,72,0.010943330463636,0.000163877272543523,0.069619359273977,0.00061556845065217,0.713921754116946,31.1532568682949,32.3368349125468,1,0.1,1.5
2011,71,0.0114363299740136,0.000150433256280157,0.0697133489252885,0.000561038143096191,0.714276872414022,31.8595189100933,33.0511117849608,1,0.1,1.5
2011,70,0.0119049406274879,0.000136933114070069,0.0697945125860274,0.000506327055173423,0.714484327731301,32.5667699941792,33.7655961126921,1,0.1,1.5
2011,69,0.0123448861905648,0.000123389012955009,0.0698636377468646,0.000451484001580198,0.714549963176385,33.2748701859045,34.4801460758685,1,0.1,1.5
2011,68,0.0127519454795913,0.0001098125936974,0.069921515225754,0.00039655559128288,0.714479655056378,33.9836847610854,35.1946257309249,1,0.1,1.5
2011,67,0.0131219875903563,9.62149527980315e-05,0.0699689307934711,0.000341586163850805,0.714279251530321,34.693084210275,35.9089049824552,1,0.1,1.5
2011,66,0.0134510081719988,8.26066341371282e-05,0.0700066573603483,0.000286617764290964,0.713954518216058,35.4029441890012,36.6228595006713,1,0.1,1.5
2011,65,0.0137351630507112,6.89976242404038e-05,0.070035442363034,0.000231690135769052,0.7135110343223,36.113145364241,37.3363705349936,1,0.1,1.5
2011,64,0.0139708242108946,5.53970783583682e-05,0.070055579160971,0.000176839898418892,0.712949929463683,36.8235690094416,38.0493204644572,1,0.1,1.5
2011,63,0.0141566193856268,4.18139180837801e-05,0.0700669589235195,0.00012210283851921,0.712269800937677,37.5340944841147,38.7615902653949,1,0.1,1.5
2011,62,0.0142935557971787,2.82573115605669e-05,0.0700697067008442,6.75154234717002e-05,0.711473183371763,38.2446031614369,39.4730634487667,1,0.1,1.5
2011,61,0.0143819976631218,1.47361623502258e-05,0.070063863083313,1.49255794902629e-05,0.71058721346286,38.9549771523356,40.1836506622295,1,0.1,1.5
2011,60,0.014422593205688,2.40391983070604e-06,0.0700505709572795,0,0.710144810908227,39.6651219632438,40.8937954731378,1,0.1,1.5
2011,59,0.0144162531860736,1.21660147086987e-08,0.0700407504204274,0,0.710018461321803,40.3751404245656,41.6038139344596,1,0.1,1.5
2011,58,0.014364130186679,4.00853244164705e-11,0.0700379316332164,0,0.709955403524137,41.0850958280898,42.3137693379837,1,0.1,1.5
2011,57,0.0142675880575216,4.60755130122972e-14,0.0700420977358836,0,0.709932702730978,41.7950285308207,43.0237020407147,1,0.1,1.5
2011,56,0.0141281581999049,2.10964581684009e-16,0.0700524029619864,0,0.709942801753136,42.5049713325739,43.7336448424678,1,0.1,1.5
2011,55,0.0139511180168428,7.06619699263608e-19,0.0700735795062736,0,0.710036540407298,43.2150078729812,44.4436813828751,1,0.1,1.5
2011,54,0.0137134382863921,6.11134220765708e-22,0.0704980775650036,0,0.714123067840964,43.9291309408221,45.1578044507161,1,0.1,1.5
2011,53,0.0115438072833821,1.40341027259921e-24,0.0703907942150077,0,0.711603813672332,44.6407347544945,45.8694082643884,1,0.1,1.5
2011,52,0.230876145667642,2.1329842469453e-27,1.25625376593607,0,12.7164550898058,57.3571898443002,58.5858633541942,20,0.1,1.5
2011,51,0.230876145667642,4.98945343336923e-84,1.06392717417614,0,10.7931891722065,68.1503790165067,69.3790525264007,20,0.1,1.5
2011,50,0.230876145667642,5.4097324071921e-114,1.17948793955819,0,11.948796826027,80.0991758425337,81.3278493524277,20,0.1,1.5
2011,49,0.230876145667642,7.75843450946577e-148,1.30022715029519,0,13.156188933397,93.2553647759307,94.4840382858247,20,0.1,1.5
2011,48,0.230876145667642,4.03362672442078e-170,1.38636061461168,0,14.0175235765619,107.272888352493,108.501561862387,20,0.1,1.5
2011,47,0.230876145667642,3.56754758476519e-172,1.39023896192077,0,14.0563070496528,121.329195402145,122.557868912039,20,0.1,1.5
2011,46,0.230876145667642,3.56754758476523e-212,1.38746112386676,0,14.0285286691127,135.357724071258,136.586397581152,20,0.1,1.5
2011,45,0.230876145667642,3.56754758476528e-252,1.38468883621413,0,14.0008057925863,149.358529863844,150.587203373738,20,0.1,1.5
2011,44,0.230876145667642,3.56754758476533e-292,1.38192208787261,0,13.9731383091712,163.331668173016,164.56034168291,20,0.1,1.5
2011,43,0.230876145667642,0,1.37916086777411,0,13.9455261081862,177.277194281202,178.505867791096,20,0.1,1.5
2011,42,0.230876145667642,0,1.37640516487264,0,13.9179690791715,191.195163360373,192.423836870267,20,0.1,1.5
2011,41,0.230876145667642,0,1.37365496814427,0,13.8904671118878,205.085630472261,206.314303982155,20,0.1,1.5
2011,40,0.230876145667642,0,1.37091026658712,0,13.8630200963163,218.948650568577,220.177324078471,20,0.1,1.5
2011,39,0.230876145667642,0,1.36817104922128,0,13.8356279226579,232.784278491235,234.012952001129,20,0.1,1.5
2011,38,0.230876145667642,0,1.36543730508878,0,13.8082904813329,246.592568972568,247.821242482462,20,0.1,1.5
2011,37,0.230876145667642,0,1.36270902325354,0,13.7810076629805,260.373576635549,261.602250145443,20,0.1,1.5
2011,36,0.230876145667642,0,1.35998619280135,0,13.7537793584586,274.127355994007,275.356029503901,20,0.1,1.5
2011,35,0.230876145667642,0,1.35726880283979,0,13.726605458843,287.85396145285,289.082634962744,20,0.1,1.5
2011,34,0.230876145667642,0,1.35455684249821,0,13.6994858554272,301.553447308278,302.782120818171,20,0.1,1.5
2011,33,0.230876145667642,0,1.35185030092767,0,13.6724204397218,315.225867747999,316.454541257893,20,0.1,1.5
2011,32,0.230876145667642,0,1.34914916730094,0,13.6454091034544,328.871276851454,330.099950361348,20,0.1,1.5
2011,31,0.230876145667642,0,1.34645343081237,0,13.6184517385688,342.489728590023,343.718402099917,20,0.1,1.5
2011,30,0.230876145667642,0,1.34376308067796,0,13.5915482372247,356.081276827248,357.309950337141,20,0.1,1.5
2011,29,0.230876145667642,0,1.34107810613522,0,13.5646984917973,369.645975319045,370.874648828939,20,0.1,1.5
2011,28,0.230876145667642,0,1.33839849644317,0,13.5379023948768,383.183877713922,384.412551223816,20,0.1,1.5
2011,27,0.230876145667642,0,1.33572424088231,0,13.5111598392682,396.69503755319,397.923711063084,20,0.1,1.5
2011,26,0.230876145667642,0,1.33305532875452,0,13.4844707179903,410.17950827118,411.408181781074,20,0.1,1.5
2011,25,0.230876145667642,0,1.3303917493831,0,13.4578349242761,423.637343195456,424.86601670535,20,0.1,1.5
2011,24,0.230876145667642,0,1.32773349211265,0,13.4312523515716,437.068595547028,438.297269056922,20,0.1,1.5
2011,23,0.230876145667642,0,1.32508054630909,0,13.404722893536,450.473318440564,451.701991950458,20,0.1,1.5
2011,22,0.230876145667642,0,1.32243290135956,0,13.3782464440407,463.851564884605,465.080238394498,20,0.1,1.5
2011,21,0.230876145667642,0,1.31979054667242,0,13.3518228971693,477.203387781774,478.432061291668,20,0.1,1.5
2011,20,0.230876145667642,0,1.31715347167719,0,13.325452147217,490.528839928991,491.757513438885,20,0.1,1.5
2011,19,0.230876145667642,0,1.31452166582452,0,13.2991340886903,503.827974017681,505.056647527575,20,0.1,1.5
2011,18,0.230876145667642,0,1.31189511858612,0,13.2728686163063,517.100842633988,518.329516143881,20,0.1,1.5
2011,17,0.230876145667642,0,1.30927381945474,0,13.2466556249925,530.34749825898,531.576171768874,20,0.1,1.5
2011,16,0.230876145667642,0,1.30665775794415,0,13.2204950098866,543.567993268867,544.79666677876,20,0.1,1.5
2011,15,0.230876145667642,0,1.30404692358905,0,13.1943866663356,556.762379935202,557.991053445096,20,0.1,1.5
2011,14,0.230876145667642,0,1.30144130594505,0,13.1683304898955,569.930710425098,571.159383934992,20,0.1,1.5
2011,13,0.230876145667642,0,1.29884089458862,0,13.1423263763313,583.073036801429,584.301710311323,20,0.1,1.5
2011,12,0.230876145667642,0,1.2962456791171,0,13.1163742216161,596.189411023045,597.418084532939,20,0.1,1.5
2011,11,0.230876145667642,0,1.29365564914856,0,13.0904739219307,609.279884944976,610.50855845487,20,0.1,1.5
2011,10,0.230876145667642,0,1.29107079432186,0,13.0646253736637,622.344510318639,623.573183828533,20,0.1,1.5
2011,9,0.230876145667642,0,1.28849110429653,0,13.0388284734104,635.38333879205,636.612012301944,20,0.1,1.5
2011,8,0.230876145667642,0,1.28591656875278,0,13.0130831179729,648.396421910023,649.625095419917,20,0.1,1.5
2011,7,0.230876145667642,0,1.28334717739143,0,12.9873892043594,661.383811114382,662.612484624276,20,0.1,1.5
2011,6,0.230876145667642,0,1.28078291993389,0,12.961746629784,674.345557744166,675.57423125406,20,0.1,1.5
2011,5,0.230876145667642,0,1.2782237861221,0,12.9361552916661,687.281713035832,688.510386545726,20,0.1,1.5
2011,4,0.230876145667642,0,1.27566976571849,0,12.91061508763,700.192328123462,701.421001633356,20,0.1,1.5
2011,3,0.230876145667642,0,1.27312084850596,0,12.8851259155047,713.077454038967,714.306127548861,20,0.1,1.5
2011,2,0.0115438072833821,0,0.000540966617916968,0,0.0131055377014244,713.090559576668,714.319233086562,1,0.1,1.5
2011,1,150,0,1.2853378868484,0,112.853378868484,825.943938445152,827.172611955046,99999,0.1,1.5
2012,137,0.000182709526676344,0.0379443289820189,0.0379443289820189,0,0.759008385991496,0,0,1,0.1,1.5
2012,136,0.000175981314314298,0.000372611978677716,0.0372574717479848,0.00174791804512859,0.401388415930386,0.376418158142835,0.401388415930386,1,0.1,1.5
2012,135,0.000169535357092583,0.000424612284532847,0.0369837552701795,0.00171898955981399,0.398753692830147,0.750614857261354,0.800142108760534,1,0.1,1.5
2012,134,0.000163364682724517,0.000417786501532538,0.0366818977691128,0.00168649815763411,0.395198583318281,1.12172060975629,1.19534069207881,1,0.1,1.5
2012,133,0.000157468699240601,0.000409723112605816,0.0363536998987028,0.00165326506576062,0.391357281613922,1.4894598190022,1.58669797369274,1,0.1,1.5
2012,132,0.000151841685577023,0.000401562447814416,0.0360070868017994,0.00161973850032407,0.387326841719724,1.85364753928873,1.97402481541246,1,0.1,1.5
2012,131,0.000146515921881598,0.000393390930301467,0.0356476464871497,0.00158619545562994,0.383167986536194,2.21415559074449,2.35719280194865,1,0.1,1.5
2012,130,0.00014149865906934,0.000385201281542281,0.0352742918946857,0.00155260553447148,0.378869343265538,2.57084485494615,2.73606214521419,1,0.1,1.5
2012,129,0.000136750235990154,0.000376977184813895,0.0348850834599143,0.00151890314596157,0.374410389642155,2.92355662821743,3.11047253485635,1,0.1,1.5
2012,128,0.000132231556919646,0.000368688935274409,0.0344767387138512,0.0014849689192344,0.369756272565885,3.27209905907996,3.48022880742223,1,0.1,1.5
2012,127,0.000127901810290195,0.000360297173582856,0.0340449072850563,0.00145064482942305,0.364860810023105,3.61623637153988,3.84508961744534,1,0.1,1.5
2012,126,0.000123720720195679,0.000351734651073573,0.0335823619412859,0.00141566089748306,0.359647173510626,3.95565981794361,4.20473679095596,1,0.1,1.5
2012,125,0.000119639214928724,0.000342941181478817,0.0330822226125011,0.00137977602008333,0.354042483417609,4.28999121536002,4.55877927437357,1,0.1,1.5
2012,124,0.000115618214799231,0.000333762868856367,0.0325281238810593,0.00134237266694332,0.347872698693928,4.61868716166905,4.9066519730675,1,0.1,1.5
2012,123,0.000111579602478561,0.000324190176995226,0.0319172272187803,0.00130341464720113,0.341108769605138,4.94117572202846,5.24776074267264,1,0.1,1.5
2012,122,0.00010752209555898,0.000313843727778034,0.0312096830313532,0.00126137957245845,0.33332665716633,5.25648267101681,5.58108739983897,1,0.1,1.5
2012,121,0.00010328346784524,0.000303755508910596,0.030506288470212,0.00122041710657171,0.325603825530338,5.56465196645326,5.9066912253693,1,0.1,1.5
2012,120,9.93221297968307e-05,0.000295414951538999,0.0299595490530671,0.00118650677349295,0.319565951563444,5.86726782125252,6.22625717693275,1,0.1,1.5
2012,119,9.62260267864903e-05,0.000288771343073005,0.0295707927358359,0.00115943545507749,0.315223155117578,6.16592761272614,6.54148033205032,1,0.1,1.5
2012,118,9.39093157359198e-05,0.000283751189339929,0.0293388219322782,0.00113889912184643,0.312558324881621,6.46221595015281,6.85403865693195,1,0.1,1.5
2012,117,9.22954497642281e-05,0.000280236221097983,0.0292574929223388,0.00112441467152474,0.311501888470278,6.75765477188702,7.16554054540222,1,0.1,1.5
2012,116,9.13096760748181e-05,0.000278075134603811,0.029316753076335,0.00111536726815809,0.311942973343316,7.05366392711379,7.47748351874554,1,0.1,1.5
2012,115,9.08799205917309e-05,0.000277046536172054,0.0294985186707677,0.00111086197132207,0.313685695416297,7.35148016579691,7.79116921416184,1,0.1,1.5
2012,114,9.09181511776128e-05,0.000276927234927149,0.0297836311560692,0.00110999795451406,0.316523309646663,7.65214636180766,8.1076925238085,1,0.1,1.5
2012,113,9.13426677909883e-05,0.000277331027362883,0.0301342084563246,0.00111122266810534,0.320050899493097,7.9563226517564,8.4277434233016,1,0.1,1.5
2012,112,9.20091095629163e-05,0.000278059374064727,0.0305311781280934,0.00111373764838772,0.324064252262067,8.26447636618435,8.75180767556366,1,0.1,1.5
2012,111,9.28453480993618e-05,0.000278425188212335,0.030899974619808,0.0011147899949864,0.327771466335885,8.57632226116329,9.07957914189955,1,0.1,1.5
2012,110,9.35740399939811e-05,0.000279450079399487,0.0313547794488203,0.00111846949723443,0.332382813650305,8.89272693913882,9.41196195554985,1,0.1,1.5
2012,109,9.46190478656791e-05,0.000283002477464928,0.03211285860922,0.00113224530366471,0.340196623141589,9.21674862937091,9.75215857869144,1,0.1,1.5
2012,108,9.68099325605506e-05,0.000289156958839193,0.0331973249617933,0.00115639834057582,0.351449335455306,9.55167798853228,10.1036079141467,1,0.1,1.5
2012,107,0.000100297303143751,0.00029794901389891,0.0346291789898219,0.00119105091440222,0.36635315796886,9.90101613343825,10.4699610721156,1,0.1,1.5
2012,106,0.000105278796428683,0.000309330302933854,0.0364223267529098,0.00123598766839759,0.385043723114116,10.268402889861,10.8550047952297,1,0.1,1.5
2012,105,0.00011200539294908,0.000323128119273668,0.0385787144073218,0.00129049389706063,0.407528722628787,10.6574959853889,11.2625335178585,1,0.1,1.5
2012,104,0.000120785541874898,0.00033900155556114,0.0410824803326913,0.00135318141221075,0.43362650560869,11.071791327966,11.6961600234672,1,0.1,1.5
2012,103,0.00013198617346202,0.000356393152357946,0.0438926395017517,0.00142179744163827,0.462889709346809,11.5143696452894,12.159049732814,1,0.1,1.5
2012,102,0.000146022023884342,0.000374507048188535,0.0469377276396685,0.00149314068780166,0.494550276148802,11.9875893401839,12.6536000089628,1,0.1,1.5
2012,101,0.000163340102769242,0.000392282420830382,0.050108331790517,0.00156296017645424,0.527443038036095,12.4927043756992,13.1810430469989,1,0.1,1.5
2012,100,0.000184356430157904,0.000408515174812996,0.0532670492047335,0.00162644615775615,0.560113493193039,13.0295829237815,13.7411565401919,1,0.1,1.5
2012,99,0.000209462986364965,0.000421780180675474,0.0562320188974099,0.0016779269424056,0.590648017663272,13.5962605565532,14.3318045578552,1,0.1,1.5
2012,98,0.00023869867776749,0.000431513037485915,0.0589172977944493,0.00171517572607835,0.618149751143745,14.1899077973244,14.949954308999,1,0.1,1.5
2012,97,0.000273545078180885,0.000436537418107643,0.0611361005653789,0.00173355120587481,0.640673760447102,14.8058165405447,15.5906280694461,1,0.1,1.5
2012,96,0.000315752856364506,0.000434940869385064,0.0625649541475289,0.0017255222040014,0.654859769273402,15.4360259926181,16.2454878387195,1,0.1,1.5
2012,95,0.00036499349100484,0.00042709884943014,0.0631731415004096,0.00169266870912394,0.660426714051314,16.0722717251105,16.9059145527708,1,0.1,1.5
2012,94,0.000419058236425454,0.000418369206273147,0.06369239401938,0.00165628835812966,0.665048266673144,16.7136587295247,17.5709628194439,1,0.1,1.5
2012,93,0.000482448475944876,0.00040924020499236,0.0641894768474856,0.00161832266813322,0.669427698101122,17.3599675323667,18.240390517545,1,0.1,1.5
2012,92,0.00060299185065275,0.000399744083401381,0.064663869144922,0.0015789026517473,0.673593879018154,18.0110056592171,18.9139843965632,1,0.1,1.5
2012,91,0.000790773523234668,0.000389901141197449,0.0651159451038175,0.00153811176488808,0.677558670011659,18.666591304016,19.5915430665749,1,0.1,1.5
2012,90,0.0010414617850305,0.000379725873137536,0.0655461699915276,0.00149601037288023,0.68132484325877,19.3265445705194,20.2728679098336,1,0.1,1.5
2012,89,0.00134841444488856,0.000369233967687667,0.0659553848673247,0.0014526634358624,0.684897466111417,19.9906897018328,20.957765375945,1,0.1,1.5
2012,88,0.00170280607384191,0.000358441895998189,0.0663447728484386,0.00140813884903727,0.688283620765557,20.6588570533264,21.6460489967106,1,0.1,1.5
2012,87,0.00209388679772291,0.000347347442218348,0.0667120708221673,0.00136243109693474,0.691453408560454,21.330847160502,22.3375024052711,1,0.1,1.5
2012,86,0.00252911276352324,0.000335953878498988,0.0670542973084666,0.00131555657472155,0.694382252398503,22.0064357475474,23.0318846576696,1,0.1,1.5
2012,85,0.00302291307004381,0.000324285889165731,0.0673720138753539,0.00126761564536717,0.697087067959043,22.6854140205726,23.7289717256286,1,0.1,1.5
2012,84,0.00357226601493947,0.00031236079681591,0.067665624257944,0.00121867959478118,0.6995710697211,23.3675753817968,24.4285427953497,1,0.1,1.5
2012,83,0.00417217271569693,0.000300196739318784,0.0679358819656659,0.00116882274010994,0.701839703242835,24.0527176173238,25.1303824985925,1,0.1,1.5
2012,82,0.00481565734026768,0.000287812408942269,0.0681838941034255,0.00111812136490237,0.703900665706271,24.7406451206743,25.8342831642988,1,0.1,1.5
2012,81,0.00549378725136755,0.000275226711257359,0.0684111046415242,0.00106665234555933,0.705763729012908,25.4311709590364,26.5400468933117,1,0.1,1.5
2012,80,0.00617346163419549,0.000262450210992069,0.0686185351356037,0.00101446008177145,0.707417781437871,26.1240964535918,27.2474646747496,1,0.1,1.5
2012,79,0.00684460455639497,0.000249503884342396,0.0688083007139516,0.000961629197329726,0.708878675649057,26.819237569279,27.9563433503986,1,0.1,1.5
2012,78,0.00751361466098227,0.00023641375151063,0.0689833789997655,0.000908263224353556,0.710182192872753,27.5164445732324,28.6665255432714,1,0.1,1.5
2012,77,0.00816621169751122,0.000223196804660481,0.0691463120756514,0.000854430282330576,0.711345376825229,28.2155838031672,29.3778709200966,1,0.1,1.5
2012,76,0.0087871703769529,0.000209868570455678,0.069299749142471,0.000800192428039776,0.71238561111447,28.9165380938811,30.0902565312111,1,0.1,1.5
2012,75,0.00936087758225378,0.000196426376316505,0.069440241319829,0.000745542300145454,0.713257866304083,29.6191453558974,30.8035143975152,1,0.1,1.5
2012,74,0.00990134123530219,0.000182875723631162,0.0695638484309117,0.000690504526553783,0.713932486081637,30.3232134915997,31.5174468835968,1,0.1,1.5
2012,73,0.0104302392195847,0.000169239288966844,0.0696722831832282,0.000635168800692117,0.714442557544894,31.0285822091347,32.2318894411417,1,0.1,1.5
2012,72,0.010943330463636,0.000155530885388478,0.0697662894507127,0.00057959074638508,0.714793624808937,31.7350959661382,32.9466830659506,1,0.1,1.5
2012,71,0.0114363299740136,0.000141763868336849,0.0698466371261701,0.000523824033496688,0.714991430406269,32.4426041960659,33.6616744963569,1,0.1,1.5
2012,70,0.0119049406274879,0.000127951094934056,0.0699141148985622,0.000467920221840625,0.715041861617677,33.1509614830859,34.3767163579746,1,0.1,1.5
2012,69,0.0123448861905648,0.0001141048905246,0.069969522383485,0.000411928635014634,0.714950891653062,33.860027679953,35.0916672496277,1,0.1,1.5
2012,68,0.0127519454795913,0.000100237023757694,0.0700136619720522,0.00035589626907569,0.71472451935986,34.5696679668975,35.8063917689875,1,0.1,1.5
2012,67,0.0131219875903563,8.63586904906815e-05,0.0700473304413544,0.000299867737057233,0.714368707860459,35.2797528499428,36.520760476848,1,0.1,1.5
2012,66,0.0134510081719988,7.24805074141122e-05,0.0700713111356851,0.000243885252298323,0.713889330245157,35.9901581051552,37.2346498070931,1,0.1,1.5
2012,65,0.0137351630507112,5.8612510184667e-05,0.07008636135274,0.000187988633281818,0.713292065900413,36.7007646191515,37.9479418729935,1,0.1,1.5
2012,64,0.0139708242108946,4.47639453883066e-05,0.0700927835776596,0.000132214758544437,0.712578140302662,37.4114539771893,38.6605200132962,1,0.1,1.5
2012,63,0.0141566193856268,3.09438488106403e-05,0.070090477937257,7.659977086892e-05,0.711746246558745,38.122105941307,39.372266259855,1,0.1,1.5
2012,62,0.0142935557971787,1.71614289835307e-05,0.070079578586042,2.15576632359633e-05,0.710804403966032,38.8326023786554,40.083070663821,1,0.1,1.5
2012,61,0.0143819976631218,3.87875649606798e-06,0.0700605880918772,0,0.710232666925814,39.5428350455812,40.7933033307468,1,0.1,1.5
2012,60,0.014422593205688,2.40391983070604e-08,0.0700435659001838,0,0.710050961530946,40.2528860071122,41.5033542922777,1,0.1,1.5
2012,59,0.0144162531860736,1.21660147086988e-10,0.0700337463453853,0,0.709948300127837,40.96283430724,42.2133025924056,1,0.1,1.5
2012,58,0.014364130186679,4.00853244164705e-13,0.0700309278400531,0,0.709885365195659,41.6727196724357,42.9231879576012,1,0.1,1.5
2012,57,0.0142675880575216,4.60755130122972e-16,0.07003509352611,0,0.709862660632785,42.3825823330685,43.633050618234,1,0.1,1.5
2012,56,0.0141281581999049,2.10964581684009e-18,0.0700453977216901,0,0.709872749350171,43.0924550824186,44.3429233675842,1,0.1,1.5
2012,55,0.0139511180168428,7.06619699263609e-21,0.070066572148323,0,0.709966466827791,43.8024215492464,45.052889834412,1,0.1,1.5
2012,54,0.0137134382863921,6.11134220765708e-24,0.0704910277572471,0,0.714052569763399,44.5164741190098,45.7669424041754,1,0.1,1.5
2012,53,0.0115438072833821,1.40341027259922e-26,0.0703837551355862,0,0.711533422878117,45.2280075418879,46.4784758270535,1,0.1,1.5
2012,52,0.230876145667642,2.1329842469453e-29,1.25612814055947,0,12.7151988360398,57.9432063779278,59.1936746630933,20,0.1,1.5
2012,51,0.230876145667642,4.98945343336923e-86,1.06382078145872,0,10.7921252450323,68.7353316229601,69.9857999081257,20,0.1,1.5
2012,50,0.230876145667642,5.4097324071921e-116,1.17936999076423,0,11.9476173380874,80.6829489610475,81.9334172462131,20,0.1,1.5
2012,49,0.230876145667642,7.75843450946578e-150,1.30009712758016,0,13.1548887062467,93.8378376672942,95.0883059524598,20,0.1,1.5
2012,48,0.230876145667642,4.03362672442078e-172,1.38622197855022,0,14.0161372159473,107.853974883242,109.104443168407,20,0.1,1.5
2012,47,0.230876145667642,3.56754758476519e-174,1.39009993802458,0,14.0549168106909,121.908891693932,123.159359979098,20,0.1,1.5
2012,46,0.230876145667642,3.56754758476524e-214,1.38732237775437,0,14.0271412079888,135.936032901921,137.186501187087,20,0.1,1.5
2012,45,0.230876145667642,3.56754758476528e-254,1.3845503673305,0,13.9994211037501,149.935454005671,151.185922290837,20,0.1,1.5
2012,44,0.230876145667642,3.56754758476533e-294,1.38178389566382,0,13.9717563870833,163.907210392755,165.15767867792,20,0.1,1.5
2012,43,0.230876145667642,0,1.37902295168733,0,13.9441469473184,177.851357340073,179.101825625239,20,0.1,1.5
2012,42,0.230876145667642,0,1.37626752435615,0,13.9165926740066,191.76795001408,193.018418299245,20,0.1,1.5
2012,41,0.230876145667642,0,1.37351760264746,0,13.8890934569196,205.657043470999,206.907511756165,20,0.1,1.5
2012,40,0.230876145667642,0,1.37077317556046,0,13.8616491860497,219.518692657049,220.769160942215,20,0.1,1.5
2012,39,0.230876145667642,0,1.36803423211636,0,13.8342597516087,233.352952408658,234.603420693823,20,0.1,1.5
2012,38,0.230876145667642,0,1.36530076135827,0,13.8069250440278,247.159877452685,248.410345737851,20,0.1,1.5
2012,37,0.230876145667642,0,1.36257275235122,0,13.7796449539573,260.939522406643,262.189990691808,20,0.1,1.5
2012,36,0.230876145667642,0,1.35985019418207,0,13.7524193722658,274.691941778909,275.942410064074,20,0.1,1.5
2012,35,0.230876145667642,0,1.35713307595951,0,13.7252481900402,288.417189968949,289.667658254114,20,0.1,1.5
2012,34,0.230876145667642,0,1.35442138681396,0,13.6981312985847,302.115321267533,303.365789552699,20,0.1,1.5
2012,33,0.230876145667642,0,1.35171511589758,0,13.6710685894209,315.786389856954,317.03685814212,20,0.1,1.5
2012,32,0.230876145667642,0,1.34901425238421,0,13.6440599542871,329.430449811242,330.680918096407,20,0.1,1.5
2012,31,0.230876145667642,0,1.34631878546929,0,13.617105285138,343.04755509638,344.298023381545,20,0.1,1.5
2012,30,0.230876145667642,0,1.3436287043699,0,13.5902044741441,356.637759570524,357.888227855689,20,0.1,1.5
2012,29,0.230876145667642,0,1.34094399832461,0,13.5633574136912,370.201116984215,371.45158526938,20,0.1,1.5
2012,28,0.230876145667642,0,1.33826465659353,0,13.5365639963804,383.737680980595,384.988149265761,20,0.1,1.5
2012,27,0.230876145667642,0,1.33559066845822,0,13.5098241150273,397.247505095623,398.497973380788,20,0.1,1.5
2012,26,0.230876145667642,0,1.33292202322164,0,13.4831376626615,410.730642758284,411.98111104345,20,0.1,1.5
2012,25,0.230876145667642,0,1.33025871020816,0,13.4565045325267,424.187147290811,425.437615575976,20,0.1,1.5
2012,24,0.230876145667642,0,1.32760071876344,0,13.4299246180795,437.61707190889,438.867540194056,20,0.1,1.5
2012,23,0.230876145667642,0,1.32494803825446,0,13.4033978129897,451.02046972188,452.270938007045,20,0.1,1.5
2012,22,0.230876145667642,0,1.32230065806942,0,13.3769240111393,464.39739373302,465.647862018185,20,0.1,1.5
2012,21,0.230876145667642,0,1.31965856761775,0,13.3505031066226,477.747896839642,478.998365124807,20,0.1,1.5
2012,20,0.230876145667642,0,1.31702175633003,0,13.3241349937454,491.072031833388,492.322500118553,20,0.1,1.5
2012,19,0.230876145667642,0,1.31439021365794,0,13.2978195670244,504.369851400412,505.620319685577,20,0.1,1.5
2012,18,0.230876145667642,0,1.31176392907426,0,13.2715567211877,517.6414081216,518.891876406765,20,0.1,1.5
2012,17,0.230876145667642,0,1.3091428920728,0,13.2453463511731,530.886754472773,532.137222757938,20,0.1,1.5
2012,16,0.230876145667642,0,1.30652709216836,0,13.2191883521287,544.105942824901,545.356411110067,20,0.1,1.5
2012,15,0.230876145667642,0,1.30391651889669,0,13.193082619412,557.299025444313,558.549493729479,20,0.1,1.5
2012,14,0.230876145667642,0,1.30131116181445,0,13.1670290485896,570.466054492903,571.716522778068,20,0.1,1.5
2012,13,0.230876145667642,0,1.29871101049917,0,13.1410275354368,583.60708202834,584.857550313505,20,0.1,1.5
2012,12,0.230876145667642,0,1.29611605454919,0,13.115077975937,596.722160004277,597.972628289442,20,0.1,1.5
2012,11,0.230876145667642,0,1.29352628358365,0,13.0891802662816,609.811340270558,611.061808555724,20,0.1,1.5
2012,10,0.230876145667642,0,1.29094168724242,0,13.0633343028693,622.874674573427,624.125142858593,20,0.1,1.5
2012,9,0.230876145667642,0,1.2883622551861,0,13.0375399823061,635.912214555733,637.162682840899,20,0.1,1.5
2012,8,0.230876145667642,0,1.2857879770959,0,13.0117972014041,648.924011757138,650.174480042303,20,0.1,1.5
2012,7,0.230876145667642,0,1.28321884267369,0,12.986105857182,661.91011761432,663.160585899485,20,0.1,1.5
2012,6,0.230876145667642,0,1.2806548416419,0,12.9604658468641,674.870583461184,676.121051746349,20,0.1,1.5
2012,5,0.230876145667642,0,1.27809596374348,0,12.9348770678799,687.805460529064,689.055928814229,20,0.1,1.5
2012,4,0.230876145667642,0,1.27554219874192,0,12.9093394178643,700.714799946928,701.965268232093,20,0.1,1.5
2012,3,0.230876145667642,0,1.27299353642111,0,12.8838527946562,713.598652741584,714.84912102675,20,0.1,1.5
2012,2,0.0115438072833821,0,0.000540912521255177,0,0.0131049967348065,713.611757738319,714.862226023484,1,0.1,1.5
2012,1,150,0,1.28520935305971,0,112.852093530597,826.463851268916,827.714319554081,99999,0.1,1.5
2013,138,0.000189728625741117,0.0386174029242304,0.0386174029242304,0,0.772474544235103,0,0,1,0.1,1.5
2013,137,0.000182709526676344,0.00037944328982019,0.0379405345491207,0.0018123115710763,0.409211750041617,0.383321584740527,0.409211750041617,1,0.1,1.5
2013,136,0.000175981314314298,0.000440705631068925,0.0376907255120922,0.00178364891175557,0.406912331047186,0.764753217048347,0.816124081088803,1,0.1,1.5
2013,135,0.000169535357092583,0.000433993512798826,0.037409804284606,0.00175076271080924,0.403561897414147,1.14330421859379,1.21968597850295,1,0.1,1.5
2013,134,0.000163364682724517,0.000425802404423852,0.0370998541187445,0.00171697033970474,0.399893622730234,1.51866969361396,1.61957960123318,1,0.1,1.5
2013,133,0.000157468699240601,0.000417413497566214,0.0367633807951531,0.00168249787013657,0.395948605919114,1.89058261567398,2.0155282071523,1,0.1,1.5
2013,132,0.000151841685577023,0.000408950249559162,0.0364084207182002,0.00164775496723245,0.391814294142728,2.25885755314196,2.40734250129503,1,0.1,1.5
2013,131,0.000146515921881598,0.000400482773210499,0.0360406305864085,0.00161302296067036,0.387551996029878,2.6233663640194,2.7948944973249,1,0.1,1.5
2013,130,0.00014149865906934,0.000392003396433292,0.0356589158491141,0.00157827103296354,0.38315025393719,2.98396988891425,3.17804475126209,1,0.1,1.5
2013,129,0.000136750235990154,0.00038349555833853,0.0352613207380587,0.00154343268058298,0.378588368082008,3.34050921870222,3.5566331193441,1,0.1,1.5
2013,128,0.000132231556919646,0.000374929119161344,0.0348445332697884,0.0015083869036155,0.373831162598142,3.692791996963,3.93046428194224,1,0.1,1.5
2013,127,0.000127901810290195,0.000366264179091592,0.0344041640016836,0.00147297368015904,0.368832030826408,4.04058154664428,4.29929631276865,1,0.1,1.5
2013,126,0.000123720720195679,0.000357432570881501,0.0339329189294626,0.00143691966069542,0.363513419207791,4.38356754212785,4.66280973197644,1,0.1,1.5
2013,125,0.000119639214928724,0.000348373416835621,0.0334238583952607,0.00139998127549256,0.357801810104618,4.72136961972543,5.02061154208106,1,0.1,1.5
2013,124,0.000115618214799231,0.000338930795424394,0.0328604642354071,0.0013615336419139,0.351521509716951,5.05344064884361,5.37213305179801,1,0.1,1.5
2013,123,0.000111579602478561,0.000329095563570235,0.0322398891578587,0.00132154227951981,0.344643409037653,5.37920488245955,5.71677646083566,1,0.1,1.5
2013,122,0.00010752209555898,0.000318483330392392,0.0315219069561647,0.00127846663277779,0.336739393302293,5.69768046672216,6.05351585413796,1,0.1,1.5
2013,121,0.00010328346784524,0.000308141831732034,0.0308083421180079,0.00123651459971158,0.328898189424224,6.00891416186479,6.38241404356218,1,0.1,1.5
2013,120,9.93221297968307e-05,0.000299580842888628,0.030253179791535,0.00120173968575145,0.322761530893884,6.31450798296222,6.70517557445606,1,0.1,1.5
2013,119,9.62260267864903e-05,0.000292746577200103,0.0298576945203317,0.00117391616375036,0.318338792570562,6.61607654462207,7.02351436702662,1,0.1,1.5
2013,118,9.39093157359198e-05,0.000287562292355007,0.0296206128305466,0.00115272685341413,0.315611883916852,6.91522090206157,7.33912625094348,1,0.1,1.5
2013,117,9.22954497642281e-05,0.000283906030092165,0.0295356708409277,0.00113767400742128,0.314509784830346,7.21347820107162,7.65363603577382,1,0.1,1.5
2013,116,9.13096760748181e-05,0.000281622568385562,0.0295926632180669,0.0011281274490308,0.314919837396634,7.51228193205352,7.96855587317046,1,0.1,1.5
2013,115,9.08799205917309e-05,0.000280485958192237,0.0297732843117311,0.00112317477340814,0.316643643218792,7.81288022136648,8.28519951638925,1,0.1,1.5
2013,114,9.09181511776128e-05,0.000280268760977787,0.0300581522815821,0.00112189900852924,0.319471951219659,8.11632504389287,8.6046714676089,1,0.1,1.5
2013,113,9.13426677909883e-05,0.000280578977299965,0.0304090007025053,0.00112272622451811,0.322995637974458,8.42328173580278,8.92766710558336,1,0.1,1.5
2013,112,9.20091095629163e-05,0.000281215005837578,0.0308065594223776,0.00112484662544194,0.32700832119484,8.73422081949131,9.2546754267782,1,0.1,1.5
2013,111,9.28453480993618e-05,0.000281481750628725,0.0311755821210926,0.00112547897798678,0.330710806730043,9.04885335510726,9.58538623350825,1,0.1,1.5
2013,110,9.35740399939811e-05,0.000282411875102603,0.0316312613451841,0.00112875162177689,0.335324138064437,9.36805247000346,9.92071037157268,1,0.1,1.5
2013,109,9.46190478656791e-05,0.000285891350690826,0.0323927086492753,0.00114219294917757,0.343166121496013,9.69490154936836,10.2638764930687,1,0.1,1.5
2013,108,9.68099325605506e-05,0.000291991154732348,0.0334831048144411,0.00116606818626107,0.354473616593361,10.0327170490151,10.6183501096621,1,0.1,1.5
2013,107,0.000100297303143751,0.000300742218739544,0.0349234788005235,0.00120048022762068,0.369458792598831,10.3850261240765,10.9878089022609,1,0.1,1.5
2013,106,0.000105278796428683,0.000312090220128737,0.0367276814373339,0.0012451889935815,0.388256316632933,10.7554940265154,11.3760652188938,1,0.1,1.5
2013,105,0.00011200539294908,0.000325854755457895,0.0388974800101463,0.00129944884630364,0.410871572865202,11.1478020444334,11.786936791759,1,0.1,1.5
2013,104,0.000120785541874898,0.0003416853686083,0.0414166674377107,0.00136183422097103,0.437118826343074,11.5654660961912,12.2240556181021,1,0.1,1.5
2013,103,0.00013198617346202,0.000359013291933147,0.0442436995982111,0.00143004929173332,0.466544395279941,12.011581215875,12.690600013382,1,0.1,1.5
2013,102,0.000146022023884342,0.0003770302424323,0.0473063190388549,0.00150084691338944,0.498371511020073,12.4885120567038,13.1889715244021,1,0.1,1.5
2013,101,0.000163340102769242,0.000394662868321863,0.0504940610014515,0.00156993188852576,0.531423730507091,12.9975081888033,13.7203952549092,1,0.1,1.5
2013,100,0.000184356430157904,0.000410696691187168,0.053668334039252,0.00163246037665278,0.564234074114775,13.5384214003945,14.284629329024,1,0.1,1.5
2013,99,0.000209462986364965,0.000423699537408153,0.0566458774311216,0.00168274229699457,0.594874587347558,14.1092568120707,14.8795039163715,1,0.1,1.5
2013,98,0.00023869867776749,0.000433109061894447,0.0593401999961894,0.00171856398009929,0.622443137034102,14.7071490351034,15.5019470534056,1,0.1,1.5
2013,97,0.000273545078180885,0.00043775317564978,0.061563374756791,0.00173531102496886,0.644983800209417,15.3273426778133,16.1469308536151,1,0.1,1.5
2013,96,0.000315752856364506,0.0004357299596942,0.0629900782031145,0.00172551102346003,0.65911874101033,15.9618112613456,16.8060495946254,1,0.1,1.5
2013,95,0.00036499349100484,0.000427438165775285,0.0635899913635406,0.00169083854259866,0.66457246061,16.6022288856328,17.4706220552354,1,0.1,1.5
2013,94,0.000419058236425454,0.000418255781595147,0.0641000968695105,0.00165263462335144,0.669071964716551,17.2476917843014,18.1396940199519,1,0.1,1.5
2013,93,0.000482448475944876,0.000408673069083228,0.0645876385668342,0.00161284539775424,0.673325397215817,17.8979765329779,18.8130194171678,1,0.1,1.5
2013,92,0.00060299185065275,0.00039872310377084,0.0650521284209443,0.00157160511262834,0.67736201142323,18.5528870427922,19.490381428591,1,0.1,1.5
2013,91,0.000790773523234668,0.000388426952633994,0.0654939614505291,0.0015290002498652,0.681193927092814,19.2122381091726,20.1715753556838,1,0.1,1.5
2013,90,0.0010414617850305,0.000377799851951432,0.0659136179677485,0.00148509413248547,0.684824116517765,19.8758465952263,20.8563994722016,1,0.1,1.5
2013,89,0.00134841444488856,0.000366858198642476,0.0663119551878036,0.00143995452651364,0.688257855777914,20.543533672054,21.5446573279795,1,0.1,1.5
2013,88,0.00170280607384191,0.0003556191312193,0.0666901730834131,0.00139365195126277,0.69150243978502,21.2151267982496,22.2361597677645,1,0.1,1.5
2013,87,0.00209388679772291,0.000344081248655867,0.0670460073893188,0.00134618426737484,0.694528014731203,21.8904236091611,22.9306877824957,1,0.1,1.5
2013,86,0.00252911276352324,0.000332248682465378,0.0673764810224162,0.00129757138474975,0.697310106292351,22.5691969813856,23.627997888788,1,0.1,1.5
2013,85,0.00302291307004381,0.00032014677023345,0.0676821805853082,0.00124791615523098,0.699865922581603,23.2512355303211,24.3278638113696,1,0.1,1.5
2013,84,0.00357226601493947,0.000307793506663454,0.0679635275942135,0.0011972924844848,0.702198900035179,23.9363302520065,25.0300627114048,1,0.1,1.5
2013,83,0.00417217271569693,0.000295207652420673,0.0682212940624969,0.00114577709441809,0.704314709832279,24.6242767176328,25.7343774212371,1,0.1,1.5
2013,82,0.00481565734026768,0.000282408465315015,0.0684566060552408,0.00109344842774856,0.706221275257382,25.3148773010652,26.4405986964945,1,0.1,1.5
2013,81,0.00549378725136755,0.000269415353502405,0.0686709266174499,0.00104038525383873,0.707928591027178,26.0079432456089,27.1485272875217,1,0.1,1.5
2013,80,0.00617346163419549,0.000256239522552783,0.068865288302533,0.000986634501686286,0.70942569793584,26.7032741649493,27.8579529854575,1,0.1,1.5
2013,79,0.00684460455639497,0.000242902338175855,0.0690418271832127,0.000932282197349411,0.71072868202314,27.4006845298674,28.5686816674806,1,0.1,1.5
2013,78,0.00751361466098227,0.000229429943603495,0.0692035464679539,0.000877432127553868,0.71187358523557,28.1000233704236,29.2805552527162,1,0.1,1.5
2013,77,0.00816621169751122,0.000215839538629249,0.0693530050150264,0.000822153086683503,0.71287763076371,28.8011559570919,29.9934328834799,1,0.1,1.5
2013,76,0.0087871703769529,0.000202146792714501,0.0694928672745667,0.000766507547719304,0.713758362082009,29.5039642113493,30.7071912455619,1,0.1,1.5
2013,75,0.00936087758225378,0.000188349838799528,0.0696196828707334,0.000710491457092556,0.71447079010863,30.2082851234995,31.4216620356706,1,0.1,1.5
2013,74,0.00990134123530219,0.000174454888874757,0.069729518177707,0.000654132291343631,0.714985371841881,30.9139257483222,32.1366474075124,1,0.1,1.5
2013,73,0.0104302392195847,0.000160484593062698,0.0698241081550829,0.000597519399106323,0.715335411710317,31.6207251686167,32.8519828192228,1,0.1,1.5
2013,72,0.010943330463636,0.000146452995450155,0.0699042105083639,0.000540709197253957,0.715526605784192,32.3285273572972,33.5675094250069,1,0.1,1.5
2013,71,0.0114363299740136,0.000132373647057541,0.0699706084708316,0.000483756005297779,0.71556484123725,33.0371813984588,34.2830742662442,1,0.1,1.5
2013,70,0.0119049406274879,0.000118259566409497,0.0700241035425325,0.000426711895131601,0.715456142390577,33.7465416566332,34.9985304086348,1,0.1,1.5
2013,69,0.0123448861905648,0.000104123207658905,0.0700655075900003,0.000369626571935905,0.715206611702719,34.4564678887369,35.7137370203375,1,0.1,1.5
2013,68,0.0127519454795913,8.99764375064994e-05,0.0700956346731239,0.000312547290894618,0.714822369391193,35.1668252968296,36.4285593897287,1,0.1,1.5
2013,67,0.0131219875903563,7.58305211692151e-05,0.0701152926425746,0.000255518810603783,0.714309492087254,35.8774845201939,37.1428688818159,1,0.1,1.5
2013,66,0.0134510081719988,6.16961181487217e-05,0.0701252753176461,0.00019858338552104,0.713673958646724,36.5883215733332,37.8565428404627,1,0.1,1.5
2013,65,0.0137351630507112,4.75832834223011e-05,0.0701263498749252,0.000141780783660848,0.712921546717199,37.2992176802838,38.5694643871799,1,0.1,1.5
2013,64,0.0139708242108946,3.35013290899923e-05,0.0701188279889379,8.51480323103781e-05,0.712053576449119,38.0100548562713,39.281517963629,1,0.1,1.5
2013,63,0.0141566193856268,1.94593812053364e-05,0.0701026188321805,2.87215288541452e-05,0.711068835946002,38.7207133846623,39.992586799575,1,0.1,1.5
2013,62,0.0142935557971787,5.56103009882613e-06,0.0700779600439924,3.05797158898873e-09,0.71036429162434,39.4310776326013,40.7029510911993,1,0.1,1.5
2013,61,0.0143819976631218,3.87875649606799e-08,0.070053582033068,0,0.710124206648411,40.1412018392497,41.4130752978477,1,0.1,1.5
2013,60,0.014422593205688,2.40391983070605e-10,0.0700365615435938,0,0.709980679976983,40.8511825192267,42.1230559778247,1,0.1,1.5
2013,59,0.0144162531860736,1.21660147086988e-12,0.0700267429707508,0,0.709878265177056,41.5610607844038,42.8329342430018,1,0.1,1.5
2013,58,0.014364130186679,4.00853244164706e-15,0.0700239247472691,0,0.709815334263851,42.2708761186676,43.5427495772656,1,0.1,1.5
2013,57,0.0142675880575216,4.60755130122972e-18,0.0700280900167574,0,0.709792625539255,42.9806687442069,44.2525422028049,1,0.1,1.5
2013,56,0.0141281581999049,2.1096458168401e-20,0.070038393181918,0,0.70980270395245,43.6904714481593,44.9623449067573,1,0.1,1.5
2013,55,0.0139511180168428,7.06619699263609e-23,0.0700595654911081,0,0.709896400255643,44.400367848415,45.672241307013,1,0.1,1.5
2013,54,0.0137134382863921,6.11134220765708e-26,0.0704839786544713,0,0.713982078735641,45.1143499271506,46.3862233857486,1,0.1,1.5
2013,53,0.0115438072833821,1.40341027259922e-28,0.0703767167600726,0,0.711463039122981,45.8258129662736,47.0976864248716,1,0.1,1.5
2013,52,0.230876145667642,2.1329842469453e-31,1.25600252774542,0,12.7139427078993,58.5397556741729,59.8116291327709,20,0.1,1.5
2013,51,0.230876145667642,4.98945343336923e-88,1.06371439938058,0,10.7910614242509,69.3308170984237,70.6026905570217,20,0.1,1.5
2013,50,0.230876145667642,5.4097324071921e-118,1.17925205376515,0,11.9464379680966,81.2772550665204,82.5491285251184,20,0.1,1.5
2013,49,0.230876145667642,7.75843450946578e-152,1.2999671178674,0,13.1535886091191,94.4308436756395,95.7027171342375,20,0.1,1.5
2013,48,0.230876145667642,4.03362672442078e-174,1.38608335635236,0,14.0147509939687,108.445594669608,109.717468128206,20,0.1,1.5
2013,47,0.230876145667642,3.56754758476519e-176,1.38996092803078,0,14.0535267107529,122.499121380361,123.770994838959,20,0.1,1.5
2013,46,0.230876145667642,3.56754758476524e-216,1.3871836455166,0,14.025753885611,136.524875265972,137.79674872457,20,0.1,1.5
2013,45,0.230876145667642,3.56754758476528e-256,1.38441191229377,0,13.9980365533828,150.522911819355,151.794785277953,20,0.1,1.5
2013,44,0.230876145667642,3.56754758476533e-296,1.38164571727426,0,13.9703746031877,164.493286422543,165.765159881141,20,0.1,1.5
2013,43,0.230876145667642,0,1.37888504939216,0,13.9427679243667,178.436054346909,179.707927805507,20,0.1,1.5
2013,42,0.230876145667642,0,1.37612989760371,0,13.9152164064822,192.351270753392,193.62314421199,20,0.1,1.5
2013,41,0.230876145667642,0,1.37338025088719,0,13.887719939317,206.238990692709,207.510864151307,20,0.1,1.5
2013,40,0.230876145667642,0,1.37063609824291,0,13.8602784128742,220.099269105583,221.371142564181,20,0.1,1.5
2013,39,0.230876145667642,0,1.36789742869315,0,13.8328917173766,233.932160822959,235.204034281557,20,0.1,1.5
2013,38,0.230876145667642,0,1.36516423128213,0,13.8055597432664,247.737720566226,249.009594024824,20,0.1,1.5
2013,37,0.230876145667642,0,1.36243649507598,0,13.7782823812049,261.516002947431,262.787876406029,20,0.1,1.5
2013,36,0.230876145667642,0,1.35971420916265,0,13.7510595220716,275.267062469502,276.5389359281,20,0.1,1.5
2013,35,0.230876145667642,0,1.35699736265191,0,13.7238910569642,288.990953526467,290.262826985065,20,0.1,1.5
2013,34,0.230876145667642,0,1.35428594467528,0,13.6967768771979,302.687730403664,303.959603862262,20,0.1,1.5
2013,33,0.230876145667642,0,1.35157994438599,0,13.669716874305,316.35744727797,317.629320736567,20,0.1,1.5
2013,32,0.230876145667642,0,1.34887935095897,0,13.6427109400348,330.000158218004,331.272031676602,20,0.1,1.5
2013,31,0.230876145667642,0,1.34618415359075,0,13.6157589663526,343.615917184357,344.887790642955,20,0.1,1.5
2013,30,0.230876145667642,0,1.34349434149946,0,13.5888608454397,357.204778029797,358.476651488394,20,0.1,1.5
2013,29,0.230876145667642,0,1.34080990392478,0,13.5620164696929,370.76679449949,372.038667958087,20,0.1,1.5
2013,28,0.230876145667642,0,1.33813083012787,0,13.5352257317238,384.302020231213,385.573893689811,20,0.1,1.5
2013,27,0.230876145667642,0,1.33545710939137,0,13.5084885243588,397.810508755572,399.08238221417,20,0.1,1.5
2013,26,0.230876145667642,0,1.33278873101932,0,13.4818047406383,411.29231349621,412.564186954808,20,0.1,1.5
2013,25,0.230876145667642,0,1.33012568433714,0,13.4551742738165,424.747487770027,426.019361228625,20,0.1,1.5
2013,24,0.230876145667642,0,1.32746795869157,0,13.4285970173607,438.176084787388,439.447958245985,20,0.1,1.5
2013,23,0.230876145667642,0,1.32481554345063,0,13.4020728649514,451.578157652339,452.850031110937,20,0.1,1.5
2013,22,0.230876145667642,0,1.32216842800362,0,13.3756017104813,464.95375936282,466.225632821418,20,0.1,1.5
2013,21,0.230876145667642,0,1.31952660176099,0,13.349183448055,478.302942810876,479.574816269473,20,0.1,1.5
2013,20,0.230876145667642,0,1.31689005415439,0,13.322817971989,491.625760782865,492.897634241462,20,0.1,1.5
2013,19,0.230876145667642,0,1.31425877463657,0,13.2965051768108,504.922265959675,506.194139418273,20,0.1,1.5
2013,18,0.230876145667642,0,1.31163275268135,0,13.2702449572586,518.192510916934,519.464384375532,20,0.1,1.5
2013,17,0.230876145667642,0,1.30901197778359,0,13.244037208281,531.436548125215,532.708421583813,20,0.1,1.5
2013,16,0.230876145667642,0,1.30639643945914,0,13.2178818250365,544.654429950251,545.926303408849,20,0.1,1.5
2013,15,0.230876145667642,0,1.3037861272448,0,13.1917787028931,557.846208653144,559.118082111742,20,0.1,1.5
2013,14,0.230876145667642,0,1.30118103069827,0,13.1657277374278,571.011936390572,572.28380984917,20,0.1,1.5
2013,13,0.230876145667642,0,1.29858113939812,0,13.1397288244263,584.151665214998,585.423538673596,20,0.1,1.5
2013,12,0.230876145667642,0,1.29598644294373,0,13.1137818598824,597.265447074881,598.537320533479,20,0.1,1.5
2013,11,0.230876145667642,0,1.29339693095529,0,13.087886739998,610.353333814879,611.625207273477,20,0.1,1.5
2013,10,0.230876145667642,0,1.2908125930737,0,13.0620433611821,623.415377176061,624.687250634659,20,0.1,1.5
2013,9,0.230876145667642,0,1.28823341896058,0,13.0362516200509,636.451628796112,637.72350225471,20,0.1,1.5
2013,8,0.230876145667642,0,1.28565939829819,0,13.010511413427,649.462140209539,650.734013668137,20,0.1,1.5
2013,7,0.230876145667642,0,1.28309052078942,0,12.9848226383393,662.446962847878,663.718836306476,20,0.1,1.5
2013,6,0.230876145667642,0,1.28052677615773,0,12.9591851920224,675.4061480399,676.678021498498,20,0.1,1.5
2013,5,0.230876145667642,0,1.27796815414711,0,12.9335989719162,688.339747011816,689.611620470415,20,0.1,1.5
2013,4,0.230876145667642,0,1.27541464452204,0,12.9080638756655,701.247810887482,702.51968434608,20,0.1,1.5
2013,3,0.230876145667642,0,1.27286623706747,0,12.8825798011198,714.130390688602,715.4022641472,20,0.1,1.5
2013,2,0.0115438072833821,0,0.000540858430003051,0,0.0131044558222852,714.143495144424,715.415368603022,1,0.1,1.5
2013,1,150,0,1.28508083212441,0,112.850808321244,826.994303465668,828.266176924266,99999,0.1,1.5
2014,139,0.000197050406914178,0.0392784450449392,0.0392784450449392,0,0.785700267836726,0,0,1,0.1,1.5
2014,138,0.000189728625741117,0.000386174029242305,0.038613541183938,0.00187675964760458,0.416934489990934,0.390123637882297,0.416934489990934,1,0.1,1.5
2014,137,0.000182709526676344,0.000456872325667277,0.0383898183884349,0.00184850590056998,0.414995940643139,0.778712351374437,0.831930430634073,1,0.1,1.5
2014,136,0.000175981314314298,0.000450319284249583,0.0381328686674799,0.0018153771753861,0.411883160041877,1.16466155176794,1.24381359067595,1,0.1,1.5
2014,135,0.000169535357092583,0.000442030612830298,0.0378437539818799,0.00178114541117091,0.408415803963795,1.54763242128644,1.65222939463975,1,0.1,1.5
2014,134,0.000163364682724517,0.000433500608970425,0.0375253867182588,0.00174607782968887,0.40464175205633,1.92733020434721,2.05687114669608,1,0.1,1.5
2014,133,0.000157468699240601,0.000424798602509804,0.0371803289246077,0.00171034830310845,0.400589801591266,2.30348645875121,2.45746094828734,1,0.1,1.5
2014,132,0.000151841685577023,0.000416028244303705,0.0368167186179365,0.00167437317757607,0.396348313235302,2.675915155164,2.85380926152264,1,0.1,1.5
2014,131,0.000146515921881598,0.000407260567899694,0.0364402822635174,0.00163843865183746,0.391979372050246,3.04448826075943,3.24578863357289,1,0.1,1.5
2014,130,0.00014149865906934,0.000398487792205218,0.0360499177157701,0.00160251350173488,0.387471437543916,3.40906664827856,3.63326007111681,1,0.1,1.5
2014,129,0.000136750235990154,0.000389693125729131,0.0356436527761306,0.00156653035012621,0.382803630844394,3.76949127412115,4.0160637019612,1,0.1,1.5
2014,128,0.000132231556919646,0.000380846017095488,0.0352181455423653,0.0015303666682838,0.377940450941371,4.12556934408704,4.39400415290257,1,0.1,1.5
2014,127,0.000127901810290195,0.000371906061830676,0.0347689670053232,0.00149386059145155,0.37283486413723,4.4770633426321,4.7668390170398,1,0.1,1.5
2014,126,0.000123720720195679,0.000362804240882669,0.0342887555527435,0.0014567356884857,0.367408588251902,4.8236614210485,5.1342476052917,1,0.1,1.5
2014,125,0.000119639214928724,0.000353479053041496,0.0337705113282943,0.00141874621355942,0.361587466340826,5.16498108433847,5.49583507163253,1,0.1,1.5
2014,124,0.000115618214799231,0.000343772718432719,0.033197561599462,0.00137926065537311,0.355194145637,5.50047150632729,5.85102921726953,1,0.1,1.5
2014,123,0.000111579602478561,0.000333676525515655,0.0325670507388229,0.00133824639531464,0.348199464692389,5.82955316537232,6.19922868196192,1,0.1,1.5
2014,122,0.00010752209555898,0.000322801491498373,0.0318383714236635,0.00129414653457334,0.34017121818542,6.15123657592098,6.53939990014734,1,0.1,1.5
2014,121,0.00010328346784524,0.000312210068245216,0.031114389933724,0.00125122267167584,0.332209465260292,6.4655714315859,6.87160936540763,1,0.1,1.5
2014,120,9.93221297968307e-05,0.00030343072986675,0.0305505893949937,0.00121559513890489,0.325972060843301,6.77417784758771,7.19758142625093,1,0.1,1.5
2014,119,9.62260267864903e-05,0.000296406506709591,0.0301481877918173,0.00118702519070838,0.321467596394198,7.0786879412575,7.51904902264513,1,0.1,1.5
2014,118,9.39093157359198e-05,0.000291057336277084,0.0299058324826171,0.00116518224347966,0.31867696502057,7.38071944565693,7.8377259876657,1,0.1,1.5
2014,117,9.22954497642281e-05,0.000287257562156242,0.0298171357756989,0.00114955392149118,0.31752766255684,7.68182490933533,8.15525365022254,1,0.1,1.5
2014,116,9.13096760748181e-05,0.000284848087941557,0.0298717358140028,0.00113949494858363,0.317905211402307,7.98345162147215,8.47315886162485,1,0.1,1.5
2014,115,9.08799205917309e-05,0.000283598552933956,0.030051100676652,0.00113407612216411,0.319608666369074,8.28685920038174,8.79276752799392,1,0.1,1.5
2014,114,9.09181511776128e-05,0.000283277439742089,0.0303356212184862,0.00113236509146667,0.322426242846878,8.59310879906481,9.1151937708408,1,0.1,1.5
2014,113,9.13426677909883e-05,0.000283487345902527,0.0306866413585646,0.00113276826893557,0.325944585998468,8.90287098122134,9.44113835683927,1,0.1,1.5
2014,112,9.20091095629163e-05,0.000284023806418861,0.0310846904227958,0.0011344653978965,0.329955130239901,9.21661946291987,9.77109348707917,1,0.1,1.5
2014,111,9.28453480993618e-05,0.000284184562002981,0.0314538343073772,0.0011346505514672,0.333651379184923,9.5340615485124,10.1047448662641,1,0.1,1.5
2014,110,9.35740399939811e-05,0.000285012024195249,0.0319102861244938,0.00113748502262969,0.338265150217787,9.85607691269262,10.4430100164819,1,0.1,1.5
2014,109,9.46190478656791e-05,0.000288407150801301,0.0326750176157047,0.00115054555873426,0.346133692155079,10.1857742397229,10.789143708637,1,0.1,1.5
2014,108,9.68099325605506e-05,0.000294436958112592,0.0337712735505249,0.00117408024005463,0.357494219899339,10.5264958847643,11.1466379285363,1,0.1,1.5
2014,107,0.000100297303143751,0.000303127479092565,0.0352201065095486,0.00120817121265432,0.372558793507379,10.8817950895195,11.5191967220437,1,0.1,1.5
2014,106,0.000105278796428683,0.000314418150596663,0.0370353059175855,0.00125255270173758,0.39146103657093,11.2553625160656,11.9106577586146,1,0.1,1.5
2014,105,0.00011200539294908,0.000328120759130488,0.0392184524737211,0.00130644779342151,0.414203942496504,11.6509029186561,12.3248617011111,1,0.1,1.5
2014,104,0.000120785541874898,0.00034387540892884,0.0417529843262097,0.00136839415730638,0.440597609007488,12.0719520397021,12.7654593101186,1,0.1,1.5
2014,103,0.00013198617346202,0.000361102455852661,0.0445967875511847,0.00143605489434133,0.470181960771843,12.5216189305548,13.2356412708904,1,0.1,1.5
2014,102,0.000146022023884342,0.000378982030771682,0.0476768001352984,0.00150614068757828,0.502171465213456,13.0022741002314,13.7378127361039,1,0.1,1.5
2014,101,0.000163340102769242,0.000396429600814659,0.0508814945674828,0.00157431792515918,0.535378391158523,13.5151622353162,14.2731911272624,1,0.1,1.5
2014,100,0.000184356430157904,0.000412222061075067,0.0540710823000113,0.00163571614367286,0.568323321378676,14.0601181832138,14.8415144486411,1,0.1,1.5
2014,99,0.000209462986364965,0.000424922569622723,0.0570608984176271,0.00168463685383943,0.599064092632543,14.6351160350772,15.4405785412736,1,0.1,1.5
2014,98,0.00023869867776749,0.000433972085643768,0.0597639069712146,0.0017188846746931,0.626693418373187,15.2372539580977,16.0672719596468,1,0.1,1.5
2014,97,0.000273545078180885,0.000438205287998712,0.0619910461755576,0.00173388253762642,0.649244628558537,15.8617288361187,16.7165165882054,1,0.1,1.5
2014,96,0.000315752856364506,0.000435735055461949,0.0634151569511592,0.00172223431813148,0.663322769372332,16.5004482580891,17.3798393575777,1,0.1,1.5
2014,95,0.00036499349100484,0.000426984017307418,0.0640063420000539,0.00168571119106382,0.668658177611385,17.1450248472568,18.0484975351891,1,0.1,1.5
2014,94,0.000419058236425454,0.000417341213653811,0.0645068455156614,0.00164565956207063,0.673030661766064,17.7945460867075,18.7215281969551,1,0.1,1.5
2014,93,0.000482448475944876,0.000407298080129393,0.0649843911524161,0.00160402672585047,0.677153192154901,18.4487846113503,19.39868138911,1,0.1,1.5
2014,92,0.00060299185065275,0.000396888509194793,0.0654385244862593,0.00156095005892839,0.681055411077762,19.1075407358719,20.0797368001878,1,0.1,1.5
2014,91,0.000790773523234668,0.00038613433199264,0.0658696621168504,0.0015165190390211,0.684749704537554,19.7706258827092,20.7644865047254,1,0.1,1.5
2014,90,0.0010414617850305,0.000375051531640883,0.0662783001390731,0.0014707999519551,0.6882392524489,20.437853707273,21.4527257571743,1,0.1,1.5
2014,89,0.00134841444488856,0.000363657213614836,0.0666653126239132,0.0014238633535815,0.691529546389704,21.1090423486115,22.144255303564,1,0.1,1.5
2014,88,0.00170280607384191,0.000351969179127886,0.0670319170539204,0.00137578235213549,0.694628099981647,21.7840164149913,22.8388834035456,1,0.1,1.5
2014,87,0.00209388679772291,0.00033998687933027,0.0673758488554236,0.00132655832086575,0.697505115034579,22.4625706968706,23.5363885185802,1,0.1,1.5
2014,86,0.00252911276352324,0.000327715333012092,0.0676941362205014,0.0012762147809608,0.700136230438828,23.1444752875814,24.236524749019,1,0.1,1.5
2014,85,0.00302291307004381,0.00031518050651008,0.0679873914060574,0.00122485695579607,0.702538951017076,23.8295162820871,24.9390637000361,1,0.1,1.5
2014,84,0.00357226601493947,0.000302401056187834,0.0682560543625753,0.00117256131151907,0.704716940743101,24.5174823469514,25.6437806407792,1,0.1,1.5
2014,83,0.00417217271569693,0.000289396350128729,0.0685009162066951,0.00111940689599337,0.706676101130989,25.2081669209968,26.3504567419102,1,0.1,1.5
2014,82,0.00481565734026768,0.00027618619159029,0.0687231225015724,0.00106547421383706,0.708424585356144,25.9013704461552,27.0588813272663,1,0.1,1.5
2014,81,0.00549378725136755,0.000262790466994708,0.0689241558382478,0.00101084381380329,0.709972613798146,26.5969024340419,27.7688539410645,1,0.1,1.5
2014,80,0.00617346163419549,0.000249221020647099,0.0691050603991244,0.000955565130542414,0.711309385723498,27.2945608893291,28.480163326788,1,0.1,1.5
2014,79,0.00684460455639497,0.000235499572719111,0.0692679935498317,0.000899725436576933,0.712451221452299,27.9941588902588,29.1926145482403,1,0.1,1.5
2014,78,0.00751361466098227,0.000221652331324502,0.0694159841451956,0.000843428526412745,0.713434420154609,28.6955443314647,29.9060489683949,1,0.1,1.5
2014,77,0.00816621169751122,0.000207696667057168,0.0695516079861958,0.000786743709670283,0.714276383516636,29.3985815191289,30.6203253519115,1,0.1,1.5
2014,76,0.0087871703769529,0.000193648354856971,0.0696775448747691,0.000729733715153816,0.714994813240236,30.1031515650098,31.3353201651517,1,0.1,1.5
2014,75,0.00936087758225378,0.000179506362661134,0.0697903437667194,0.000672397902592534,0.715544770671392,30.8090906513584,32.0508649358231,1,0.1,1.5
2014,74,0.00990134123530219,0.000165277621724655,0.0698860782987252,0.00061476661826062,0.715896833622232,31.5162051047198,32.7667617694454,1,0.1,1.5
2014,73,0.0104302392195847,0.000150984695707208,0.069966505594044,0.000556928615116957,0.716084518783668,32.2243335004304,33.482846288229,1,0.1,1.5
2014,72,0.010943330463636,0.000136641829267991,0.0700323973866266,0.000498940970686083,0.716113673954028,32.9333194462317,34.1989599621831,1,0.1,1.5
2014,71,0.0114363299740136,0.00012226273779502,0.070084550411309,0.000440858519434041,0.715990330322773,33.6430117977054,34.9149502925058,1,0.1,1.5
2014,70,0.0119049406274879,0.000107860569446995,0.0701237791059611,0.000382733709174602,0.715720648255853,34.3532648215445,35.6306709407617,1,0.1,1.5
2014,69,0.0123448861905648,9.34478750605654e-05,0.0701509076822252,0.000324616489848451,0.715310858126307,35.0639383012444,36.345981798888,1,0.1,1.5
2014,68,0.0127519454795913,7.90365870987194e-05,0.0701667619323803,0.000266554239037824,0.714767199881724,35.7748975834256,37.0607489987697,1,0.1,1.5
2014,67,0.0131219875903563,6.46380078626378e-05,0.0701721608159613,0.000208591724966265,0.714095861750376,36.4860135633907,37.7748448605201,1,0.1,1.5
2014,66,0.0134510081719988,5.02628075617471e-05,0.0701679086364946,0.00015077110868171,0.713302926203063,37.1971626166126,38.4881477867232,1,0.1,1.5
2014,65,0.0137351630507112,3.5921028749435e-05,0.0701547824358529,9.31319753226518e-05,0.712394266803488,37.9082264266258,39.2005420535266,1,0.1,1.5
2014,64,0.0139708242108946,2.16220213684944e-05,0.0701331031142166,3.57113848765199e-05,0.711371296804207,38.6190875607889,39.9119133503309,1,0.1,1.5
2014,63,0.0141566193856268,7.37497602558965e-06,0.0701027889525108,4.38874507046542e-07,0.710545655178263,39.3296269463314,40.6224590055091,1,0.1,1.5
2014,62,0.0142935557971787,5.63747938855085e-08,0.0700709530124809,0,0.710239131070867,40.0398660774022,41.33269813658,1,0.1,1.5
2014,61,0.0143819976631218,3.87875649606799e-10,0.0700465766748647,0,0.710053769069485,40.7499198464717,42.0427519056495,1,0.1,1.5
2014,60,0.014422593205688,2.40391983070605e-12,0.0700295578874394,0,0.709910641035558,41.4598304875073,42.752662546685,1,0.1,1.5
2014,59,0.0144162531860736,1.21660147086988e-14,0.0700197402964537,0,0.709808238422041,42.1696387259293,43.4624707851071,1,0.1,1.5
2014,58,0.014364130186679,4.00853244164706e-17,0.0700169223547944,0,0.709745310339064,42.8793840362684,44.1722160954461,1,0.1,1.5
2014,57,0.0142675880575216,4.60755130122973e-20,0.0700210872077557,0,0.709722597449238,43.5891066337176,44.8819386928954,1,0.1,1.5
2014,56,0.0141281581999049,2.1096458168401e-22,0.0700313893425998,0,0.709732665559268,44.2988392992769,45.5916713584546,1,0.1,1.5
2014,55,0.0139511180168428,7.06619699263609e-25,0.070052559534559,0,0.709826340690152,45.008665639967,46.3014976991448,1,0.1,1.5
2014,54,0.0137134382863921,6.11134220765709e-28,0.0704769302566059,0,0.713911594756987,45.722577234724,47.0154092939018,1,0.1,1.5
2014,53,0.0115438072833821,1.40341027259922e-30,0.0703696790883966,0,0.711392662406221,46.4339698971302,47.726801956308,1,0.1,1.5
2014,52,0.230876145667642,2.1329842469453e-33,1.25587692749264,0,12.7126867053715,59.1466566025018,60.4394886616795,20,0.1,1.5
2014,51,0.230876145667642,4.98945343336924e-90,1.06360802794064,0,10.7899977098515,69.9366543123533,71.229486371531,20,0.1,1.5
2014,50,0.230876145667642,5.4097324071921e-120,1.17913412855978,0,11.9452587160429,81.8819130283961,83.1747450875739,20,0.1,1.5
2014,49,0.230876145667642,7.75843450946578e-154,1.29983712115562,0,13.1522886420013,95.0342016703974,96.3270337295752,20,0.1,1.5
2014,48,0.230876145667642,4.03362672442079e-176,1.38594474801673,0,14.0133649106124,109.04756658101,110.340398640188,20,0.1,1.5
2014,47,0.230876145667642,3.5675475847652e-178,1.38982193193797,0,14.0521367498248,123.099703330835,124.392535390012,20,0.1,1.5
2014,46,0.230876145667642,3.56754758476524e-218,1.38704492715204,0,14.0243667019655,137.1240700328,138.416902091978,20,0.1,1.5
2014,45,0.230876145667642,3.56754758476529e-258,1.38427347110254,0,13.9966521414705,151.120722174271,152.413554233448,20,0.1,1.5
2014,44,0.230876145667642,3.56754758476533e-298,1.38150755270253,0,13.9689929574704,165.089715131741,166.382547190919,20,0.1,1.5
2014,43,0.230876145667642,0,1.37874716088723,0,13.9413890393174,179.031104171058,180.323936230236,20,0.1,1.5
2014,42,0.230876145667642,0,1.37599228461395,0,13.9138402765846,192.944944447643,194.237776506821,20,0.1,1.5
2014,41,0.230876145667642,0,1.3732429128621,0,13.8863465590661,206.831291006709,208.124123065887,20,0.1,1.5
2014,40,0.230876145667642,0,1.37049903463308,0,13.8589077767759,220.690198783485,221.983030842663,20,0.1,1.5
2014,39,0.230876145667642,0,1.36776063895028,0,13.8315238199479,234.521722603433,235.814554662611,20,0.1,1.5
2014,38,0.230876145667642,0,1.36502771485901,0,13.8041945790351,248.325917182468,249.618749241646,20,0.1,1.5
2014,37,0.230876145667642,0,1.36230025142648,0,13.7769199447098,262.102837127178,263.395669186356,20,0.1,1.5
2014,36,0.230876145667642,0,1.35957823774174,0,13.7496998078625,275.85253693504,277.145368994218,20,0.1,1.5
2014,35,0.230876145667642,0,1.35686166291565,0,13.7225340596016,289.575070994642,290.86790305382,20,0.1,1.5
2014,34,0.230876145667642,0,1.35415051608081,0,13.6954225912532,303.270493585895,304.563325645073,20,0.1,1.5
2014,33,0.230876145667642,0,1.35144478639155,0,13.6683652943606,316.938858880256,318.231690939434,20,0.1,1.5
2014,32,0.230876145667642,0,1.34874446302387,0,13.6413620606838,330.58022094094,331.873053000117,20,0.1,1.5
2014,31,0.230876145667642,0,1.34604953517539,0,13.614412782199,344.194633723139,345.487465782316,20,0.1,1.5
2014,30,0.230876145667642,0,1.34335999206531,0,13.5875173510982,357.782151074237,359.074983133415,20,0.1,1.5
2014,29,0.230876145667642,0,1.34067582293438,0,13.5606756597889,371.342826734026,372.635658793204,20,0.1,1.5
2014,28,0.230876145667642,0,1.33799701704486,0,13.5338876008937,384.87671433492,386.169546394097,20,0.1,1.5
2014,27,0.230876145667642,0,1.33532356368043,0,13.5071530672494,398.383867402169,399.676699461347,20,0.1,1.5
2014,26,0.230876145667642,0,1.33265545214622,0,13.4804719519073,411.864339354076,413.157171413254,20,0.1,1.5
2014,25,0.230876145667642,0,1.32999267176871,0,13.4538441481321,425.318183502208,426.611015561386,20,0.1,1.5
2014,24,0.230876145667642,0,1.3273352118957,0,13.4272695494021,438.74545305161,440.038285110788,20,0.1,1.5
2014,23,0.230876145667642,0,1.32468306189629,0,13.400748049408,452.146201101018,453.439033160196,20,0.1,1.5
2014,22,0.230876145667642,0,1.32203621116082,0,13.3742795420533,465.520480643072,466.813312702249,20,0.1,1.5
2014,21,0.230876145667642,0,1.31939464910082,0,13.3478639214532,478.868344564525,480.161176623703,20,0.1,1.5
2014,20,0.230876145667642,0,1.31675836514898,0,13.3215010819349,492.18984564646,493.482677705638,20,0.1,1.5
2014,19,0.230876145667642,0,1.31412734875911,0,13.2951909180362,505.485036564496,506.777868623674,20,0.1,1.5
2014,18,0.230876145667642,0,1.31150158940608,0,13.2689333245059,518.753969889002,520.04680194818,20,0.1,1.5
2014,17,0.230876145667642,0,1.30888107658581,0,13.2427281963032,531.996698085305,533.289530144483,20,0.1,1.5
2014,16,0.230876145667642,0,1.3062657998152,0,13.2165754285971,545.213273513902,546.50610557308,20,0.1,1.5
2014,15,0.230876145667642,0,1.30365574863208,0,13.1904749167659,558.403748430668,559.696580489846,20,0.1,1.5
2014,14,0.230876145667642,0,1.3010509125952,0,13.1644265563971,571.568174987065,572.861007046243,20,0.1,1.5
2014,13,0.230876145667642,0,1.29845128128418,0,13.1384302432869,584.706605230352,585.99943728953,20,0.1,1.5
2014,12,0.230876145667642,0,1.29585684429944,0,13.1124858734395,597.819091103791,599.111923162969,20,0.1,1.5
2014,11,0.230876145667642,0,1.29326759126219,0,13.086593343067,610.905684446858,612.198516506036,20,0.1,1.5
2014,10,0.230876145667642,0,1.29068351181439,0,13.060752548589,623.966436995447,625.259269054625,20,0.1,1.5
2014,9,0.230876145667642,0,1.28810459561868,0,13.0349633866319,637.001400382079,638.294232441257,20,0.1,1.5
2014,8,0.230876145667642,0,1.28553083235836,0,13.0092257540287,650.010626136108,651.303458195286,20,0.1,1.5
2014,7,0.230876145667642,0,1.28296221173734,0,12.9835395478185,662.994165683926,664.286997743104,20,0.1,1.5
2014,6,0.230876145667642,0,1.28039872348012,0,12.9579046652463,675.952070349173,677.244902408351,20,0.1,1.5
2014,5,0.230876145667642,0,1.2778403573317,0,12.9323210037621,688.884391352935,690.177223412113,20,0.1,1.5
2014,4,0.230876145667642,0,1.27528710305759,0,12.906788461021,701.791179813956,703.084011873134,20,0.1,1.5
2014,3,0.230876145667642,0,1.27273895044376,0,12.8813069348827,714.672486748838,715.965318808016,20,0.1,1.5
2014,2,0.0115438072833821,0,0.000540804344160051,0,0.0131039149638552,714.685590663802,715.97842272298,1,0.1,1.5
2014,1,150,0,1.28495232404119,0,112.849523240412,827.535113904214,828.827945963392,99999,0.1,1.5
2015,140,0.000204689386799008,0.0399256959451952,0.0399256959451952,0,0.798650378495104,0,0,1,0.1,1.5
2015,139,0.000197050406914178,0.000392784450449392,0.0392745172004347,0.00194101835964767,0.424533217156036,0.396804383446783,0.424533217156036,1,0.1,1.5
2015,138,0.000189728625741117,0.000473051652193568,0.0390788697417208,0.00191331422731025,0.422978760079784,0.792450083136421,0.84751197723582,1,0.1,1.5
2015,137,0.000182709526676344,0.000466695198399167,0.0388481058817386,0.00188006683139255,0.420127914743817,1.18571990028892,1.26763989197964,1,0.1,1.5
2015,136,0.000175981314314298,0.00045834748668902,0.0385828996744596,0.0018455491478419,0.416894780314009,1.57624969277661,1.68453467229365,1,0.1,1.5
2015,135,0.000169535357092583,0.000449706658921031,0.0382852559592744,0.00181000769165823,0.413319902491324,1.96371234252996,2.09785457478497,1,0.1,1.5
2015,134,0.000163364682724517,0.000440854463511922,0.0379581536370092,0.00177364772873529,0.409436815489912,2.34781133332365,2.50729139027488,1,0.1,1.5
2015,133,0.000157468699240601,0.00043183506180221,0.0376041979674924,0.00173664600229412,0.405274538029975,2.72827664274943,2.91256592830486,1,0.1,1.5
2015,132,0.000151841685577023,0.000422753576837056,0.0372316302404688,0.00169942617040155,0.400922582683465,3.10492170871287,3.31348851098832,1,0.1,1.5
2015,131,0.000146515921881598,0.000413682268638363,0.0368462478982504,0.0016622790366986,0.396443822331551,3.47761868766301,3.70993233331987,1,0.1,1.5
2015,130,0.00014149865906934,0.000404613253355772,0.0364469410994322,0.00162517296961116,0.39182663267599,3.84622856363027,4.10175896599586,1,0.1,1.5
2015,129,0.000136750235990154,0.000395529518788843,0.0360317209983846,0.00158803975903706,0.387049954267686,4.210592235626,4.48880892026355,1,0.1,1.5
2015,128,0.000132231556919646,0.000386400127241904,0.035597215394882,0.00155075545510375,0.382077958951144,4.57051654521852,4.87088687921469,1,0.1,1.5
2015,127,0.000127901810290195,0.000377184208481194,0.0351389552564855,0.00151315651582172,0.37686318417779,4.92576320774171,5.24775006339248,1,0.1,1.5
2015,126,0.000123720720195679,0.000367811964530252,0.0346495105993096,0.00147496374014576,0.37132661669204,5.27601891386024,5.61907668008452,1,0.1,1.5
2015,125,0.000119639214928724,0.000358221343920269,0.0341218208305513,0.00143592951618252,0.365393460023942,5.62089909508158,5.98447014010846,1,0.1,1.5
2015,124,0.000115618214799231,0.000348252891027605,0.0335390570071453,0.0013954164855819,0.358884699014194,5.95984927287317,6.34335483912266,1,0.1,1.5
2015,123,0.000111579602478561,0.000337898364083816,0.0328983556325776,0.00135339404091576,0.351771126952778,6.29228619924144,6.69512596607544,1,0.1,1.5
2015,122,0.00010752209555898,0.000326764648558318,0.0321587242201645,0.00130829091280553,0.343616440267204,6.61721276932571,7.03874240634264,1,0.1,1.5
2015,121,0.00010328346784524,0.000315927768601413,0.0314240841626496,0.00126441743839414,0.335532081220514,6.93468174428345,7.37427448756315,1,0.1,1.5
2015,120,9.93221297968307e-05,0.000306933092024889,0.0308514331207804,0.00122795301454374,0.329192062803305,7.2463316211647,7.70346655036646,1,0.1,1.5
2015,119,9.62260267864903e-05,0.00029972036274419,0.0304419292707152,0.00119864549373421,0.324604154072464,7.55381226818382,8.02807070443892,1,0.1,1.5
2015,118,9.39093157359198e-05,0.000294206134232686,0.0301941374602388,0.0011761506725035,0.321748194619541,7.85875831033902,8.34981889905846,1,0.1,1.5
2015,117,9.22954497642281e-05,0.000290261055994358,0.0301015425424942,0.00115994161800146,0.320550160827606,8.16273787662375,8.67036905988607,1,0.1,1.5
2015,116,9.13096760748181e-05,0.000287722218025322,0.0301536223775673,0.00114935826419287,0.320893722847494,8.46721219569706,8.99126278273356,1,0.1,1.5
2015,115,9.08799205917309e-05,0.000286355016070366,0.0303316145971253,0.00114345537346753,0.322575359509507,8.77345247844274,9.31383814224307,1,0.1,1.5
2015,114,9.09181511776128e-05,0.000285924047264088,0.030615678929231,0.00114128607917761,0.325380728711131,9.08252912030848,9.6392188709542,1,0.1,1.5
2015,113,9.13426677909883e-05,0.000286026940692917,0.0309667647616626,0.00114123901816351,0.328892226680609,9.3951179324439,9.96811109763481,1,0.1,1.5
2015,112,9.20091095629163e-05,0.000286456587538314,0.0313651983032277,0.00114248442744816,0.332899094420437,9.71169582075793,10.3010101920552,1,0.1,1.5
2015,111,9.28453480993618e-05,0.00028650448348683,0.0317343515618132,0.00114219559844657,0.336587537329542,10.0319662781097,10.6375977293848,1,0.1,1.5
2015,110,9.35740399939811e-05,0.000287221375899376,0.0321914663515388,0.00114456078186341,0.341200128280045,10.3568155380774,10.9787978576648,1,0.1,1.5
2015,109,9.46190478656791e-05,0.000290520461191579,0.0329593865036267,0.00115719347697768,0.349093484398822,10.6893776870908,11.3278913420637,1,0.1,1.5
2015,108,9.68099325605506e-05,0.000296464429594785,0.0340614164831835,0.0011803231714554,0.360505108675043,11.0330210361736,11.6883964507387,1,0.1,1.5
2015,107,0.000100297303143751,0.000305074077954506,0.0355186273020613,0.00121400994555865,0.375646877891187,11.3913249148425,12.0640433286299,1,0.1,1.5
2015,106,0.000105278796428683,0.000316282356940361,0.0373447405624281,0.00125796141505174,0.394651292415853,11.7680053299005,12.4586946210457,1,0.1,1.5
2015,105,0.00011200539294908,0.000329893155946681,0.0395411425768292,0.0013113691580828,0.417518872705193,12.1667903574902,12.8762134937509,1,0.1,1.5
2015,104,0.000120785541874898,0.000345537293415883,0.0420909075671036,0.00137273487087072,0.444055470455075,12.59123532979,13.320268964206,1,0.1,1.5
2015,103,0.00013198617346202,0.000362624748143858,0.0449513415960149,0.00143968282738472,0.473794551757963,13.0444629840139,13.794063515964,1,0.1,1.5
2015,102,0.000146022023884342,0.000380324992202286,0.0480485676271794,0.00150888556781405,0.505941782321369,13.5288492582237,14.3000052982853,1,0.1,1.5
2015,101,0.000163340102769242,0.000397543777297941,0.0512699858993159,0.00157597731554226,0.539298151818588,14.0456334483916,14.8393034501039,1,0.1,1.5
2015,100,0.000184356430157904,0.000413051256528965,0.0544746042276995,0.0016360689247539,0.572371872339827,14.5946329075207,15.4116753224438,1,0.1,1.5
2015,99,0.000209462986364965,0.000425408439156086,0.0574763515412452,0.00168346399823453,0.603206727483987,15.1737901493156,16.0148820499277,1,0.1,1.5
2015,98,0.00023869867776749,0.000434060889529712,0.0601876517491908,0.00171599077376797,0.630890412750021,15.7801664081547,16.6457724626778,1,0.1,1.5
2015,97,0.000273545078180885,0.000437852687286591,0.0624183177053466,0.00172912029136501,0.653445785759858,16.4089104754665,17.2992182484376,1,0.1,1.5
2015,96,0.000315752856364506,0.000434915930087489,0.0638393740149969,0.00171555073976058,0.667461269065952,17.0518638768215,17.9666795175036,1,0.1,1.5
2015,95,0.00036499349100484,0.00042569763793903,0.0644213691636198,0.00167715162090406,0.67267330587965,17.7005778738311,18.6393528233832,1,0.1,1.5
2015,94,0.000419058236425454,0.000415588302654196,0.0649118097216275,0.00163523483240645,0.67691385000624,18.3541312262316,19.3162666733895,1,0.1,1.5
2015,93,0.000482448475944876,0.000405079662263913,0.0653788993947634,0.00159174520628738,0.680900640120247,19.0122926491191,19.9971673135097,1,0.1,1.5
2015,92,0.00060299185065275,0.000394206399824046,0.0658222181485427,0.00154682312176107,0.684663713218785,19.6748588891699,20.6818310267285,1,0.1,1.5
2015,91,0.000790773523234668,0.000382991103075201,0.066242204910394,0.001500561003666,0.688215728250172,20.3416380316534,21.3700467549787,1,0.1,1.5
2015,90,0.0010414617850305,0.000371450503305184,0.066639372297048,0.001453028088902,0.69156007998739,21.0124405675136,22.061606834966,1,0.1,1.5
2015,89,0.00134841444488856,0.000359602410531523,0.0670146119310462,0.00140429768989097,0.694702481948907,21.6870816538927,22.756309316915,1,0.1,1.5
2015,88,0.00170280607384191,0.00034746527982515,0.0673691594502489,0.00135444545131063,0.697650672082978,22.3653831052426,23.4539599889979,1,0.1,1.5
2015,87,0.00209388679772291,0.000335039449009741,0.0677007508507545,0.00130347638242813,0.700374918707002,23.0471369327721,24.1543349077049,1,0.1,1.5
2015,86,0.00252911276352324,0.000322330848570321,0.0680064205021195,0.00125141769687094,0.702850984352165,23.7321105214547,24.8571858920571,1,0.1,1.5
2015,85,0.00302291307004381,0.000309366044014118,0.0682868069058658,0.00119837685197382,0.70509667419274,24.4200875263335,25.5622825662498,1,0.1,1.5
2015,84,0.00357226601493947,0.000296164338441645,0.0685423690850188,0.00114443279690663,0.70711588486704,25.1108543712447,26.2693984511169,1,0.1,1.5
2015,83,0.00417217271569693,0.00028274568749963,0.0687739178390728,0.00108966680869045,0.708914752438433,25.8042024549876,26.9783132035553,1,0.1,1.5
2015,82,0.00481565734026768,0.000269130415375167,0.0689826187427815,0.00103416133897812,0.710501663222385,26.499930384796,27.6888148667777,1,0.1,1.5
2015,81,0.00549378725136755,0.000255338858120768,0.0691699743761148,0.00097799858534687,0.711887065538699,27.1978460419726,28.4007019323164,1,0.1,1.5
2015,80,0.00617346163419549,0.000241383492842074,0.06933704117572,0.000921230448815213,0.713060322758159,27.8977459297477,29.1137622550746,1,0.1,1.5
2015,79,0.00684460455639497,0.000227286354871424,0.069485998109621,0.000863945276245662,0.714037989724125,28.5994418440969,29.8278002447987,1,0.1,1.5
2015,78,0.00751361466098227,0.000213073654916431,0.0696198996783843,0.000806246607945686,0.7148566184586,29.3027806538705,30.5426568632573,1,0.1,1.5
2015,77,0.00816621169751122,0.000198762894088143,0.0697413387528148,0.000748204096157452,0.71553378754581,30.0076258114712,31.2581906508031,1,0.1,1.5
2015,76,0.0087871703769529,0.000184369912337024,0.0698530105490701,0.000689880553463174,0.716087354676751,30.71385772967,31.9742780054798,1,0.1,1.5
2015,75,0.00936087758225378,0.000169894539274745,0.0699514642079909,0.000631278846202701,0.716472441758959,31.4213119021974,32.6907504472388,1,0.1,1.5
2015,74,0.00990134123530219,0.000155344430782402,0.0700327813454605,0.000572432197880458,0.71665975474616,32.1297940541167,33.407410201985,1,0.1,1.5
2015,73,0.0104302392195847,0.000140742000736311,0.0700987410972638,0.000513428503370447,0.71668301669835,32.8391423779098,34.1240932186833,1,0.1,1.5
2015,72,0.010943330463636,0.000126101660964201,0.0701501293895594,0.000454325357484556,0.71654822639744,33.5492002420575,34.8406414450808,1,0.1,1.5
2015,71,0.0114363299740136,0.00011143725723646,0.0701877565861264,0.000395177964765851,0.716261557912959,34.2598164004738,35.5569030029937,1,0.1,1.5
2015,70,0.0119049406274879,9.67620329881206e-05,0.0702124501553442,0.000336039003393447,0.71582930615965,34.9708451494421,36.2727323091534,1,0.1,1.5
2015,69,0.0123448861905648,8.20886012127184e-05,0.0702250467139191,0.000276958522641603,0.715257827601813,35.6821464267204,36.9879901367552,1,0.1,1.5
2015,68,0.0127519454795913,6.74289256304433e-05,0.0702263838159465,0.000217983877938771,0.714553479801289,36.3935858511226,37.7025436165565,1,0.1,1.5
2015,67,0.0131219875903563,5.27943113201925e-05,0.0702172915311213,0.000159159704145637,0.713722560210542,37.1050347012739,38.416266176767,1,0.1,1.5
2015,66,0.0134510081719988,3.81954052460449e-05,0.0701985846228013,0.00010052792806133,0.712771252319825,37.8163698403357,39.1290374290868,1,0.1,1.5
2015,65,0.0137351630507112,2.36422041181573e-05,0.07017104995144,4.21278139437296e-05,0.711705522836204,38.5274735372584,39.840742951923,1,0.1,1.5
2015,64,0.0139708242108946,9.14406643281491e-06,0.0701350176501243,1.45725681414857e-06,0.710776317927322,39.2382290372313,40.5515192698504,1,0.1,1.5
2015,63,0.0141566193856268,1.83468387017532e-07,0.0700958883922423,0,0.710398464863378,39.9486275020947,41.2619177347137,1,0.1,1.5
2015,62,0.0142935557971787,5.63747938855085e-10,0.0700639459171797,0,0.710168502007395,40.6587960041021,41.9720862367211,1,0.1,1.5
2015,61,0.0143819976631218,3.87875649606799e-12,0.0700395720171972,0,0.709983718652841,41.3687797227549,42.682069955374,1,0.1,1.5
2015,60,0.014422593205688,2.40391983070605e-14,0.0700225549316506,0,0.709840611453872,42.0786203342088,43.3919105668278,1,0.1,1.5
2015,59,0.0144162531860736,1.21660147086988e-16,0.0700127383224241,0,0.709738218681624,42.7883585528904,44.1016487855095,1,0.1,1.5
2015,58,0.014364130186679,4.00853244164706e-19,0.0700099206625589,0,0.709675293416708,43.4980338463071,44.8113240789262,1,0.1,1.5
2015,57,0.0142675880575216,4.60755130122973e-22,0.0700140850990349,0,0.70965257636203,44.2076864226691,45.5209766552882,1,0.1,1.5
2015,56,0.0141281581999049,2.1096458168401e-24,0.0700243862036655,0,0.709662634169925,44.9173490568391,46.2306392894581,1,0.1,1.5
2015,55,0.0139511180168428,7.0661969926361e-27,0.0700455542786056,0,0.709756288130617,45.6271053449697,46.9403955775887,1,0.1,1.5
2015,54,0.0137134382863921,6.11134220765709e-30,0.0704698825635802,0,0.71384111782673,46.3409464627964,47.6542366954155,1,0.1,1.5
2015,53,0.0115438072833821,1.40341027259922e-32,0.0703626421204878,0,0.711322292727133,47.0522687555235,48.3655589881426,1,0.1,1.5
2015,52,0.230876145667642,2.13298424694531e-35,1.25575133979989,0,12.711430828444,59.7636995839676,61.0769898165866,20,0.1,1.5
2015,51,0.230876145667642,4.98945343336924e-92,1.06350166713785,0,10.7889341018235,70.5526336857911,71.8659239184102,20,0.1,1.5
2015,50,0.230876145667642,5.40973240719211e-122,1.17901621514692,0,11.9440795819143,82.4967132677054,83.8100035003245,20,0.1,1.5
2015,49,0.230876145667642,7.75843450946579e-156,1.2997071374435,0,13.1509888048801,95.6477020725855,96.9609923052046,20,0.1,1.5
2015,48,0.230876145667642,4.03362672442079e-178,1.38580615354193,0,14.0119789658644,109.65968103845,110.972971271069,20,0.1,1.5
2015,47,0.230876145667642,3.5675475847652e-180,1.38968294974478,0,14.0507469278929,123.710427966343,125.023718198962,20,0.1,1.5
2015,46,0.230876145667642,3.56754758476524e-220,1.38690622265933,0,14.0229796570384,137.733407623381,139.046697856,20,0.1,1.5
2015,45,0.230876145667642,3.56754758476529e-260,1.38413504375543,0,13.9952678679994,151.728675491381,153.041965724,20,0.1,1.5
2015,44,0.230876145667642,3.56754758476533e-300,1.38136940194726,0,13.9676114499177,165.696286941298,167.009577173917,20,0.1,1.5
2015,43,0.230876145667642,0,1.37860928617114,0,13.9400102921565,179.636297233455,180.949587466074,20,0.1,1.5
2015,42,0.230876145667642,0,1.37585468538549,0,13.9124642843,193.548761517755,194.862051750374,20,0.1,1.5
2015,41,0.230876145667642,0,1.37310558857082,0,13.8849733161533,207.433734833908,208.747025066527,20,0.1,1.5
2015,40,0.230876145667642,0,1.37036198472962,0,13.8575372777413,221.291272111649,222.604562344268,20,0.1,1.5
2015,39,0.230876145667642,0,1.36762386288638,0,13.8301560593089,235.121428170958,236.434718403577,20,0.1,1.5
2015,38,0.230876145667642,0,1.36489121208752,0,13.8028295513203,248.924257722278,250.237547954898,20,0.1,1.5
2015,37,0.230876145667642,0,1.36216402140133,0,13.7755576444584,262.699815366737,264.013105599356,20,0.1,1.5
2015,36,0.230876145667642,0,1.35944227991796,0,13.7483402296247,276.448155596362,277.761445828981,20,0.1,1.5
2015,35,0.230876145667642,0,1.35672597674935,0,13.7211771979386,290.1693327943,291.482623026919,20,0.1,1.5
2015,34,0.230876145667642,0,1.3540151010292,0,13.6940684407371,303.863401235037,305.176691467656,20,0.1,1.5
2015,33,0.230876145667642,0,1.35130964191291,0,13.6670138495742,317.530415084612,318.843705317231,20,0.1,1.5
2015,32,0.230876145667642,0,1.34860958857757,0,13.6400133162208,331.170428400833,332.483718633451,20,0.1,1.5
2015,31,0.230876145667642,0,1.34591493022187,0,13.6130667326638,344.783495133496,346.096785366115,20,0.1,1.5
2015,30,0.230876145667642,0,1.3432256560661,0,13.5861739911061,358.369669124602,359.682959357221,20,0.1,1.5
2015,29,0.230876145667642,0,1.34054175535209,0,13.559334983966,371.929004108569,373.242294341187,20,0.1,1.5
2015,28,0.230876145667642,0,1.33786321734315,0,13.5325496038766,385.461553712445,386.774843945064,20,0.1,1.5
2015,27,0.230876145667642,0,1.33519003132406,0,13.5058177436857,398.967371456131,400.28066168875,20,0.1,1.5
2015,26,0.230876145667642,0,1.33252218660101,0,13.4791392964552,412.446510752586,413.759800985205,20,0.1,1.5
2015,25,0.230876145667642,0,1.32985967250153,0,13.4525141554604,425.899024908046,427.212315140665,20,0.1,1.5
2015,24,0.230876145667642,0,1.32720247837451,0,13.4259422141902,439.324967122237,440.638257354856,20,0.1,1.5
2015,23,0.230876145667642,0,1.3245505935901,0,13.3994233663461,452.724390488583,454.037680721202,20,0.1,1.5
2015,22,0.230876145667642,0,1.3219040075397,0,13.3729575058421,466.097347994425,467.410638227044,20,0.1,1.5
2015,21,0.230876145667642,0,1.31926270963591,0,13.3465445268041,479.443892521229,480.757182753848,20,0.1,1.5
2015,20,0.230876145667642,0,1.31662668931246,0,13.3201843235697,492.764076844799,494.077367077418,20,0.1,1.5
2015,19,0.230876145667642,0,1.31399593602423,0,13.2938767906874,506.057953635486,507.371243868105,20,0.1,1.5
2015,18,0.230876145667642,0,1.31137043924714,0,13.2676218229165,519.325575458403,520.638865691022,20,0.1,1.5
2015,17,0.230876145667642,0,1.30875018847815,0,13.2414193152266,532.566994773629,533.880285006248,20,0.1,1.5
2015,16,0.230876145667642,0,1.30613517323522,0,13.2152691627972,545.782263936426,547.095554169045,20,0.1,1.5
2015,15,0.230876145667642,0,1.30352538305721,0,13.1891712610172,558.971435197444,560.284725430063,20,0.1,1.5
2015,14,0.230876145667642,0,1.30092080750394,0,13.1631255054845,572.134560702928,573.447850935547,20,0.1,1.5
2015,13,0.230876145667642,0,1.29832143615605,0,13.1371317920056,585.271692494934,586.584982727553,20,0.1,1.5
2015,12,0.230876145667642,0,1.29572725861501,0,13.1111900165952,598.382882511529,599.696172744148,20,0.1,1.5
2015,11,0.230876145667642,0,1.29313826450307,0,13.0853000754758,611.468182587005,612.781472819624,20,0.1,1.5
2015,10,0.230876145667642,0,1.29055444346321,0,13.0594618650772,624.527644452082,625.840934684701,20,0.1,1.5
2015,9,0.230876145667642,0,1.28797578515912,0,13.0336752820363,637.561319734118,638.874609966737,20,0.1,1.5
2015,8,0.230876145667642,0,1.28540227927513,0,13.0079402231964,650.569259957314,651.882550189933,20,0.1,1.5
2015,7,0.230876145667642,0,1.28283391551617,0,12.9822565856068,663.551516542921,664.86480677554,20,0.1,1.5
2015,6,0.230876145667642,0,1.28027068360777,0,12.9566242665228,676.508140809444,677.821431042063,20,0.1,1.5
2015,5,0.230876145667642,0,1.27771257329596,0,12.9310431634047,689.439183972849,690.752474205468,20,0.1,1.5
2015,4,0.230876145667642,0,1.27515957434729,0,12.905513173918,702.344697146767,703.657987379386,20,0.1,1.5
2015,3,0.230876145667642,0,1.27261167654872,0,12.8800341959323,715.224731342699,716.538021575318,20,0.1,1.5
2015,2,0.0115438072833821,0,0.000540750263725635,0,0.0131033741595111,715.237834716858,716.551124949477,1,0.1,1.5
2015,1,150,0,1.28482382880879,0,112.848238288088,828.086073004946,829.399363237565,99999,0.1,1.5
2016,141,0.000212663128001756,0.0405574924779421,0.0405574924779421,0,0.81129162497751,0,0,1,0.1,1.5
2016,140,0.000204689386799008,0.000399256959451953,0.0399217033756007,0.00200484549608325,0.431986712885773,0.403346062941726,0.431986712885773,1,0.1,1.5
2016,139,0.000197050406914178,0.000489182434416412,0.0397558443386265,0.00197782393770941,0.430836262349935,0.805927697610098,0.862822975235708,1,0.1,1.5
2016,138,0.000189728625741117,0.000483059073349498,0.0395532904115742,0.00194458147291444,0.42826971592708,1.20641767820983,1.29109269116279,1,0.1,1.5
2016,137,0.000182709526676344,0.00047468365983213,0.0393142377789985,0.00190990233784056,0.425295339851432,1.60442869894925,1.71638803101422,1,0.1,1.5
2016,136,0.000175981314314298,0.000465970761827364,0.0390404286714527,0.00187404224516045,0.42195334728273,1.99961001415826,2.13834137829695,1,0.1,1.5
2016,135,0.000169535357092583,0.000456998989503768,0.038733929356593,0.00183717440784019,0.418267655715794,2.39163232119063,2.55660903401274,1,0.1,1.5
2016,134,0.000163364682724517,0.000447820476818941,0.0383977697538293,0.0017995074188144,0.414272060935171,2.78019713328559,2.97088109494792,1,0.1,1.5
2016,133,0.000157468699240601,0.000438479851191553,0.0380345990482692,0.00176122197464945,0.409996082050998,3.16503290141303,3.38087717699891,1,0.1,1.5
2016,132,0.000151841685577023,0.000429084078368759,0.0376527636200451,0.00172274866870598,0.405530400041752,3.54595260618755,3.78640757704066,1,0.1,1.5
2016,131,0.000146515921881598,0.000419706581861033,0.0372581330326352,0.0016843825952086,0.400938681929197,3.92282867961377,4.18734625896986,1,0.1,1.5
2016,130,0.00014149865906934,0.000410339374936348,0.0368495896477251,0.00164609171194085,0.396209218550863,4.29552230227976,4.58355547752072,1,0.1,1.5
2016,129,0.000136750235990154,0.000400965234947154,0.036425127766044,0.00160780701794594,0.391320768518847,4.66387439911366,4.97487624603957,1,0.1,1.5
2016,128,0.000132231556919646,0.000391552865048357,0.0359813445371185,0.00156940325680329,0.386237174918709,5.02769152750661,5.36111342095828,1,0.1,1.5
2016,127,0.000127901810290195,0.000382060971040243,0.0355137304899153,0.0015307153856617,0.380910545135392,5.38673470998969,5.74202396609367,1,0.1,1.5
2016,126,0.000123720720195679,0.000372419054681742,0.0350147865832861,0.00149146176707732,0.375261133532342,5.7406892468495,6.11728509962601,1,0.1,1.5
2016,125,0.000119639214928724,0.000362564592484833,0.0344773910275139,0.00145139325158378,0.369213504984946,6.08916856252611,6.48649860461096,1,0.1,1.5
2016,124,0.000115618214799231,0.000352336650305752,0.0338845572228401,0.00140986747080148,0.362586981409917,6.43161458006743,6.84908558602088,1,0.1,1.5
2016,123,0.000111579602478561,0.000341727493869777,0.0332334143072433,0.00136685597444118,0.355352318333371,6.76744038448022,7.20443790435425,1,0.1,1.5
2016,122,0.00010752209555898,0.000330340374686966,0.0324825810759439,0.00132077523812424,0.347069113590837,7.09564128038356,7.55150701794509,1,0.1,1.5
2016,121,0.00010328346784524,0.000319263637284549,0.0317370461138319,0.00127597895899973,0.338860223999248,7.41627323353996,7.89036724194433,1,0.1,1.5
2016,120,9.93221297968307e-05,0.000310057584556184,0.0311553362311043,0.00123869725049772,0.332415827916913,7.73099338644976,8.22278306986125,1,0.1,1.5
2016,119,9.62260267864903e-05,0.000302658577060994,0.0307385464512217,0.00120866420992499,0.327742832537708,8.04146958741711,8.55052590239895,1,0.1,1.5
2016,118,9.39093157359198e-05,0.000296979729468202,0.0304851557146186,0.00118552183724381,0.324819986897699,8.34935354806847,8.87534588929665,1,0.1,1.5
2016,117,9.22954497642281e-05,0.00029288801506031,0.0303885177927403,0.00116872877122484,0.323571713681061,8.65622913644632,9.19891760297771,1,0.1,1.5
2016,116,9.13096760748181e-05,0.00029021678822847,0.0304379465813778,0.00115761053550552,0.32387980017781,8.96357164325977,9.52279740315552,1,0.1,1.5
2016,115,9.08799205917309e-05,0.000288727393527585,0.0306144452790325,0.00115120671636521,0.325538123573117,9.2726639565991,9.84833552672864,1,0.1,1.5
2016,114,9.09181511776128e-05,0.000288180760267043,0.0308979388811325,0.00114855688950984,0.328329764079207,9.58458576511388,10.1766652908078,1,0.1,1.5
2016,113,9.13426677909883e-05,0.000288170023947807,0.0312489778397273,0.00114803395315516,0.331832858793686,9.90001813886249,10.5084981496015,1,0.1,1.5
2016,112,9.20091095629163e-05,0.000288485672737424,0.0316476828902594,0.00114879967319696,0.335834448939157,10.2194411638988,10.8443325985407,1,0.1,1.5
2016,111,9.28453480993618e-05,0.000288413944446511,0.0320167270262687,0.00114801073050429,0.339513459898804,10.5425544705047,11.1838460584395,1,0.1,1.5
2016,110,9.35740399939811e-05,0.000289012409224847,0.0324743874003695,0.00114987596046193,0.344123180224443,10.870250851294,11.5279692386639,1,0.1,1.5
2016,109,9.46190478656791e-05,0.000292203573856335,0.0332453889342208,0.00116203334177416,0.352039480757074,11.20568985574,11.880008719421,1,0.1,1.5
2016,108,9.68099325605506e-05,0.000298045437159798,0.034353091134399,0.001184692332366,0.363500081847286,11.5522657614106,12.2435088012683,1,0.1,1.5
2016,107,0.000100297303143751,0.000306553227169207,0.0358185779257207,0.00121788965997918,0.37871660011165,11.9135839378083,12.6222254013799,1,0.1,1.5
2016,106,0.000105278796428683,0.000317653177332339,0.0376554964421348,0.00126130548485608,0.397820331842616,12.2933856198673,13.0200457332226,1,0.1,1.5
2016,105,0.00011200539294908,0.000331141221080167,0.0398650307520922,0.00131409976538274,0.420809243784871,12.6954220098609,13.4408549770074,1,0.1,1.5
2016,104,0.000120785541874898,0.00034663909065184,0.0424298821940646,0.00137473920245125,0.447484868005337,13.1232677464027,13.8883398450128,1,0.1,1.5
2016,103,0.00013198617346202,0.000363546954327618,0.0453067671687014,0.00144081175368434,0.477374157065232,13.5800588784153,14.365714002078,1,0.1,1.5
2016,102,0.000146022023884342,0.000381024641875535,0.0484209841623702,0.00150895618850772,0.509673953037062,14.0681763144737,14.8753879551151,1,0.1,1.5
2016,101,0.000163340102769242,0.000397969766658545,0.0516588532296115,0.00157478123474178,0.543173998146572,14.5888534378382,15.4185619532616,1,0.1,1.5
2016,100,0.000184356430157904,0.000413147743753766,0.0548781739984652,0.00163338744499989,0.576370228066103,15.1418895595472,15.9949321813277,1,0.1,1.5
2016,99,0.000209462986364965,0.000425120083950193,0.0578914699056497,0.00167909148309962,0.607292563074046,15.7251951014341,16.6022247444018,1,0.1,1.5
2016,98,0.00023869867776749,0.00043333830233729,0.0606106306774579,0.00170975068191265,0.635023831991406,16.3357939236839,17.2372485763932,1,0.1,1.5
2016,97,0.000273545078180885,0.000436658599714119,0.0628443559464173,0.00172089525069353,0.657576726713819,16.9687864325307,17.894825303107,1,0.1,1.5
2016,96,0.000315752856364506,0.000433236844241019,0.0642618777625355,0.00170533613135921,0.671523592705711,17.6159480805027,18.5663488958127,1,0.1,1.5
2016,95,0.00036499349100484,0.000423544881605406,0.0648342149319295,0.00166504253098785,0.676607249000607,18.268769007632,19.2429561448133,1,0.1,1.5
2016,94,0.000419058236425454,0.000412964591128155,0.0653141272487569,0.00162125032384985,0.680711009468608,18.9263192981885,19.9236671542819,1,0.1,1.5
2016,93,0.000482448475944876,0.000401987098194484,0.0657702978063958,0.00157589809763237,0.684557311329376,19.5883637795517,20.6082244656113,1,0.1,1.5
2016,92,0.00060299185065275,0.000390647844438509,0.0662023417071682,0.00152912908417588,0.688176591285681,20.2546956696348,21.296401056897,1,0.1,1.5
2016,91,0.000790773523234668,0.000378970161947253,0.0666107209408194,0.00148103858732889,0.691581787481188,20.9251197630113,21.9879828443782,1,0.1,1.5
2016,90,0.0010414617850305,0.000366971527258552,0.0669959653820438,0.00143169876548692,0.694776516456666,21.599443439961,22.6827593608349,1,0.1,1.5
2016,89,0.00134841444488856,0.000354670446578057,0.0673589848923258,0.00138118563637309,0.697766719729056,22.2774789363133,23.3805260805639,1,0.1,1.5
2016,88,0.00170280607384191,0.000342086015625908,0.0677010338971316,0.00132957731068662,0.70056036475804,22.9590453394901,24.0810864453219,1,0.1,1.5
2016,87,0.00209388679772291,0.000329219490097131,0.0680198498712764,0.00127688254237756,0.703127797322373,23.6439319576357,24.7842142426443,1,0.1,1.5
2016,86,0.00252911276352324,0.000316077732703439,0.068312474284287,0.0012231323018299,0.705444913943157,24.3319035529813,25.4896591565875,1,0.1,1.5
2016,85,0.00302291307004381,0.000302687873433596,0.0685795724381687,0.00116843612247332,0.707529823102814,25.0227414314773,26.1971889796903,1,0.1,1.5
2016,84,0.00357226601493947,0.000289069842611074,0.068821623047337,0.00111287534050778,0.709386658726218,25.7162298710534,26.9065756384165,1,0.1,1.5
2016,83,0.00417217271569693,0.000275244159047608,0.0690394571494615,0.00105653334716395,0.711021795093136,26.4121583326157,27.6175974335096,1,0.1,1.5
2016,82,0.00481565734026768,0.000261231638898281,0.0692342608156517,0.000999494408695826,0.712443854325143,27.110323695388,28.3300412878348,1,0.1,1.5
2016,81,0.00549378725136755,0.000247053034917925,0.0694075570250139,0.000941842224150555,0.71366351435,27.8105323208216,29.0437048021848,1,0.1,1.5
2016,80,0.00617346163419549,0.000232721447132224,0.0695604150838063,0.000883631105667395,0.714670307908383,28.5125793272204,29.7583751100932,1,0.1,1.5
2016,79,0.00684460455639497,0.00021825918261013,0.0696950358288714,0.000824950286609121,0.715481023913495,29.2162753470395,30.4738561340067,1,0.1,1.5
2016,78,0.00751361466098227,0.000203692388535586,0.0698144993404028,0.000765902777288264,0.716132461977014,29.9214663407695,31.1899885959837,1,0.1,1.5
2016,77,0.00816621169751122,0.000189038652980244,0.0699214156429789,0.000706558387822465,0.716642375345872,30.6280150248608,31.9066309713295,1,0.1,1.5
2016,76,0.0087871703769529,0.000174313837489164,0.070018495386381,0.000646979831760265,0.717028774848483,31.3358012306841,32.623659746178,1,0.1,1.5
2016,75,0.00936087758225378,0.000159518656943423,0.0701022887731208,0.000587173562180966,0.71724685310092,32.0446598900396,33.3409065992789,1,0.1,1.5
2016,74,0.00990134123530219,0.000144661493777939,0.070168886116796,0.000527175673321165,0.717267451310053,32.7543962603022,34.058174050589,1,0.1,1.5
2016,73,0.0104302392195847,0.000129764545849975,0.0702200883489967,0.00046707292965904,0.717124492185224,33.4648482820638,34.7752985427742,1,0.1,1.5
2016,72,0.010943330463636,0.000114842355980781,0.0702566957159916,0.000406923289794923,0.716824124216361,34.1758592164259,35.4921226669906,1,0.1,1.5
2016,71,0.0114363299740136,9.99088637638275e-05,0.0702795323016592,0.000346782174180125,0.716372662696622,34.8872778480628,36.2084953296872,1,0.1,1.5
2016,70,0.0119049406274879,8.4977371178243e-05,0.070289438661177,0.000286702337358405,0.715776535085093,35.5989586354713,36.9242718647723,1,0.1,1.5
2016,69,0.0123448861905648,7.00605166725281e-05,0.0702872638399081,0.000226733774899369,0.715042221619984,36.3107618031642,37.6393140863923,1,0.1,1.5
2016,68,0.0127519454795913,5.51702587409972e-05,0.0702738571470496,0.000166923668734973,0.714176194883371,37.0225533742085,38.3534902812756,1,0.1,1.5
2016,67,0.0131219875903563,4.03178691496111e-05,0.0702500597280046,0.00010731637137734,0.713184858718122,37.734205141907,39.0666751399938,1,0.1,1.5
2016,66,0.0134510081719988,2.5513936067793e-05,0.0702166967463544,4.79534293107175e-05,0.712074494595707,38.4455945875125,39.7787496345895,1,0.1,1.5
2016,65,0.0137351630507112,1.0768375527114e-05,0.0701745647999307,2.85522277510301e-06,0.711050896018506,39.1566046946342,40.489800530608,1,0.1,1.5
2016,64,0.0139708242108946,4.55754867865292e-07,0.0701283684625628,0,0.71060212498157,39.8672068196158,41.2004026555895,1,0.1,1.5
2016,63,0.0141566193856268,1.83468387017532e-09,0.0700888788034031,0,0.710326552637954,40.5775333722537,41.9107292082275,1,0.1,1.5
2016,62,0.0142935557971787,5.63747938855085e-12,0.070056939522588,0,0.710098432480374,41.2876318047341,42.6208276407079,1,0.1,1.5
2016,61,0.0143819976631218,3.87875649606799e-14,0.0700325680599955,0,0.709913679042424,41.9975454837765,43.3307413197503,1,0.1,1.5
2016,60,0.014422593205688,2.40391983070605e-16,0.0700155526761575,0,0.709770588898703,42.7073160726752,44.040511908649,1,0.1,1.5
2016,59,0.0144162531860736,1.21660147086988e-18,0.0700057370485918,0,0.709668205943301,43.4169842786185,44.7501801145923,1,0.1,1.5
2016,58,0.014364130186679,4.00853244164706e-21,0.0700029196704927,0,0.709605283496046,44.1265895621146,45.4597853980883,1,0.1,1.5
2016,57,0.0142675880575216,4.60755130122973e-24,0.070007083690525,0,0.709582562276931,44.8361721243915,46.1693679603653,1,0.1,1.5
2016,56,0.0141281581999049,2.1096458168401e-26,0.0700173837650452,0,0.709592609783722,45.5457647341752,46.878960570149,1,0.1,1.5
2016,55,0.0139511180168428,7.0661969926361e-29,0.0700385497231777,0,0.709686242576339,46.2554509767516,47.5886468127253,1,0.1,1.5
2016,54,0.0137134382863921,6.11134220765709e-32,0.0704628355753239,0,0.713770647944167,46.9692216246957,48.3024174606695,1,0.1,1.5
2016,53,0.0115438072833821,1.40341027259922e-34,0.0703556058562758,0,0.711251930085012,47.6804735547807,49.0136693907545,1,0.1,1.5
2016,52,0.230876145667642,2.13298424694531e-37,1.25562576466591,0,12.7101750771042,60.390648631885,61.7238444678587,20,0.1,1.5
2016,51,0.230876145667642,4.98945343336924e-94,1.06339531697113,0,10.7878706001564,71.1785192320414,72.5117150680151,20,0.1,1.5
2016,50,0.230876145667642,5.40973240719211e-124,1.17889831352541,0,11.9429005656992,83.1214197977406,84.4546156337143,20,0.1,1.5
2016,49,0.230876145667642,7.75843450946579e-158,1.29957716672976,0,13.1496890977427,96.2711088954832,97.604304731457,20,0.1,1.5
2016,48,0.230876145667642,4.03362672442079e-180,1.38566757292657,0,14.0105931597108,110.281702055194,111.614897891168,20,0.1,1.5
2016,47,0.230876145667642,3.5675475847652e-182,1.3895439814498,0,14.0493572449431,124.331059300137,125.664255136111,20,0.1,1.5
2016,46,0.230876145667642,3.56754758476524e-222,1.38676753203706,0,14.0215927508157,138.352652050953,139.685847886927,20,0.1,1.5
2016,45,0.230876145667642,3.56754758476529e-262,1.38399663025106,0,13.9938837329557,152.346535783909,153.679731619882,20,0.1,1.5
2016,44,0.230876145667642,3.56754758476533e-302,1.38123126500707,0,13.9662300805157,166.312765864424,167.645961700398,20,0.1,1.5
2016,43,0.230876145667642,0,1.37847142524252,0,13.9386316828703,180.251397547295,181.584593383268,20,0.1,1.5
2016,42,0.230876145667642,0,1.37571709991695,0,13.9110884296146,194.162485976909,195.495681812883,20,0.1,1.5
2016,41,0.230876145667642,0,1.37296827801196,0,13.8836002105647,208.046086187474,209.379282023448,20,0.1,1.5
2016,40,0.230876145667642,0,1.37022494853115,0,13.8561669157565,221.90225310323,223.235448939204,20,0.1,1.5
2016,39,0.230876145667642,0,1.36748710050009,0,13.828788435446,235.731041538676,237.06423737465,20,0.1,1.5
2016,38,0.230876145667642,0,1.36475472296631,0,13.8014646601082,249.532506198785,250.865702034758,20,0.1,1.5
2016,37,0.230876145667642,0,1.36202780499919,0,13.774195480437,263.306701679222,264.639897515195,20,0.1,1.5
2016,36,0.230876145667642,0,1.35930633568997,0,13.7469807873448,277.053682466567,278.38687830254,20,0.1,1.5
2016,35,0.230876145667642,0,1.35659030415168,0,13.7198204719619,290.773502938528,292.106698774502,20,0.1,1.5
2016,34,0.230876145667642,0,1.3538796995191,0,13.6927144256361,304.466217364165,305.799413200138,20,0.1,1.5
2016,33,0.230876145667642,0,1.35117451094872,0,13.6656625399323,318.131879904097,319.465075740071,20,0.1,1.5
2016,32,0.230876145667642,0,1.34847472761871,0,13.6386647066322,331.770544610729,333.103740446703,20,0.1,1.5
2016,31,0.230876145667642,0,1.34578033872885,0,13.6117208177336,345.382265428463,346.715461264436,20,0.1,1.5
2016,30,0.230876145667642,0,1.3430913335005,0,13.5848307654501,358.967096193913,360.300292029886,20,0.1,1.5
2016,29,0.230876145667642,0,1.34040770117656,0,13.5579944422107,372.525090636123,373.858286472097,20,0.1,1.5
2016,28,0.230876145667642,0,1.33772943102142,0,13.5312117406593,386.056302376783,387.389498212756,20,0.1,1.5
2016,27,0.230876145667642,0,1.33505651232093,0,13.5044825536544,399.560784930437,400.893980766411,20,0.1,1.5
2016,26,0.230876145667642,0,1.33238893438235,0,13.4778067742686,413.038591704706,414.371787540679,20,0.1,1.5
2016,25,0.230876145667642,0,1.32972668653428,0,13.4511842957879,426.489776000494,427.822971836467,20,0.1,1.5
2016,24,0.230876145667642,0,1.32706975812667,0,13.4246150117118,439.914391012206,441.247586848179,20,0.1,1.5
2016,23,0.230876145667642,0,1.32441813853074,0,13.3980988157525,453.312489827958,454.645685663932,20,0.1,1.5
2016,22,0.230876145667642,0,1.32177181713895,0,13.3716356018346,466.684125429793,468.017321265766,20,0.1,1.5
2016,21,0.230876145667642,0,1.31913078336494,0,13.3452252640945,480.029350693887,481.362546529861,20,0.1,1.5
2016,20,0.230876145667642,0,1.31649502664353,0,13.3188676968804,493.348218390768,494.681414226741,20,0.1,1.5
2016,19,0.230876145667642,0,1.31386453643063,0,13.2925627947514,506.640781185519,507.973977021492,20,0.1,1.5
2016,18,0.230876145667642,0,1.31123930220322,0,13.2663104524773,519.907091637996,521.24028747397,20,0.1,1.5
2016,17,0.230876145667642,0,1.30861931345931,0,13.2401105650382,533.147202203034,534.480398039008,20,0.1,1.5
2016,16,0.230876145667642,0,1.30600455971789,0,13.213963027624,546.361165230658,547.694361066632,20,0.1,1.5
2016,15,0.230876145667642,0,1.30339503051891,0,13.1878677356342,559.549032966293,560.882228802266,20,0.1,1.5
2016,14,0.230876145667642,0,1.30079071542319,0,13.161824584677,572.71085755097,574.044053386943,20,0.1,1.5
2016,13,0.230876145667642,0,1.29819160401243,0,13.1358334705694,585.846691021539,587.179886857512,20,0.1,1.5
2016,12,0.230876145667642,0,1.29559768588915,0,13.1098942893365,598.956585310875,600.289781146849,20,0.1,1.5
2016,11,0.230876145667642,0,1.29300895067662,0,13.0840069372113,612.040592248087,613.37378808406,20,0.1,1.5
2016,10,0.230876145667642,0,1.29042538801887,0,13.0581713106337,625.09876355872,626.431959394694,20,0.1,1.5
2016,9,0.230876145667642,0,1.2878469875806,0,13.0323873062511,638.131150864972,639.464346700945,20,0.1,1.5
2016,8,0.230876145667642,0,1.2852737390472,0,13.0066548209171,651.137805685889,652.471001521862,20,0.1,1.5
2016,7,0.230876145667642,0,1.28270563212462,0,12.9809737516913,664.11877943758,665.451975273554,20,0.1,1.5
2016,6,0.230876145667642,0,1.28014265653941,0,12.9553439958392,677.074123433419,678.407319269393,20,0.1,1.5
2016,5,0.230876145667642,0,1.27758480203863,0,12.9297654508314,690.00388888425,691.337084720224,20,0.1,1.5
2016,4,0.230876145667642,0,1.27503205838985,0,12.9042380143436,702.908126898594,704.241322734568,20,0.1,1.5
2016,3,0.230876145667642,0,1.27248441538106,0,12.8787615842557,715.78688848285,717.120084318823,20,0.1,1.5
2016,2,0.0115438072833821,0,0.000540696188699262,0,0.0131028334092473,715.799991316259,717.133187152233,1,0.1,1.5
2016,1,150,0,1.28469534642591,0,112.846953464259,828.646944780518,829.980140616492,99999,0.1,1.5
2017,142,0.000220992435399705,0.0411722243462491,0.0411722243462491,0,0.823591815215249,0,0,1,0.1,1.5
2017,141,0.000212663128001756,0.000405574924779421,0.0405534367286943,0.00206799308945206,0.439274650374149,0.409731891953405,0.439274650374149,1,0.1,1.5
2017,140,0.000204689386799008,0.000505203943615332,0.040418922579284,0.00204178408171397,0.438546068844678,0.819109616773598,0.877820719218827,1,0.1,1.5
2017,139,0.000197050406914178,0.000499347808771516,0.04024632473862,0.00200866481984271,0.436283304123897,1.22669770918546,1.31410402334272,1,0.1,1.5
2017,138,0.000189728625741117,0.000490975958962105,0.0400354804507616,0.00197394846393336,0.433590313618208,1.63208875903319,1.74769433696093,1,0.1,1.5
2017,137,0.000182709526676344,0.00048222242105846,0.0397877819396808,0.00193789543805927,0.430506070502214,2.0349106089917,2.17820040746314,1,0.1,1.5
2017,136,0.000175981314314298,0.000473170268908386,0.0395050351898756,0.00190067674057995,0.427051900329477,2.43480998445575,2.60525230779262,1,0.1,1.5
2017,135,0.000169535357092583,0.000463863591855086,0.0391893495656174,0.00186246840288452,0.423251846615899,2.83145513960187,3.02850415440852,1,0.1,1.5
2017,134,0.000163364682724517,0.000454355059471788,0.0388438068315575,0.0018234836380053,0.419140294955994,3.22454566830064,3.44764444936452,1,0.1,1.5
2017,133,0.000157468699240601,0.000444690292174278,0.0384711010820267,0.0017839069806689,0.414747278312964,3.61380856117548,3.86239172767748,1,0.1,1.5
2017,132,0.000151841685577023,0.000434978007960182,0.0380796855108596,0.00174417551457549,0.410164656043946,3.99905642415406,4.27255638372143,1,0.1,1.5
2017,131,0.000146515921881598,0.000425292714620762,0.0376755028681341,0.00170458827578942,0.405456894191509,4.38016205726287,4.67801327791294,1,0.1,1.5
2017,130,0.00014149865906934,0.000415626321734577,0.0372574276167455,0.00166511280579462,0.400612197621246,4.75698692908705,5.07862547553418,1,0.1,1.5
2017,129,0.000136750235990154,0.000405961406835956,0.0368234370077539,0.00162567935610465,0.395609141771387,5.12937208005694,5.47423461730557,1,0.1,1.5
2017,128,0.000132231556919646,0.000396266342851307,0.0363700972168656,0.00158616148492456,0.390411239753085,5.49712387002539,5.86464585705865,1,0.1,1.5
2017,127,0.000127901810290195,0.000386499456125828,0.0358928579632817,0.00154639283515274,0.38497016828407,5.86000271209299,6.24961602534272,1,0.1,1.5
2017,126,0.000123720720195679,0.000376589632316147,0.0353841505463971,0.00150608968741113,0.379205449230279,6.21769259436025,6.628821474573,1,0.1,1.5
2017,125,0.000119639214928724,0.000366473958820794,0.0348367916013071,0.00146500170057496,0.373041010800397,6.56980500943815,7.0018624853734,1,0.1,1.5
2017,124,0.000115618214799231,0.000355990234203428,0.0342336356348182,0.00142248238669036,0.366294514452801,6.91577834693823,7.3681569998262,1,0.1,1.5
2017,123,0.000111579602478561,0.000345131268548992,0.0335718049594229,0.0013785055938143,0.358936685735861,7.2550220956196,7.72709368556206,1,0.1,1.5
2017,122,0.00010752209555898,0.000333497213277931,0.0328095266273673,0.00133147779620749,0.350523031177885,7.58652401542309,8.07761671673995,1,0.1,1.5
2017,121,0.00010328346784524,0.000322187376122778,0.0320528671489704,0.00128579026383764,0.3421878332367,7.91034341631925,8.41980454997665,1,0.1,1.5
2017,120,9.93221297968307e-05,0.000312774888469992,0.0314618950101056,0.00124771491033304,0.335637412457998,8.22815633005821,8.75544196243464,1,0.1,1.5
2017,119,9.62260267864903e-05,0.000305192638251857,0.0310376386490578,0.00121697176006516,0.330877774415695,8.54164879361583,9.08631973685034,1,0.1,1.5
2017,118,9.39093157359198e-05,0.000299350256605635,0.0307784876583581,0.00119318888398486,0.327886540845626,8.85248977897596,9.41420627769596,1,0.1,1.5
2017,117,9.22954497642281e-05,0.000295111072956813,0.0306776611337672,0.00117581068219047,0.326586547826947,9.16227903134304,9.74079282552291,1,0.1,1.5
2017,116,9.13096760748181e-05,0.000292304801758664,0.030724305420596,0.00116414872010703,0.326857671342459,9.47250600668397,10.0676504968654,1,0.1,1.5
2017,115,9.08799205917309e-05,0.000290688953026579,0.0308991855135959,0.00115722836393548,0.328491165050459,9.78446533796393,10.3961416619158,1,0.1,1.5
2017,114,9.09181511776128e-05,0.000290021029980131,0.0311819883096219,0.00115407668549077,0.33126751528953,10.0992460434607,10.7274091772054,1,0.1,1.5
2017,113,9.13426677909883e-05,0.000289890188528269,0.0315328614302321,0.00115305303288095,0.334760597483478,10.4175344547602,11.0621697746888,1,0.1,1.5
2017,112,9.20091095629163e-05,0.000290084775026613,0.0319317180402696,0.00115331181519239,0.338755250633514,10.7398138223195,11.4009250253224,1,0.1,1.5
2017,111,9.28453480993618e-05,0.000289886822070538,0.0323005280361922,0.00115199752192783,0.342423152937472,11.0657798678009,11.7433481782598,1,0.1,1.5
2017,110,9.35740399939811e-05,0.000290359114207731,0.0327586089517449,0.00115333284117703,0.347028246798242,11.3963319311537,12.0903764250581,1,0.1,1.5
2017,109,9.46190478656791e-05,0.000293430371182104,0.0335325727307709,0.00116496732904162,0.354965500799654,11.7346550415385,12.4453419258577,1,0.1,1.5
2017,108,9.68099325605506e-05,0.000299153537463099,0.0346458289083771,0.00118708899736187,0.366472778661469,12.084169405952,12.8118147045192,1,0.1,1.5
2017,107,0.000100297303143751,0.000307537947266488,0.0361194684829229,0.0012197099766567,0.38176135740861,12.4485063351226,13.1935760619278,1,0.1,1.5
2017,106,0.000105278796428683,0.000318502902987344,0.0379670572637046,0.00126248220470624,0.400961247598438,12.8314321226538,13.5945373095262,1,0.1,1.5
2017,105,0.00011200539294908,0.000331836353556486,0.0401895691903627,0.0013145340377022,0.424067783382617,13.236720848355,14.0186050929089,1,0.1,1.5
2017,104,0.000120785541874898,0.000347151191519331,0.042769324006458,0.00137429835103802,0.450878109260614,13.6679661240293,14.4694832021695,1,0.1,1.5
2017,103,0.00013198617346202,0.000363838407964361,0.0456624394304057,0.00143932956137763,0.480912620042831,14.1283168931954,14.9503958222123,1,0.1,1.5
2017,102,0.000146022023884342,0.000381049293545684,0.0487933811110809,0.00150623737505059,0.513359328848626,14.6201585452575,15.4637551510609,1,0.1,1.5
2017,101,0.000163340102769242,0.00039767500635203,0.052047382652974,0.00157061209410457,0.546996785625172,15.1447180152526,16.0107519366861,1,0.1,1.5
2017,100,0.000184356430157904,0.00041247833868751,0.0552810330423154,0.00162755276082896,0.580308771822929,15.7017760333495,16.591060708509,1,0.1,1.5
2017,99,0.000209462986364965,0.000424024071614407,0.058305453629434,0.00167140049097183,0.61131156887242,16.2892104523508,17.2023722773814,1,0.1,1.5
2017,98,0.00023869867776749,0.000431771053501535,0.0610320072848683,0.00170004730486599,0.639083305905057,16.9040073681864,17.8414555832865,1,0.1,1.5
2017,97,0.000273545078180885,0.000434590398670523,0.0632682953234961,0.00170909386637188,0.661626847269575,17.5412185887935,18.5030824305561,1,0.1,1.5
2017,96,0.000315752856364506,0.000430666401282213,0.0646817856075991,0.00169148261856308,0.6754990594011,18.1925536107866,19.1785814899572,1,0.1,1.5
2017,95,0.00036499349100484,0.000420496081563018,0.0652439921431833,0.00164928347749178,0.680449403777063,18.849441822028,19.8590308937342,1,0.1,1.5
2017,94,0.000419058236425454,0.000409442226873743,0.0657129084169945,0.00160361331531021,0.684411640243588,19.5109447006243,20.5434425339778,1,0.1,1.5
2017,93,0.000482448475944876,0.000397994395390037,0.0661576953010233,0.00155640055317675,0.68811282289824,20.1768232299058,21.2315553568761,1,0.1,1.5
2017,92,0.00060299185065275,0.000386188749488356,0.0665780037440414,0.00150779110188374,0.691583792386453,20.8468671494082,21.9231391492625,1,0.1,1.5
2017,91,0.000790773523234668,0.000374049348451694,0.0669743195155576,0.00145788305592478,0.694837771787841,21.5208780203971,22.6179769210504,1,0.1,1.5
2017,90,0.0010414617850305,0.000361594406644315,0.0673471904768773,0.00140675144681176,0.697878605932071,22.198660177089,23.3158555269824,1,0.1,1.5
2017,89,0.00134841444488856,0.000348843113559054,0.0676975454029299,0.00135447492750612,0.700712469949664,22.8800230052171,24.0165679969321,1,0.1,1.5
2017,88,0.00170280607384191,0.000335815187827913,0.0680266581214135,0.00130113398577306,0.703347565509829,23.5647829423588,24.7199155624419,1,0.1,1.5
2017,87,0.00209388679772291,0.000322512830495361,0.0683322685218837,0.00124674121260015,0.705754326807037,24.2527266804144,25.425669889249,1,0.1,1.5
2017,86,0.00252911276352324,0.00030894385278451,0.0686114261123161,0.00119133138127219,0.707908794559148,24.9436164552411,26.1335786838081,1,0.1,1.5
2017,85,0.00302291307004381,0.000295135909352666,0.0688648235115432,0.00113501592316012,0.70982938277699,25.6372313248301,26.8434080665851,1,0.1,1.5
2017,84,0.00357226601493947,0.000281109533553057,0.0690929597201592,0.00107787844670787,0.711520466738147,26.3333535280438,27.5549285333233,1,0.1,1.5
2017,83,0.00417217271569693,0.000266885778381464,0.0692966865405375,0.00102000432418213,0.71298866201178,27.0317706997101,28.267917195335,1,0.1,1.5
2017,82,0.00481565734026768,0.000252485918562939,0.0694772109917441,0.000961479486559388,0.714242828566479,27.73227810704,28.9821600239015,1,0.1,1.5
2017,81,0.00549378725136755,0.000237931086386818,0.0696360768253491,0.000902388970516737,0.715293874958986,28.4346807109916,29.6974538988605,1,0.1,1.5
2017,80,0.00617346163419549,0.000223234990888171,0.0697743668187148,0.000842789427872747,0.716131508155103,29.1387723701771,30.4135854070156,1,0.1,1.5
2017,79,0.00684460455639497,0.000208420163478382,0.0698943038969408,0.000782770775640346,0.71677274996046,29.8443626804856,31.1303581569761,1,0.1,1.5
2017,78,0.00751361466098227,0.000193512618207422,0.0699989935847909,0.000722435205932701,0.717254641412533,30.5512968189562,31.8476127983886,1,0.1,1.5
2017,77,0.00816621169751122,0.000178529983485419,0.0700910630983702,0.00066185249078534,0.717595107532878,31.2594368909065,32.5652079059215,1,0.1,1.5
2017,76,0.0087871703769529,0.000163488096314958,0.0701732384947824,0.000601085052135555,0.717812308811831,31.9686622704021,33.2830202147333,1,0.1,1.5
2017,75,0.00936087758225378,0.000148388577114676,0.0702420719347887,0.000540142995906688,0.717861518686822,32.6788074605759,34.0008817334201,1,0.1,1.5
2017,74,0.00990134123530219,0.000133240533268071,0.0702936631465146,0.000479065266300001,0.717713720473267,33.3896773915306,34.7185954538934,1,0.1,1.5
2017,73,0.0104302392195847,0.00011806587787326,0.0703298345725765,0.00041793721688845,0.717403028987389,34.1011098888482,35.4359984828808,1,0.1,1.5
2017,72,0.010943330463636,0.000102879246008539,0.0703514008688687,0.000356817007346655,0.716935740610435,34.8129482436394,36.1529342234912,1,0.1,1.5
2017,71,0.0114363299740136,8.76946321826696e-05,0.0703591998919741,0.000295760111553516,0.716318309675007,35.5250414088636,36.8692525331662,1,0.1,1.5
2017,70,0.0119049406274879,7.25253580513837e-05,0.0703540853016505,0.000234819198998717,0.715557293667706,36.2372441425456,37.584809826834,1,0.1,1.5
2017,69,0.0123448861905648,5.73840488915676e-05,0.070336918557249,0.000174044051968557,0.714659293787999,36.9494170927341,38.2994691206219,1,0.1,1.5
2017,68,0.0127519454795913,4.22826197711531e-05,0.0703085606785186,0.000113481521867043,0.713630894567392,37.6614268227034,39.0131000151893,1,0.1,1.5
2017,67,0.0131219875903563,2.72322715358311e-05,0.0702698638148761,5.31755250047588e-05,0.712478602948235,38.3731457752944,39.7255786181376,1,0.1,1.5
2017,66,0.0134510081719988,1.22434966883573e-05,0.0702216634340074,4.4560504724215e-06,0.711370065952182,39.0844521833827,40.4369486840898,1,0.1,1.5
2017,65,0.0137351630507112,8.21489449046892e-07,0.0701682611491445,0,0.710847601753076,39.7952997851358,41.1477962858428,1,0.1,1.5
2017,64,0.0139708242108946,4.55754867865292e-09,0.0701213556257166,0,0.710527484639916,40.5058272697757,41.8583237704827,1,0.1,1.5
2017,63,0.0141566193856268,1.83468387017532e-11,0.0700818699155227,0,0.71025644559578,41.2160837153715,42.5685802160785,1,0.1,1.5
2017,62,0.0142935557971787,5.63747938855086e-14,0.0700499338286357,0,0.71002837548504,41.9261120908565,43.2786085915636,1,0.1,1.5
2017,61,0.0143819976631218,3.87875649606799e-16,0.0700255648031895,0,0.70984364647398,42.6359557373305,43.9884522380375,1,0.1,1.5
2017,60,0.014422593205688,2.40391983070605e-18,0.0700085511208899,0,0.709700573346024,43.3456563106765,44.6981528113836,1,0.1,1.5
2017,59,0.0144162531860736,1.21660147086988e-20,0.069998736474887,0,0.709598200206252,44.0552545108828,45.4077510115898,1,0.1,1.5
2017,58,0.014364130186679,4.00853244164707e-23,0.0699959193785256,0,0.709535280576375,44.7647897914591,46.1172862921662,1,0.1,1.5
2017,57,0.0142675880575216,4.60755130122973e-26,0.070000082982156,0,0.709512555193241,45.4743023466524,46.8267988473594,1,0.1,1.5
2017,56,0.0141281581999049,2.1096458168401e-28,0.0700103820266687,0,0.709522592399957,46.1838249390523,47.5363214397594,1,0.1,1.5
2017,55,0.0139511180168428,7.0661969926361e-31,0.0700315458682054,0,0.709616204026616,46.8934411430789,48.245937643786,1,0.1,1.5
2017,54,0.0137134382863921,6.1113422076571e-34,0.0704557892917663,0,0.713700185108591,47.6071413281875,48.9596378288946,1,0.1,1.5
2017,53,0.0115438072833821,1.40341027259922e-36,0.0703485702956901,0,0.711181574479156,48.3183229026667,49.6708194033738,1,0.1,1.5
2017,52,0.230876145667642,2.13298424694531e-39,1.25550020208945,0,12.7089194513396,61.0272423540063,62.3797388547133,20,0.1,1.5
2017,51,0.230876145667642,4.98945343336924e-96,1.06328897743943,0,10.7868072048394,71.8140495588457,73.1665460595528,20,0.1,1.5
2017,50,0.230876145667642,5.40973240719211e-126,1.17878042369405,0,11.9417216673856,83.7557712262313,85.1082677269384,20,0.1,1.5
2017,49,0.230876145667642,7.7584345094658e-160,1.29944720901309,0,13.1483895205759,96.9041607468073,98.2566572475144,20,0.1,1.5
2017,48,0.230876145667642,4.03362672442079e-182,1.38552900616928,0,14.0092074921379,110.913368238945,112.265864739652,20,0.1,1.5
2017,47,0.230876145667642,3.5675475847652e-184,1.38940502705166,0,14.0479677009617,124.961335939907,126.313832440614,20,0.1,1.5
2017,46,0.230876145667642,3.56754758476525e-224,1.38662885528386,0,14.0202059832837,138.981541923191,140.334038423898,20,0.1,1.5
2017,45,0.230876145667642,3.56754758476529e-264,1.38385823058803,0,13.9924997363254,152.974041659516,154.326538160223,20,0.1,1.5
2017,44,0.230876145667642,3.56754758476534e-304,1.38109314188056,0,13.9648488492507,166.938890508767,168.291387009474,20,0.1,1.5
2017,43,0.230876145667642,0,1.3783335781,0,13.937253211445,180.876143720212,182.228640220919,20,0.1,1.5
2017,42,0.230876145667642,0,1.37557952820696,0,13.9097127125147,194.785856432726,196.138352933434,20,0.1,1.5
2017,41,0.230876145667642,0,1.37283098118416,0,13.8822272422867,208.668083675013,210.02058017572,20,0.1,1.5
2017,40,0.230876145667642,0,1.37008792603629,0,13.854796690808,222.522880365821,223.875376866528,20,0.1,1.5
2017,39,0.230876145667642,0,1.36735035179004,0,13.8274209483455,236.350301314167,237.702797814874,20,0.1,1.5
2017,38,0.230876145667642,0,1.36461824749401,0,13.8000999053852,250.150401219552,251.502897720259,20,0.1,1.5
2017,37,0.230876145667642,0,1.36189160221869,0,13.772833452632,263.923234672184,265.275731172891,20,0.1,1.5
2017,36,0.230876145667642,0,1.3591704050564,0,13.7456214810091,277.668856153193,279.0213526539,20,0.1,1.5
2017,35,0.230876145667642,0,1.35645464512126,0,13.7184638816577,291.387320034851,292.739816535558,20,0.1,1.5
2017,34,0.230876145667642,0,1.35374431154915,0,13.6913605459366,305.078680580787,306.431177081494,20,0.1,1.5
2017,33,0.230876145667642,0,1.35103939349763,0,13.6643113654214,318.742991946209,320.095488446916,20,0.1,1.5
2017,32,0.230876145667642,0,1.34833988014595,0,13.6373162319046,332.380308178113,333.73280467882,20,0.1,1.5
2017,31,0.230876145667642,0,1.34564576069497,0,13.6103750373948,345.990683215508,347.343179716215,20,0.1,1.5
2017,30,0.230876145667642,0,1.34295702436715,0,13.5834876741166,359.574170889625,360.926667390332,20,0.1,1.5
2017,29,0.230876145667642,0,1.34027366040644,0,13.5566540345095,373.130824924134,374.483321424841,20,0.1,1.5
2017,28,0.230876145667642,0,1.33759565807832,0,13.5298740112283,386.660698935363,388.013195436069,20,0.1,1.5
2017,27,0.230876145667642,0,1.3349230066697,0,13.5031474971421,400.163846432505,401.516342933212,20,0.1,1.5
2017,26,0.230876145667642,0,1.33225569548891,0,13.4764743853342,413.640320817839,414.992817318546,20,0.1,1.5
2017,25,0.230876145667642,0,1.32959371386562,0,13.4498545691013,427.09017538694,428.442671887647,20,0.1,1.5
2017,24,0.230876145667642,0,1.32693705115086,0,13.4232879419537,440.513463328894,441.865959829601,20,0.1,1.5
2017,23,0.230876145667642,0,1.32428569671689,0,13.396774397614,453.910237726508,455.262734227215,20,0.1,1.5
2017,22,0.230876145667642,0,1.32163963995723,0,13.3703138300174,467.280551556525,468.633048057232,20,0.1,1.5
2017,21,0.230876145667642,0,1.31899887028661,0,13.3439061333111,480.624457689837,481.976954190543,20,0.1,1.5
2017,20,0.230876145667642,0,1.31636337714087,0,13.3175512018538,493.94200889169,495.294505392397,20,0.1,1.5
2017,19,0.230876145667642,0,1.31373314997698,0,13.2912489302149,507.233257821905,508.585754322612,20,0.1,1.5
2017,18,0.230876145667642,0,1.311108178273,0,13.2649992131751,520.49825703508,521.850753535787,20,0.1,1.5
2017,17,0.230876145667642,0,1.30848845152796,0,13.2388019457247,533.737058980805,535.089555481512,20,0.1,1.5
2017,16,0.230876145667642,0,1.30587395926192,0,13.2126570230643,546.949716003869,548.302212504576,20,0.1,1.5
2017,15,0.230876145667642,0,1.30326469101586,0,13.1865643406037,560.136280344473,561.48877684518,20,0.1,1.5
2017,14,0.230876145667642,0,1.30066063635165,0,13.1605237939616,573.296804138434,574.649300639141,20,0.1,1.5
2017,13,0.230876145667642,0,1.29806178485203,0,13.1345352789654,586.4313394174,587.783835918107,20,0.1,1.5
2017,12,0.230876145667642,0,1.29546812612056,0,13.1085986916507,599.53993810905,600.892434609757,20,0.1,1.5
2017,11,0.230876145667642,0,1.29287964978155,0,13.0827139282606,612.622652037311,613.975148538018,20,0.1,1.5
2017,10,0.230876145667642,0,1.29029634548006,0,13.0568808852457,625.679532922557,627.032029423264,20,0.1,1.5
2017,9,0.230876145667642,0,1.28771820288185,0,13.0310994592636,638.71063238182,640.063128882527,20,0.1,1.5
2017,8,0.230876145667642,0,1.28514521167329,0,13.005369547178,651.716001928998,653.068498429705,20,0.1,1.5
2017,7,0.230876145667642,0,1.28257736156141,0,12.9796910460592,664.695692975057,666.048189475764,20,0.1,1.5
2017,6,0.230876145667642,0,1.28001464227375,0,12.9540638531826,677.64975682824,679.002253328947,20,0.1,1.5
2017,5,0.230876145667642,0,1.27745704355843,0,12.9284878660294,690.578244694269,691.930741194976,20,0.1,1.5
2017,4,0.230876145667642,0,1.27490455518401,0,12.9029629822852,703.481207676554,704.833704177262,20,0.1,1.5
2017,3,0.230876145667642,0,1.27235716693953,0,12.8774890998404,716.358696776395,717.711193277102,20,0.1,1.5
2017,2,0.0115438072833821,0,0.000540642119080392,0,0.0131022927130586,716.371799069108,717.724295569815,1,0.1,1.5
2017,1,150,0,1.28456687689127,0,112.845668768913,829.21746783802,830.569964338728,99999,0.1,1.5
2018,143,0.000229701720815104,0.0417682742865414,0.0417682742865414,0,0.835518620211371,0,0,1,0.1,1.5
2018,142,0.000220992435399705,0.000411722243462491,0.0411681071238145,0.00213020340475265,0.446377099173788,0.415945621963036,0.446377099173788,1,0.1,1.5
2018,141,0.000212663128001756,0.00052105402161081,0.0410663796573845,0.0021049352533649,0.446086615828119,0.831961734171657,0.892463715001907,1,0.1,1.5
2018,140,0.000204689386799008,0.000515498059864646,0.0409253267074545,0.00207205736587288,0.444145526776861,1.24650644143605,1.33660924177877,1,0.1,1.5
2018,139,0.000197050406914178,0.000507159683048392,0.0407444663111068,0.00203742271903668,0.441753665722876,1.65915406831554,1.77836290750164,1,0.1,1.5
2018,138,0.000189728625741117,0.000498396875572961,0.0405249640186999,0.00200130226364386,0.438950127030992,2.06951416300877,2.21731303453264,1,0.1,1.5
2018,137,0.000182709526676344,0.000489296083725403,0.0402682770210016,0.00196385975168989,0.435752676708243,2.47721170040715,2.65306571124088,1,0.1,1.5
2018,136,0.000175981314314298,0.00047990088783407,0.0399762538715016,0.00192526891723502,0.432182710144352,2.88189056887672,3.08524842138523,1,0.1,1.5
2018,135,0.000169535357092583,0.000470255736639681,0.039651047731382,0.00188571019447577,0.428264775315552,3.28321662712833,3.51351319670078,1,0.1,1.5
2018,134,0.000163364682724517,0.000460414460096044,0.0392957933603757,0.00184540127890937,0.424033863406191,3.68088761512153,3.93754706010697,1,0.1,1.5
2018,133,0.000157468699240601,0.000450423648088969,0.0389132307170857,0.00180453037780476,0.419520528181785,4.0746291379061,4.35706758828876,1,0.1,1.5
2018,132,0.000151841685577023,0.000440393658723473,0.0385119214209524,0.00176354057123778,0.414817815319111,4.46425351649325,4.77188540360787,1,0.1,1.5
2018,131,0.000146515921881598,0.000430399996093564,0.0380978823867947,0.00172273445380387,0.409990993307335,4.84963401760339,5.1818763969152,1,0.1,1.5
2018,130,0.00014149865906934,0.000420434464666,0.0376699800754325,0.00168207914251046,0.405028179876228,5.23063249544375,5.58690457679143,1,0.1,1.5
2018,129,0.000136750235990154,0.000410479453094521,0.0372261745030793,0.00164150418574126,0.399907766182035,5.60709020182948,5.98681234297347,1,0.1,1.5
2018,128,0.000132231556919646,0.000400503034659652,0.036763000578375,0.00160088208387005,0.394592934556913,5.97881339233111,6.38140527753038,1,0.1,1.5
2018,127,0.000127901810290195,0.000390463203349443,0.0362758668862736,0.00156004536202845,0.389034931084449,6.34556196110086,6.77044020861483,1,0.1,1.5
2018,126,0.000123720720195679,0.000380288318175944,0.0357571345531953,0.00151870859369804,0.383152546246672,6.70701867029471,7.1535927548615,1,0.1,1.5
2018,125,0.000119639214928724,0.000369915164731947,0.0351995583472907,0.0014766206085616,0.376869074719154,7.06279316489155,7.53046182958066,1,0.1,1.5
2018,124,0.000115618214799231,0.000359180499014625,0.0345858328679273,0.00143313174132423,0.370000523069631,7.41232037737084,7.90046235265029,1,0.1,1.5
2018,123,0.000111579602478561,0.000348077711139065,0.0339130741773805,0.0013882182735068,0.362517594908374,7.75500628265769,8.26297994755866,1,0.1,1.5
2018,122,0.00010752209555898,0.000336204421184651,0.0331391151237565,0.0013402790656633,0.35397172064164,8.08983115950414,8.6169516682003,1,0.1,1.5
2018,121,0.00010328346784524,0.000324669439720637,0.0323711094282149,0.00129373677090074,0.345508598194597,8.41685780382872,8.9624602663949,1,0.1,1.5
2018,120,9.93221297968307e-05,0.00031505647646796,0.0317706775481879,0.00125489563313709,0.338850635473143,8.73778135882848,9.30131090186804,1,0.1,1.5
2018,119,9.62260267864903e-05,0.00030729486639881,0.0313387778252092,0.00122346132713699,0.334002896559704,9.05430623642908,9.63531379842775,1,0.1,1.5
2018,118,9.39093157359198e-05,0.000301290723562271,0.0310737070305885,0.00119904791170434,0.330941839633489,9.36811882018108,9.96625563806123,1,0.1,1.5
2018,117,9.22954497642281e-05,0.000296903781277184,0.0309685460382015,0.00118108580302424,0.329588682823547,9.68083484867571,10.2958443208848,1,0.1,1.5
2018,116,9.13096760748181e-05,0.000293960228044345,0.0310122701700807,0.00116887313613322,0.32982136475768,9.99395802577435,10.6256656856425,1,0.1,1.5
2018,115,9.08799205917309e-05,0.000292213980514135,0.0311854026860284,0.00116142211191954,0.331428497735147,10.3087947790535,10.9570941833776,1,0.1,1.5
2018,114,9.09181511776128e-05,0.000291419381672495,0.0314673892821636,0.0011577484482855,0.334187962286082,10.6264434777926,11.2912821456637,1,0.1,1.5
2018,113,9.13426677909883e-05,0.00029116216010552,0.0318179714023093,0.00115620028068189,0.337669377602893,10.9475957085287,11.6289515232666,1,0.1,1.5
2018,112,9.20091095629163e-05,0.000291228801548363,0.0322168528222637,0.00115592585363044,0.34165538212493,11.2727378641732,11.9706069053915,1,0.1,1.5
2018,111,9.28453480993618e-05,0.000290898248702662,0.0325852973638705,0.00115406212220646,0.345310454770271,11.6015617171976,12.3159173601618,1,0.1,1.5
2018,110,9.35740399939811e-05,0.000291236801436335,0.033043666301144,0.00115483855334616,0.349909107338363,11.9349731309167,12.6658264675001,1,0.1,1.5
2018,109,9.46190478656791e-05,0.000294176135972226,0.0338204613057582,0.00116590278666826,0.357865207877809,12.2761825846993,13.023691675378,1,0.1,1.5
2018,108,9.68099325605506e-05,0.000299763784715098,0.0349391365748267,0.00118742000388979,0.36941668646317,12.6286361282498,13.3931083618411,1,0.1,1.5
2018,107,0.000100297303143751,0.00030800287363684,0.0364207840302388,0.00121937654755416,0.384774398872579,12.9959908621573,13.7778827607137,1,0.1,1.5
2018,106,0.000105278796428683,0.000318805580206433,0.0382788811091548,0.00126139545666674,0.404066987853138,13.3820379149152,14.1819497485668,1,0.1,1.5
2018,105,0.00011200539294908,0.000331951872961114,0.0405141837428692,0.00131257364209928,0.427287078450259,13.7905739413354,14.6092368270171,1,0.1,1.5
2018,104,0.000120785541874898,0.000347046099674699,0.0431086216618169,0.00137131152215807,0.454227365911757,14.2252111426449,15.0634641929289,1,0.1,1.5
2018,103,0.00013198617346202,0.000363470774424051,0.046017705576807,0.00143513301403634,0.484401654495138,14.6891108969396,15.547865847424,1,0.1,1.5
2018,102,0.000146022023884342,0.000380369836698104,0.0491650611167325,0.00150062379765303,0.516989140373843,15.1846625544898,16.0648549877978,1,0.1,1.5
2018,101,0.000163340102769242,0.000396629773589662,0.0524348309382348,0.00156336320183106,0.550757260546249,15.7130860550099,16.6156122483441,1,0.1,1.5
2018,100,0.000184356430157904,0.000411012973594116,0.0556823931292184,0.00161845793116131,0.584177792902915,16.2741430203248,17.199790041247,1,0.1,1.5
2018,99,0.000209462986364965,0.000422090363459101,0.058717473206814,0.00166028532031489,0.615253639412425,16.8656782980184,17.8150436806594,1,0.1,1.5
2018,98,0.00023869867776749,0.000429329536751512,0.0614509159103563,0.00168677775505023,0.643058411995069,17.4846398849413,18.4581020926545,1,0.1,1.5
2018,97,0.000273545078180885,0.000431619370579675,0.0636892419605567,0.00169361780404995,0.665585516754674,18.1260308616382,19.1236876094092,1,0.1,1.5
2018,96,0.000315752856364506,0.000427177318653592,0.0650981880836791,0.00167389836508978,0.679376989714567,18.7814950175657,19.8030645991237,1,0.1,1.5
2018,95,0.00036499349100484,0.000416525830188575,0.0656497886133419,0.00162979065816018,0.68418919711731,19.442401490995,20.487253796241,1,0.1,1.5
2018,94,0.000419058236425454,0.00040499775109629,0.0661072404549804,0.00158224828656604,0.688005301169327,20.1078032452134,21.1752590974104,1,0.1,1.5
2018,93,0.000482448475944876,0.000393080082248087,0.0665401796697873,0.00153318545770361,0.691556879233417,20.7774574750511,21.8668159766438,1,0.1,1.5
2018,92,0.00060299185065275,0.000380809662965818,0.066948293719138,0.00148275056350177,0.694875179295308,21.4511505034392,22.5616911559391,1,0.1,1.5
2018,91,0.000790773523234668,0.000368211257465713,0.0673320928475872,0.00143104437968846,0.697973714537759,22.1286807268386,23.2596648704769,1,0.1,1.5
2018,90,0.0010414617850305,0.000355303805769382,0.0676921436195326,0.00137814474281155,0.700856564149872,22.8098495089483,23.9605214346267,1,0.1,1.5
2018,89,0.00134841444488856,0.000342107163012121,0.0680293943802661,0.00132413285151658,0.703530141989135,23.4944634673443,24.6640515766159,1,0.1,1.5
2018,88,0.00170280607384191,0.000328641648321544,0.0683451389520446,0.00126909146263395,0.706002888090517,24.1823364773972,25.3700544647064,1,0.1,1.5
2018,87,0.00209388679772291,0.00031491043145499,0.0686371205981816,0.00121303707876494,0.708245335953394,24.8732527122254,26.0782998006598,1,0.1,1.5
2018,86,0.00252911276352324,0.000300922283845892,0.0689023978150229,0.00115600830282739,0.710233680490476,25.5669719883898,26.7885334811502,1,0.1,1.5
2018,85,0.00302291307004381,0.000286705339883556,0.0691416910099821,0.0010981182657986,0.711986642675808,26.2632712272684,27.5005201238261,1,0.1,1.5
2018,84,0.00357226601493947,0.000272280707012497,0.0693555200358641,0.00103945271462673,0.71350884260006,26.9619307453738,28.2140289664261,1,0.1,1.5
2018,83,0.00417217271569693,0.000257669938829347,0.069544757952929,0.000980098851264608,0.714807139555638,27.6627364727685,28.9288361059818,1,0.1,1.5
2018,82,0.00481565734026768,0.000242894730825476,0.0697106331422848,0.000920144104321723,0.715890632733973,28.3654821897265,29.6447267387157,1,0.1,1.5
2018,81,0.00549378725136755,0.000227976553493052,0.0698547104602957,0.000859674668204524,0.716770461660769,29.0699715846986,30.3614972003765,1,0.1,1.5
2018,80,0.00617346163419549,0.000212929706877068,0.0699780867390011,0.000798749446669333,0.717436511929235,29.7759973902469,31.0789337123057,1,0.1,1.5
2018,79,0.00684460455639497,0.00019777689554487,0.0700830071604612,0.000737458823341225,0.717906036312056,30.4833683005112,31.7968397486178,1,0.1,1.5
2018,78,0.00751361466098227,0.00018254392766525,0.0701726024869156,0.000675903873060139,0.718216310201608,31.1919288410977,32.5150560588194,1,0.1,1.5
2018,77,0.00816621169751122,0.000167248422531189,0.0702495171147567,0.000614154123653976,0.718385426842466,31.9015406376022,33.2334414856619,1,0.1,1.5
2018,76,0.0087871703769529,0.000151906143997038,0.0703164924339668,0.000552271504224076,0.71843169228176,32.6120827369665,33.9518731779436,1,0.1,1.5
2018,75,0.00936087758225378,0.000136519634747819,0.0703700834765719,0.000490269824894801,0.718310470809387,33.3233893531345,34.670183648753,1,0.1,1.5
2018,74,0.00990134123530219,0.000121098721907681,0.070406400096775,0.000428190844627666,0.717992894409804,34.0352652354782,35.3881765431628,1,0.1,1.5
2018,73,0.0104302392195847,0.000105664963000845,0.0704272858933414,0.000366118219196735,0.717513261650718,34.7475482368547,36.1056898048135,1,0.1,1.5
2018,72,0.010943330463636,9.02330442967491e-05,0.0704335699806185,0.000304110138445579,0.716878014440799,35.4600818207463,36.8225678192543,1,0.1,1.5
2018,71,0.0114363299740136,7.48169742102056e-05,0.0704261039998732,0.000242221959966488,0.716093743437317,36.1727152504698,37.5386615626917,1,0.1,1.5
2018,70,0.0119049406274879,5.9430053330193e-05,0.07040575469287,0.000180506100481282,0.715167133125298,36.8853037250168,38.253828695817,1,0.1,1.5
2018,69,0.0123448861905648,4.40848534810548e-05,0.0703733958783854,0.000119011964032004,0.71410490236045,37.5977084564625,38.9679335981774,1,0.1,1.5
2018,68,0.0127519454795913,2.87932066644724e-05,0.0703299002029175,5.77859099607086e-05,0.712913744081653,38.3097966875447,39.6808473422591,1,0.1,1.5
2018,67,0.0131219875903563,1.3566203966548e-05,0.0702761307097458,6.11021000933298e-06,0.711732249578447,39.0214416484087,40.3925795918375,1,0.1,1.5
2018,66,0.0134510081719988,1.23644758498895e-06,0.0702157552802821,0,0.711137256060004,39.7325789044687,41.1037168478975,1,0.1,1.5
2018,65,0.0137351630507112,8.21489449046893e-09,0.0701612443230296,0,0.710769300746382,40.4433482052151,41.8144861486439,1,0.1,1.5
2018,64,0.0139708242108946,4.55754867865292e-11,0.070114343490154,0,0.710457318164558,41.1538055233797,42.5249434668085,1,0.1,1.5
2018,63,0.0141566193856268,1.83468387017532e-13,0.0700748617285312,0,0.710186363544231,41.8639918869239,43.2351298303527,1,0.1,1.5
2018,62,0.0142935557971787,5.63747938855086e-16,0.0700429288352529,0,0.709958325550653,42.5739502124745,43.9450881559033,1,0.1,1.5
2018,61,0.0143819976631218,3.878756496068e-18,0.0700185622467092,0,0.709773620909173,43.2837238333837,44.6548617768125,1,0.1,1.5
2018,60,0.014422593205688,2.40391983070605e-20,0.0700015502657778,0,0.709630564794903,43.9933543981786,45.3644923416074,1,0.1,1.5
2018,59,0.0144162531860736,1.21660147086988e-22,0.0699917366012395,0,0.709528201469777,44.7028825996484,46.0740205430772,1,0.1,1.5
2018,58,0.014364130186679,4.00853244164707e-25,0.0699889197865877,0,0.709465284656997,45.4123478843054,46.7834858277342,1,0.1,1.5
2018,57,0.0142675880575216,4.60755130122974e-28,0.0699930829738578,0,0.709442555110259,46.1217904394156,47.4929283828445,1,0.1,1.5
2018,56,0.0141281581999049,2.1096458168401e-30,0.070003380988466,0,0.70945258201793,46.8312430214336,48.2023809648624,1,0.1,1.5
2018,55,0.0139511180168428,7.06619699263611e-33,0.0700245427136185,0,0.709546172480747,47.5407891939143,48.9119271373431,1,0.1,1.5
2018,54,0.0137134382863921,6.1113422076571e-36,0.0704487437128372,0,0.7136297293193,48.2544189232336,49.6255568666624,1,0.1,1.5
2018,53,0.0115438072833821,1.40341027259922e-38,0.0703415354386606,0,0.71111122590886,48.9655301491425,50.3366680925713,1,0.1,1.5
2018,52,0.230876145667642,2.13298424694531e-41,1.25537465206924,0,12.7076639511375,61.67319410028,63.0443320437088,20,0.1,1.5
2018,51,0.230876145667642,4.98945343336925e-98,1.06318264854169,0,10.785743915862,72.458938016142,73.8300759595708,20,0.1,1.5
2018,50,0.230876145667642,5.40973240719212e-128,1.17866254565169,0,11.9405428869619,84.3994809031039,85.7706188465327,20,0.1,1.5
2018,49,0.230876145667642,7.7584345094658e-162,1.29931726429218,0,13.1470900733669,97.5465709764708,98.9177089198997,20,0.1,1.5
2018,48,0.230876145667642,4.0336267244208e-184,1.38539045326866,0,14.0078219631317,111.554392939603,112.925530883031,20,0.1,1.5
2018,47,0.230876145667642,3.5675475847652e-186,1.38926608654895,0,14.0465782959346,125.600971235537,126.972109178966,20,0.1,1.5
2018,46,0.230876145667642,3.56754758476525e-226,1.38649019239833,0,14.0188193544284,139.619790589966,140.990928533394,20,0.1,1.5
2018,45,0.230876145667642,3.56754758476529e-266,1.38371984476497,0,13.9911158780948,153.61090646806,154.982044411489,20,0.1,1.5
2018,44,0.230876145667642,3.56754758476534e-306,1.38095503256638,0,13.9634677561089,167.574374224169,168.945512167598,20,0.1,1.5
2018,43,0.230876145667642,0,1.37819574474219,0,13.935874877867,181.510249102036,182.881387045465,20,0.1,1.5
2018,42,0.230876145667642,0,1.37544197025414,0,13.9083371329865,195.418586235023,196.789724178452,20,0.1,1.5
2018,41,0.230876145667642,0,1.37269369808604,0,13.8808544113055,209.299440646328,210.670578589757,20,0.1,1.5
2018,40,0.230876145667642,0,1.36995091724369,0,13.853426602882,223.15286724921,224.524005192639,20,0.1,1.5
2018,39,0.230876145667642,0,1.36721361675486,0,13.8260535979937,236.978920847204,238.350058790633,20,0.1,1.5
2018,38,0.230876145667642,0,1.36448178566926,0,13.7987352871377,250.777656134342,252.14879407777,20,0.1,1.5
2018,37,0.230876145667642,0,1.36175541305847,0,13.7714715610298,264.549127695371,265.9202656388,20,0.1,1.5
2018,36,0.230876145667642,0,1.3590344880159,0,13.7442623106041,278.293390005976,279.664527949404,20,0.1,1.5
2018,35,0.230876145667642,0,1.35631899965675,0,13.7171074270126,292.010497432988,293.381635376417,20,0.1,1.5
2018,34,0.230876145667642,0,1.35360893711799,0,13.690006801625,305.700504234613,307.071642178042,20,0.1,1.5
2018,33,0.230876145667642,0,1.35090428955828,0,13.6629603260279,319.363464560641,320.73460250407,20,0.1,1.5
2018,32,0.230876145667642,0,1.34820504615793,0,13.6359678920244,332.999432452666,334.370570396094,20,0.1,1.5
2018,31,0.230876145667642,0,1.34551119611891,0,13.6090293916341,346.6084618443,347.979599787728,20,0.1,1.5
2018,30,0.230876145667642,0,1.34282272866471,0,13.5821447170922,360.190606561392,361.561744504821,20,0.1,1.5
2018,29,0.230876145667642,0,1.3401396330404,0,13.5553137608491,373.745920322241,375.11705826567,20,0.1,1.5
2018,28,0.230876145667642,0,1.33746189851251,0,13.5285364155702,387.274456737811,388.64559468124,20,0.1,1.5
2018,27,0.230876145667642,0,1.33478951436903,0,13.5018125741354,400.776269311947,402.147407255375,20,0.1,1.5
2018,26,0.230876145667642,0,1.33212246991936,0,13.4751421296387,414.251411441585,415.622549385014,20,0.1,1.5
2018,25,0.230876145667642,0,1.32946075449424,0,13.4485249753875,427.699936416973,429.071074360401,20,0.1,1.5
2018,24,0.230876145667642,0,1.32680435744574,0,13.4219610049025,441.121897421875,442.493035365304,20,0.1,1.5
2018,23,0.230876145667642,0,1.32415326814721,0,13.3954501119172,454.517347533793,455.888485477221,20,0.1,1.5
2018,22,0.230876145667642,0,1.32150747599324,0,13.3689921903775,467.88633972417,469.257477667599,20,0.1,1.5
2018,21,0.230876145667642,0,1.31886697039958,0,13.3425871344409,481.228926858611,482.60006480204,20,0.1,1.5
2018,20,0.230876145667642,0,1.31623174080315,0,13.3162348384766,494.545161697088,495.916299640516,20,0.1,1.5
2018,19,0.230876145667642,0,1.31360177666199,0,13.289935197065,507.835096894153,509.206234837581,20,0.1,1.5
2018,18,0.230876145667642,0,1.31097706745517,0,13.2636881049968,521.098784999149,522.469922942578,20,0.1,1.5
2018,17,0.230876145667642,0,1.30835760268281,0,13.2374934572732,534.336278456423,535.707416399851,20,0.1,1.5
2018,16,0.230876145667642,0,1.30574337186599,0,13.211351149105,547.547629605528,548.918767548956,20,0.1,1.5
2018,15,0.230876145667642,0,1.30313436454675,0,13.1852610759126,560.73289068144,562.104028624869,20,0.1,1.5
2018,14,0.230876145667642,0,1.30053057028801,0,13.1592231333252,573.892113814765,575.263251758194,20,0.1,1.5
2018,13,0.230876145667642,0,1.29793197867355,0,13.1332372171806,587.025351031946,588.396488975375,20,0.1,1.5
2018,12,0.230876145667642,0,1.29533857930794,0,13.1073032235245,600.13265425547,601.503792198899,20,0.1,1.5
2018,11,0.230876145667642,0,1.29275036181657,0,13.0814210486108,613.214075304081,614.58521324751,20,0.1,1.5
2018,10,0.230876145667642,0,1.29016731584552,0,13.0555905889003,626.269665892981,627.64080383641,20,0.1,1.5
2018,9,0.230876145667642,0,1.28758943106156,0,13.0298117410607,639.299477634042,640.670615577471,20,0.1,1.5
2018,8,0.230876145667642,0,1.28501669715213,0,13.0040844019664,652.303562036008,653.674699979437,20,0.1,1.5
2018,7,0.230876145667642,0,1.28244910382525,0,12.9784084686976,665.281970504706,666.653108448135,20,0.1,1.5
2018,6,0.230876145667642,0,1.27988664080953,0,12.9527838385404,678.234754343246,679.605892286675,20,0.1,1.5
2018,5,0.230876145667642,0,1.27732929785407,0,12.9272104089858,691.161964752232,692.533102695661,20,0.1,1.5
2018,4,0.230876145667642,0,1.27477706472849,0,12.90168807773,704.063652829962,705.434790773391,20,0.1,1.5
2018,3,0.230876145667642,0,1.27222993122283,0,12.8762167426734,716.939869572635,718.311007516064,20,0.1,1.5
2018,2,0.0115438072833821,0,0.000540588054868484,0,0.0131017520709396,716.952971324706,718.324109268135,1,0.1,1.5
2018,1,150,0,1.28443842020358,0,112.844384202036,829.797355526742,831.168493470171,99999,0.1,1.5
