# List of the entries in bety table `schema_migrations` that are known to this
# version of PEcAn.settings. If a live query returns entries not in this table,
# we may wish to warn about a potential mismatch between package and database.
#
# TODO: Would it make sense to move this, and the checks it supports, to PEcAn.DB?
.known_bety_migrations <- c(
	"1",
	"20130104205059",
	"20130104211901",
	"20130104211946",
	"20130109205535",
	"20130222222929",
	"20130425152503",
	"20130624001504",
	"20130629205658",
	"20130707190720",
	"20130717162614",
	"20130813212131",
	"20130829162053",
	"20150904184512",
	"20130830184559",
	"20140418005637",
	"20140422155957",
	"20140423220457",
	"20140506210037",
	"20140515205254",
	"20140521180349",
	"20140604192901",
	"20140617163304",
	"20140610210928",
	"20140621060009",
	"20140623004229",
	"20140624185610",
	"20140708232320",
	"20140729045640",
	"20151007174432",
	"20151011190026",
	"20140904220035",
	"20140904221818",
	"20140909212759",
	"20140915153555",
	"20141009160121",
	"20141208165401",
	"20141211220550",
	"20150202215147",
	"20150202220519",
	"20150213162341",
	"20150313165132",
	"20150521211114",
	"20150624220952",
	"20150624222656",
	"20150625184958",
	"20151014182146",
	"20160303221049",
	"20160412030352",
	"20160523165531",
	"20160617133217",
	"20160711231257",
	"20160720182233",
	"20160930213737",
	"20161003180105",
	"20161005181021",
	"20161129192658",
	"20170118205944",
	"20170415183619",
	"20170712171513",
	"20180510184222",
	"20181129000515",
	"20200329233137")
